1.000000000000000056e-01 1.605257853522997991e+00 9.710287383664711891e-01
1.028073223830865274e-01 1.647759277508141551e+00 9.441412503945390000e-01
1.056934553557988404e-01 1.686242215369543995e+00 9.169267611217116754e-01
1.086606113854597377e-01 1.724467951926418996e+00 8.893157132049563929e-01
1.117110650504824082e-01 1.762972209263454770e+00 8.605221180387060409e-01
1.148471547840289458e-01 1.797201465583248448e+00 8.332950283857381013e-01
1.180712846666190086e-01 1.830432747435949636e+00 8.031758336333332249e-01
1.213859262690628188e-01 1.862878878257739901e+00 7.695272086638829112e-01
1.247936205471311122e-01 1.892143638301139186e+00 7.328407381400344756e-01
1.282969797894147890e-01 1.919024407698251888e+00 6.964565790101650000e-01
1.318986896198670322e-01 1.943180699376469089e+00 6.606011557210017537e-01
1.356015110565633730e-01 1.963635139195893942e+00 6.234060963620982054e-01
1.394082826282578291e-01 1.979855367664231203e+00 5.858670853460525851e-01
1.433219225503574168e-01 1.988524401774544259e+00 5.419840956878569926e-01
1.473454309619835478e-01 1.987457451139756692e+00 4.904289058570334148e-01
1.514818922258346079e-01 1.984123819011892387e+00 4.437987384514913702e-01
1.557344772926134713e-01 1.981493440597800637e+00 4.023483605523369699e-01
1.601064461318317811e-01 1.975975299443888611e+00 3.681737444963208983e-01
1.646011502308550867e-01 1.953237820432934591e+00 3.500558849755673330e-01
1.692220351641037235e-01 1.930986465449919587e+00 3.333580050328709965e-01
1.739726432343801643e-01 1.909000735354761558e+00 3.223208747396736351e-01
1.788566161883461680e-01 1.893789465723941134e+00 3.205296599763711729e-01
1.838776980082327817e-01 1.897235669215320275e+00 3.327188263525918677e-01
1.890397377819221236e-01 1.911667755037661731e+00 3.302658451864968203e-01
1.943466926536021044e-01 1.921464052166369507e+00 3.147524529813557903e-01
1.998026308572550258e-01 1.924786999566071133e+00 2.959246440419030511e-01
2.054117348353065031e-01 1.928877219377038488e+00 2.809836362233241180e-01
2.111783044448243829e-01 1.931855440024075277e+00 2.643865329416082988e-01
2.171067602537265495e-01 1.931011722222621962e+00 2.454100699862827861e-01
2.232016469295234062e-01 1.925561780532082379e+00 2.256196264788504491e-01
2.294676367231936465e-01 1.917994327192331205e+00 2.086198078772317499e-01
2.359095330508635679e-01 1.908912525126505555e+00 1.959309677239863268e-01
2.425322741760353173e-01 1.898866716628267559e+00 1.873872800544418848e-01
2.493409369951879173e-01 1.889831092317312944e+00 1.818549532637830368e-01
2.563407409296515338e-01 1.883391182395653729e+00 1.778995895264498805e-01
2.635370519267394296e-01 1.880491180558292896e+00 1.743007756468593905e-01
2.709353865732052058e-01 1.879017903603986905e+00 1.698052918650573284e-01
2.785414163241767826e-01 1.877873574234297349e+00 1.636775383366583514e-01
2.863609718508116075e-01 1.876032598937298124e+00 1.557267687668299483e-01
2.944000475100034819e-01 1.873284838410277597e+00 1.467992117282601872e-01
3.026648059395691814e-01 1.867639970342661826e+00 1.382262685717245421e-01
3.111615827824361080e-01 1.859610723665489518e+00 1.319619373418979280e-01
3.198968915434537430e-01 1.851418654422478660e+00 1.289849137011648272e-01
3.288774285825511456e-01 1.845683644689876113e+00 1.280958091268917798e-01
3.381100782480685463e-01 1.841335015240864070e+00 1.276562475596014212e-01
3.476019181541978864e-01 1.837853862339644540e+00 1.272836802619264907e-01
3.573602246065787358e-01 1.835004886770154497e+00 1.268658724507805979e-01
3.673924781802074824e-01 1.832854353038809059e+00 1.263304543047431561e-01
3.777063694539367633e-01 1.831015208837480923e+00 1.258385993044551787e-01
3.883098049059605650e-01 1.829323076451722985e+00 1.254237145613219806e-01
3.992109129748052654e-01 1.827788622515231332e+00 1.251203799352919033e-01
4.104180502904710703e-01 1.826643507447006654e+00 1.249534905661901091e-01
4.219398080805025764e-01 1.825911729595546928e+00 1.249030608858598956e-01
4.337850187558989212e-01 1.825432384191193469e+00 1.248826579191131825e-01
4.459627626819093194e-01 1.825165441619045259e+00 1.248045738178591157e-01
4.584823751389096036e-01 1.825125112534520033e+00 1.246244863083608989e-01
4.713534534786909536e-01 1.825260466223488365e+00 1.243587518713826778e-01
4.845858644816496419e-01 1.825350374710322576e+00 1.241319724397707408e-01
4.981897519205162883e-01 1.825407110651535270e+00 1.241012460969527637e-01
5.121755443364240934e-01 1.825736564259639927e+00 1.242717076027546053e-01
5.265539630332757293e-01 1.826511437966628293e+00 1.245326180548185502e-01
5.413360302965379844e-01 1.827736308191646897e+00 1.246176090417756982e-01
5.565330778427648450e-01 1.829121720394506045e+00 1.242361477368908451e-01
5.721567555063250543e-01 1.830344601874004828e+00 1.234225137646743076e-01
5.882190401699957105e-01 1.831297220078541343e+00 1.224586471462664056e-01
6.047322449462647631e-01 1.831946349732730406e+00 1.215756849463275752e-01
6.217090286163827750e-01 1.832388114684033953e+00 1.209595994160024002e-01
6.391624053344003853e-01 1.832853759533925597e+00 1.205818076411816625e-01
6.571057546036271901e-01 1.833479081032049152e+00 1.202547250911514404e-01
6.755528315331643663e-01 1.833992648923143509e+00 1.199936986708012299e-01
6.945177773823697498e-01 1.834414866681466139e+00 1.199846080752508815e-01
7.140151304013401257e-01 1.834943854456876355e+00 1.202751602393955233e-01
7.340598369757213026e-01 1.835755664976012946e+00 1.207050265811521472e-01
7.546672630843892504e-01 1.836800538949307837e+00 1.211206805460275510e-01
7.758532060787837192e-01 1.837925500939844747e+00 1.214247697279469129e-01
7.976339067929277826e-01 1.838938520421703693e+00 1.216761032309116169e-01
8.200260619934133244e-01 1.839836279484859949e+00 1.221453440777439114e-01
8.430468371788969462e-01 1.840989911727135997e+00 1.229809339084084879e-01
8.667138797389232208e-01 1.842540977333690710e+00 1.239785420249755049e-01
8.910453324821516752e-01 1.844439165377622647e+00 1.249082279595410544e-01
9.160598475443708644e-01 1.846652001344929683e+00 1.256464897567758643e-01
9.417766006869522366e-01 1.849094942579534662e+00 1.260997872918110108e-01
9.682153059967083530e-01 1.851550279713715552e+00 1.262204946225846947e-01
9.953962309984236700e-01 1.853998796592068121e+00 1.260446738453238624e-01
1.023340212191641951e+00 1.856237157990333841e+00 1.256182458215627518e-01
1.052068671023623336e+00 1.858071467052081038e+00 1.250079411648108985e-01
1.081603630310710384e+00 1.859696250719236499e+00 1.245431636379693285e-01
1.111967731120699243e+00 1.860982269823455937e+00 1.242992800128509823e-01
1.143184250129150037e+00 1.862338278383416812e+00 1.244287358789978454e-01
1.175277117462945498e+00 1.863797153937902351e+00 1.247066333654909542e-01
1.208270935044776895e+00 1.865483023891724823e+00 1.251553560061195725e-01
1.242190995452617353e+00 1.867335153679995141e+00 1.255048665226169424e-01
1.277063301308643872e+00 1.869289594263608967e+00 1.257770804639178619e-01
1.312914585212465290e+00 1.871283572321567501e+00 1.259966770303047323e-01
1.349772330233942386e+00 1.873330325772188054e+00 1.261974108124034599e-01
1.387664790981308460e+00 1.875462215059249704e+00 1.263773409276720272e-01
1.426621015260737479e+00 1.877669713925238071e+00 1.264368836083232250e-01
1.466670866343968482e+00 1.879899325970964874e+00 1.263244292718176953e-01
1.507845045861051725e+00 1.882060832121616345e+00 1.260014744579001367e-01
1.550175117335770292e+00 1.883886479590997087e+00 1.254994385128575252e-01
1.593693530381775192e+00 1.885381209523735668e+00 1.251736644344751959e-01
1.638433645577984654e+00 1.886717295263717009e+00 1.255130357250228701e-01
1.684429760042315927e+00 1.888549975757942700e+00 1.261457717801812706e-01
1.731717133723354340e+00 1.891119686750463602e+00 1.263591829692269353e-01
1.780332016430113740e+00 1.893499849280133374e+00 1.259692086503459152e-01
1.830311675620611922e+00 1.895439530578461707e+00 1.253860931320258110e-01
1.881694424970555835e+00 1.897007187532620431e+00 1.249691129515329291e-01
1.934519653744045220e+00 1.898486623574781484e+00 1.249318024021938284e-01
1.988827856988809817e+00 1.900445284388331935e+00 1.250597375272080036e-01
2.044660666579116715e+00 1.902729996997128303e+00 1.246607653836027257e-01
2.102060883130158597e+00 1.904434477226168099e+00 1.236786355480942040e-01
2.161072508808377535e+00 1.905377241978581271e+00 1.229995404498117617e-01
2.221740781062884640e+00 1.906280264469738750e+00 1.229694323047433313e-01
2.284112207303824693e+00 1.907603874530180876e+00 1.231975429472684930e-01
2.348234600554276241e+00 1.909097734154790560e+00 1.232423864824352955e-01
2.414157116103019085e+00 1.910569965915515089e+00 1.230976288554405801e-01
2.481930289186255578e+00 1.911987768812490884e+00 1.227578799450306235e-01
2.551606073727185287e+00 1.913182378113627680e+00 1.222893414000805756e-01
2.623237882163122592e+00 1.914059757769571934e+00 1.218146982517038235e-01
2.696880626390692814e+00 1.914597961644986190e+00 1.214634254581865719e-01
2.772590759860483089e+00 1.914820738159674685e+00 1.213947427020374559e-01
2.850426320853435058e+00 1.914958621173467934e+00 1.218499487827974376e-01
2.930446976972143514e+00 1.915329250681851558e+00 1.228772223745250858e-01
3.012714070881164830e+00 1.916139803249381934e+00 1.241729930144716554e-01
3.097290667331408898e+00 1.917562553847808049e+00 1.252773311317312566e-01
3.184241601504652408e+00 1.919297645839069366e+00 1.259479615457163304e-01
3.273633528715245156e+00 1.920866450570086315e+00 1.261041746938208474e-01
3.365534975507094018e+00 1.921861522443101711e+00 1.260948706795405327e-01
3.460016392185110146e+00 1.922774127239250008e+00 1.264333199612203140e-01
3.557150206821385385e+00 1.924173856631840485e+00 1.266906181870643688e-01
3.657010880777491035e+00 1.925575134030986124e+00 1.262249252891748386e-01
3.759674965785466672e+00 1.926061116092717462e+00 1.253876847972462683e-01
3.865221162631263141e+00 1.925946336768935341e+00 1.248992411906055672e-01
3.973730381485607754e+00 1.925707680945190514e+00 1.248215976659733384e-01
4.085285803928562665e+00 1.925711158590234451e+00 1.249935117122106532e-01
4.199972946715305078e+00 1.925656424517707466e+00 1.251147817838929033e-01
4.317879727332022632e+00 1.925479685688493037e+00 1.248780691216084121e-01
4.439096531392169531e+00 1.925119715101973883e+00 1.242665514449955017e-01
4.563716281924760310e+00 1.924391772895827080e+00 1.235170060840835721e-01
4.691834510607797881e+00 1.922952498063565718e+00 1.228218190372656476e-01
4.823549431001469046e+00 1.920706932134504497e+00 1.223152881136636422e-01
4.958962013837215466e+00 1.918270580660690561e+00 1.219848128122625469e-01
5.098176064420425924e+00 1.915663993477703997e+00 1.217935929213704721e-01
5.241298302206060633e+00 1.912800188230927789e+00 1.216810637052158500e-01
5.388438442608225465e+00 1.908669343660118090e+00 1.216938549472736525e-01
5.539709281106405037e+00 1.904108713668633879e+00 1.217130070754983001e-01
5.695226779712826648e+00 1.899141931357603896e+00 1.219698021088362755e-01
5.855110155867242483e+00 1.893901719945024764e+00 1.225977147135217660e-01
6.019481973827275567e+00 1.886429487848956699e+00 1.235633301010528179e-01
6.188468238624388107e+00 1.878786175789126656e+00 1.247583228813505668e-01
6.362198492657491045e+00 1.870974043287542132e+00 1.261295460012701874e-01
6.540805914998258253e+00 1.862868599727612873e+00 1.277110311393499786e-01
6.724427423484250710e+00 1.847908584781796648e+00 1.301682464591178978e-01
6.913203779678127603e+00 1.831006814811530381e+00 1.332429265563973841e-01
7.107279696773415090e+00 1.814097558043632707e+00 1.364748584688525168e-01
7.306803950529499048e+00 1.796905291176007502e+00 1.396168379990239961e-01
7.511929493320964824e+00 1.773180025561640560e+00 1.594926842072378892e-01
7.722813571388641662e+00 1.744760159947410516e+00 1.922114076349751288e-01
7.939617845382279882e+00 1.716122016201818035e+00 2.262516861729599316e-01
8.162508514287228678e+00 1.687402279040525643e+00 2.613809527515722486e-01
8.391656442830157658e+00 1.672870129290477514e+00 3.068089443562468377e-01
8.627237292461449769e+00 1.681497187480608391e+00 3.679109265044455124e-01
8.869431656014709731e+00 1.690548043902329267e+00 4.295466708908355913e-01
9.118425196146572986e+00 1.699656911531064019e+00 4.921820167502047871e-01
9.374408787662996900e+00 1.717885019862942508e+00 5.496409657521493797e-01
9.637578663841090076e+00 1.775454822862419846e+00 5.789588727615376795e-01
9.908136566858672722e+00 1.834397126433590541e+00 6.084600430618377631e-01
1.018628990244687671e+01 1.893597553728118887e+00 6.370404388712084254e-01
1.047225189888435004e+01 1.951427653621764957e+00 6.663479028822034689e-01
1.076624177045493269e+01 1.997465144442233109e+00 6.515110700188732062e-01
1.106848488549412579e+01 2.046762935882808776e+00 6.376845410362892430e-01
1.137921293915315069e+01 2.099240542082073446e+00 6.223800157386699672e-01
1.169866413101307501e+01 2.152551271809543643e+00 6.060468787758077625e-01
1.202708334768512088e+01 2.178464610859383477e+00 5.745763771823765298e-01
1.236472235053715707e+01 2.199861505265322759e+00 5.369877932527948872e-01
1.271183996869029009e+01 2.222797372875295441e+00 4.940661836000908025e-01
1.306870229743346989e+01 2.242505446863186425e+00 4.469890238457183140e-01
1.343558290220826201e+01 2.230780130350372037e+00 4.155331183440949538e-01
1.381276302832010394e+01 2.197585904165728632e+00 3.972130588365211379e-01
1.420053181653683261e+01 2.164043342592414820e+00 3.803754875800893775e-01
1.459918652473979250e+01 2.130358790258950474e+00 3.639636956865671125e-01
1.500903275579735663e+01 2.103267584689564096e+00 3.634033628267554494e-01
1.543038469183564132e+01 2.086609475773796962e+00 3.888733178152692926e-01
1.586356533508590161e+01 2.069629148129052520e+00 4.150453490391206035e-01
1.630890675549332158e+01 2.052464786088250115e+00 4.420474367290653239e-01
1.676675034527699637e+01 2.040319229628958286e+00 4.708740522525493022e-01
1.723744708063619768e+01 2.051730291265550399e+00 5.052063023183134272e-01
1.772135779080359086e+01 2.063376004779177819e+00 5.404770215186617266e-01
1.821885343465166684e+01 2.075636216746165719e+00 5.767751422073892353e-01
1.873031538506436888e+01 2.088603481159540198e+00 6.138443346490919383e-01
1.925613572129198303e+01 2.119143366442434839e+00 6.282790807005945721e-01
1.979671752951333019e+01 2.150544094251619853e+00 6.425754148610339778e-01
2.035247521183577391e+01 2.182445252866637819e+00 6.572390640713324794e-01
2.092383480396977546e+01 2.214973456535628493e+00 6.723852076589396098e-01
2.151123430182166985e+01 2.240797622093758434e+00 6.779119016825786437e-01
2.211512399725489431e+01 2.265307094461753046e+00 6.808397711008549180e-01
2.273596682327717033e+01 2.290561490282986945e+00 6.838087025293653198e-01
2.337423870891815625e+01 2.316433616742614721e+00 6.868036604985910953e-01
2.403042894406969054e+01 2.339439353251602238e+00 6.877685984867972779e-01
2.470504055456826009e+01 2.360512934577895905e+00 6.871878157831430300e-01
2.539859068780726048e+01 2.382026110984059919e+00 6.865089478260922862e-01
2.611161100917460232e+01 2.403977843996317976e+00 6.858190949790201607e-01
2.684464810961964787e+01 2.425206406671635229e+00 6.845182857602176707e-01
2.759826392466181488e+01 2.444927283430696985e+00 6.821065113004699532e-01
2.837303616516213722e+01 2.465185680831561754e+00 6.796333298034102910e-01
2.916955876018796801e+01 2.485896547182820271e+00 6.770869491633055848e-01
2.998844231231030477e+01 2.506317054029689295e+00 6.741822915837409891e-01
3.083031456568278017e+01 2.523569963679907602e+00 6.698336638392358156e-01
3.169582088726115288e+01 2.541268581507683422e+00 6.654470498131460632e-01
3.258562476153225163e+01 2.559477982202126078e+00 6.609825740450293585e-01
3.350040829913132967e+01 2.578177715696929440e+00 6.563629503762444806e-01
3.444087275973821960e+01 2.592618526823262215e+00 6.518211928814265921e-01
3.540773908965270067e+01 2.607305366169312855e+00 6.471865638533973453e-01
3.640174847446139950e+01 2.622384579013303352e+00 6.424381049401698407e-01
3.742366290721980704e+01 2.637882165210247987e+00 6.375109702783225973e-01
3.847426577258504210e+01 2.653305721442551945e+00 6.323552228004285514e-01
3.955436244734701745e+01 2.668944895604317136e+00 6.270568087460128837e-01
4.066478091781856108e+01 2.684910755805013594e+00 6.216644647946933944e-01
4.180637241455758613e+01 2.701226870556127757e+00 6.161967477344338917e-01
4.298001206490796733e+01 2.716075961347457657e+00 6.099529584228792212e-01
4.418659956385941712e+01 2.729957655669848382e+00 6.031231313320049026e-01
4.542705986374045324e+01 2.744134714053648505e+00 5.962132611313634145e-01
4.670234388327335751e+01 2.758723603787287537e+00 5.892442910967012892e-01
4.801342923653453454e+01 2.772697084361616326e+00 5.821499838643872105e-01
4.936132098237916921e+01 2.785432228259933751e+00 5.748378798358323438e-01
5.074705239490469211e+01 2.798663430477728475e+00 5.673747104468762625e-01
5.217168575554349275e+01 2.812425018610180683e+00 5.596664659761256821e-01
5.363631316739243005e+01 2.826121511268810060e+00 5.516779948781745935e-01
5.514205739240302506e+01 2.837561282685789887e+00 5.434739348696231431e-01
5.669007271207436816e+01 2.849279870412706472e+00 5.347856479553954046e-01
5.828154581230845821e+01 2.861172384517884471e+00 5.255702495582753597e-01
5.991769669310622248e+01 2.873051192765683215e+00 5.158692218810750907e-01
6.159977960380169293e+01 2.881954009547079476e+00 5.066543899693256581e-01
6.332908400455118425e+01 2.890582525701776095e+00 4.973992194142743961e-01
6.510693555481462624e+01 2.899057868367037827e+00 4.884087313031507671e-01
6.693469712958663820e+01 2.908011656418624469e+00 4.798090272771807774e-01
6.881376986415664021e+01 2.915745101706275655e+00 4.721634684443014041e-01
7.074559422819876886e+01 2.923311197807335837e+00 4.642256176204490603e-01
7.273165113001456916e+01 2.930882924000540957e+00 4.559060977373984302e-01
7.477346305177586316e+01 2.938565044241304047e+00 4.475667051745155223e-01
7.687259521663730766e+01 2.945407732810455315e+00 4.399873908798093702e-01
7.903065678861347010e+01 2.951696796706773984e+00 4.327877938350358500e-01
8.124930210614050452e+01 2.958120709991546082e+00 4.253079093336533112e-01
8.353023195026777614e+01 2.964632341004025395e+00 4.175913153372178832e-01
8.587519484845172713e+01 2.970596653263696041e+00 4.104029165345594032e-01
8.828598841495147553e+01 2.975806068697098183e+00 4.043116529501490364e-01
9.076446072885359229e+01 2.981431299177821348e+00 3.981104152026864740e-01
9.331251175078247684e+01 2.987388165997037603e+00 3.914596210879544569e-01
9.593209477938243879e+01 2.993111897183019732e+00 3.848674715155616100e-01
9.862521794868781910e+01 2.997934933618276343e+00 3.799131688341370050e-01
1.013939457675291322e+02 3.003665764237268387e+00 3.747072293498410755e-01
1.042404007021555827e+02 3.009601737937330768e+00 3.684386214522182845e-01
1.071667648032862985e+02 3.015542449657924617e+00 3.615306412519960766e-01
1.101752813788386334e+02 3.020054748264365152e+00 3.554994234598261027e-01
1.132682567136153295e+02 3.024430854772940602e+00 3.498572123566556225e-01
1.164480618372685541e+02 3.029072684580611075e+00 3.440678443667526398e-01
1.197171343418966245e+02 3.033884214529458223e+00 3.381550603515714459e-01
1.230779802506664566e+02 3.038335409900525530e+00 3.331463150317226507e-01
1.265331759388942459e+02 3.042834942807783438e+00 3.281871837324326080e-01
1.300853701090570667e+02 3.047441804100115892e+00 3.228765018230556616e-01
1.337372858212495714e+02 3.052046493745429245e+00 3.170910792243079590e-01
1.374917225806419196e+02 3.056091492089510808e+00 3.116266996898751085e-01
1.413515584835394918e+02 3.059211674500450506e+00 3.065528674909780982e-01
1.453197524236895504e+02 3.061873106849786641e+00 3.016970017429993489e-01
1.493993463605256977e+02 3.064477977403704756e+00 2.975410344876245894e-01
1.535934676510896963e+02 3.067392697815278346e+00 2.944937468660644431e-01
1.579053314474175238e+02 3.071078458444583603e+00 2.923731657171363407e-01
1.623382431612278367e+02 3.075922176864511304e+00 2.895954838191880931e-01
1.668956009978024042e+02 3.081325327530513913e+00 2.857058045574952798e-01
1.715808985610004811e+02 3.086481513233769736e+00 2.806989395949385235e-01
1.763977275314044562e+02 3.090362888941440289e+00 2.753684141908052108e-01
1.813497804196495338e+02 3.092893776780236248e+00 2.701528866536811457e-01
1.864408533970486133e+02 3.094529146223302440e+00 2.658752791759625422e-01
1.916748492056815110e+02 3.096122972893061043e+00 2.629943097727129864e-01
1.970557801501799418e+02 3.098511780784921399e+00 2.620183879457734233e-01
2.025877711735017215e+02 3.102612424543801595e+00 2.611739123154839248e-01
2.082750630190515722e+02 3.107757521214839613e+00 2.593945422772568898e-01
2.141220154815729586e+02 3.113187131187256984e+00 2.564183435881555173e-01
2.201331107493031141e+02 3.118167809983535044e+00 2.531734374368850848e-01
2.263129568399529603e+02 3.122595047124143264e+00 2.497246729300368062e-01
2.326662911331459327e+02 3.126528351378277559e+00 2.464518493784833286e-01
2.391979840020239862e+02 3.130421349343303294e+00 2.436441514240603456e-01
2.459130425468045473e+02 3.134658456105453794e+00 2.413045999255960528e-01
2.528166144331500789e+02 3.139728538899059895e+00 2.388265573875532621e-01
2.599139918382934411e+02 3.145172473080157793e+00 2.354502509193800996e-01
2.672106155079435439e+02 3.150080576077647354e+00 2.316562073327739502e-01
2.747120789270813361e+02 3.154811330722215867e+00 2.287625409552805078e-01
2.824241326078435463e+02 3.160261798978668324e+00 2.263760824403750760e-01
2.903526884977815712e+02 3.166810745848489983e+00 2.224322735260576556e-01
2.985038245118732334e+02 3.172843963098124220e+00 2.168722520012795751e-01
3.068837891917643788e+02 3.177909053616595259e+00 2.106312800661218620e-01
3.154990064958088851e+02 3.182044243646279025e+00 2.047420851287801158e-01
3.243560807235813286e+02 3.185446317366056324e+00 1.988415423661238635e-01
3.334618015786365959e+02 3.188440140744068341e+00 1.930699760255427389e-01
3.428231493733972570e+02 3.191202553842009682e+00 1.873126015813767753e-01
3.524473003801588220e+02 3.193684944699284767e+00 1.822452442553536833e-01
3.623416323323151573e+02 3.195914750594018638e+00 1.772213047028475263e-01
3.725137300800213325e+02 3.197942298476765810e+00 1.722252576742315799e-01
3.829713914046283207e+02 3.199789410500422093e+00 1.672486891551494548e-01
3.937226329963483522e+02 3.201445446343908596e+00 1.627201656451414402e-01
4.047756965997324414e+02 3.202998690298627160e+00 1.583389228386741232e-01
4.161390553316711021e+02 3.204355981219797922e+00 1.539902562324583501e-01
4.278214201767619898e+02 3.205632684769923024e+00 1.496617596430663000e-01
4.398317466650228198e+02 3.206831125721173237e+00 1.456280773738142520e-01
4.521792417370704698e+02 3.207945420625180066e+00 1.418293144067628575e-01
4.648733708020254198e+02 3.209004085085805702e+00 1.380618407740971665e-01
4.779238649935595618e+02 3.209933524984254660e+00 1.343141228555319311e-01
4.913407286296359757e+02 3.210842447937650057e+00 1.307351685219950155e-01
5.051342468816761766e+02 3.211734631303347243e+00 1.274110622782538005e-01
5.193149936590210700e+02 3.212602184934574723e+00 1.241275166284803860e-01
5.338938397147350088e+02 3.213379240075028953e+00 1.208686710616604099e-01
5.488819609789669585e+02 3.214084459000445371e+00 1.176956967082249117e-01
5.642908471262536523e+02 3.214818808038641951e+00 1.148250072611825823e-01
5.801323103833375399e+02 3.215508822410589662e+00 1.119800058622547057e-01
5.964184945842459911e+02 3.216131527070336116e+00 1.091730136311027943e-01
6.131618844795772247e+02 3.216697817081726640e+00 1.063867498151353091e-01
6.303753153071274937e+02 3.217389032113153746e+00 1.038673400352359555e-01
6.480719826311967608e+02 3.217991400513818157e+00 1.013903541104825140e-01
6.662654524581149644e+02 3.218599885489985546e+00 9.893790381603564943e-02
6.849696716357443620e+02 3.219132177180179077e+00 9.651198782491360317e-02
7.041989785449288775e+02 3.219684147855082834e+00 9.426493547759079439e-02
7.239681140910873864e+02 3.220196995009599217e+00 9.208569999348871493e-02
7.442922330043758166e+02 3.220662491446315556e+00 8.993662193098014845e-02
7.651869154570822502e+02 3.221078479334827716e+00 8.781120860120872340e-02
7.866681790071583009e+02 3.221541399527321214e+00 8.578332125932001950e-02
8.087524908770453749e+02 3.222015583118943649e+00 8.383541880385632361e-02
8.314567805772063593e+02 3.222498957470415260e+00 8.190815805434657759e-02
8.547984528840408984e+02 3.222935643326440225e+00 8.000545034002282119e-02
8.787954011821319682e+02 3.223387287903078047e+00 7.815769933880296894e-02
9.034660211810529518e+02 3.223932723247322052e+00 7.638313729382360806e-02
9.288292250172498825e+02 3.224435088375234848e+00 7.463055501004804693e-02
9.549044557518082001e+02 3.224944007301437932e+00 7.289664585370018990e-02
9.817117022752195226e+02 3.225446828130642540e+00 7.120120281380147576e-02
1.009271514630571346e+03 3.225846016734250643e+00 6.961870506758215116e-02
1.037605019766911710e+03 3.226250205117697334e+00 6.805404249251587045e-02
1.066733937734857818e+03 3.226659119317980107e+00 6.650836846325433593e-02
1.096680598336868570e+03 3.227037437727481084e+00 6.497764971064234896e-02
1.127467958244946885e+03 3.227470680934585001e+00 6.350216676421506501e-02
1.159119618598885836e+03 3.227874860126535683e+00 6.204534458674082487e-02
1.191659843098559350e+03 3.228285493482782265e+00 6.060143761408760821e-02
1.225113576604119089e+03 3.228689557189075465e+00 5.917068496075039707e-02
1.259506464258358392e+03 3.229056532960442372e+00 5.785185550039754349e-02
1.294864871145904999e+03 3.229410898282104814e+00 5.657711515481250036e-02
1.331215902504308360e+03 3.229800116427182566e+00 5.531859066972726752e-02
1.368587424502519298e+03 3.230148210173841239e+00 5.407185497336820107e-02
1.407008085602685924e+03 3.230491517711615579e+00 5.286315792678562137e-02
1.446507338521647398e+03 3.230857179891356346e+00 5.168716865217694995e-02
1.487115462808954589e+03 3.231188571820731159e+00 5.052113856029526173e-02
1.528863588058731239e+03 3.231476851993651422e+00 4.936659734964567170e-02
1.571783717773163517e+03 3.231800940972801683e+00 4.825756948754074405e-02
1.615908753895919290e+03 3.232092677211658938e+00 4.722035369988366454e-02
1.661272522034293843e+03 3.232349817442234041e+00 4.619550275023345809e-02
1.707909797389428604e+03 3.232614254461181336e+00 4.517970736070919119e-02
1.755856331414469651e+03 3.232919655672032988e+00 4.417380131837903706e-02
1.805148879221110292e+03 3.233188210746041680e+00 4.317590943970463918e-02
1.855825227755520018e+03 3.233462511238130332e+00 4.218548505961801365e-02
1.907924224765267127e+03 3.233742509806713183e+00 4.120360301685421084e-02
1.961485808579432387e+03 3.234028575946333195e+00 4.022741034918215358e-02
2.016551038724748651e+03 3.234232319519427801e+00 3.936289757287082108e-02
2.073162127401232283e+03 3.234437221989622024e+00 3.850971992028939805e-02
2.131362471841439856e+03 3.234600417299389630e+00 3.766308510039906299e-02
2.191196687578147248e+03 3.234809725263645852e+00 3.682424811456878888e-02
2.252710642645979078e+03 3.235012399617183565e+00 3.600788931058790387e-02
2.315951492743152357e+03 3.235165540180544141e+00 3.520183919835320752e-02
2.380967717380357044e+03 3.235371477338232271e+00 3.440232762253057214e-02
2.447809157044440326e+03 3.235539833413518807e+00 3.360696090223337651e-02
2.516527051405390466e+03 3.235766708112983281e+00 3.286756744522607854e-02
2.587174078595921401e+03 3.236022856065665199e+00 3.217246436468667453e-02
2.659804395593757363e+03 3.236284684844410897e+00 3.148246541580907581e-02
2.734473679737579914e+03 3.236503681901872209e+00 3.079875623969766801e-02
2.811239171408462880e+03 3.236763161124212029e+00 3.013019264783647205e-02
2.890159717909508799e+03 3.236961421944748896e+00 2.948651899948016505e-02
2.971295818577332739e+03 3.237199780831027773e+00 2.884742169350457131e-02
3.054709671159967911e+03 3.237446592029405767e+00 2.821151360747374201e-02
3.140465219496751160e+03 3.237645318303482789e+00 2.759005968622781427e-02
3.228628202536730441e+03 3.237829207824489686e+00 2.702152009386570367e-02
3.319266204733188715e+03 3.237967778000953700e+00 2.645719998597757458e-02
3.412448707852889584e+03 3.238132128958388645e+00 2.589688794929942070e-02
3.508247144239790487e+03 3.238305815725842862e+00 2.533933920107692486e-02
3.606734951574027946e+03 3.238456393943777378e+00 2.478518608835677400e-02
3.707987629168170770e+03 3.238660310565876888e+00 2.423310968722312483e-02
3.812082795843888107e+03 3.238819462377733771e+00 2.368283400361014326e-02
3.919100249433404315e+03 3.239000882305378859e+00 2.313493603665304696e-02
4.029122027951348173e+03 3.239162029063640702e+00 2.264639399821420998e-02
4.142232472483896345e+03 3.239283845658163408e+00 2.217809578789134081e-02
4.258518291843414772e+03 3.239409081818171998e+00 2.171265010736818032e-02
4.378068629038169092e+03 3.239581869596257047e+00 2.124883478857010274e-02
4.500975129608046700e+03 3.239715236444985269e+00 2.079337382323646899e-02
4.627332011878691446e+03 3.239843995231205476e+00 2.034428147841628107e-02
4.757236139187890331e+03 3.239976366876951008e+00 1.989655021267094578e-02
4.890787094139592227e+03 3.240133527128846946e+00 1.945023901407196346e-02
5.028087254942480286e+03 3.240293119060013272e+00 1.902705280168636923e-02
5.169241873891602154e+03 3.240413855465938742e+00 1.864426646060393308e-02
5.314359158053241117e+03 3.240537979475818897e+00 1.826383932485371384e-02
5.463550352214879240e+03 3.240665586001509890e+00 1.788419496365935626e-02
5.616929824163809826e+03 3.240795954883093799e+00 1.750762121739677518e-02
5.774615152359823696e+03 3.240975006737250030e+00 1.713780719755919960e-02
5.936727216069126371e+03 3.241108583858556713e+00 1.676887712176616113e-02
6.103390288028625037e+03 3.241245907893818945e+00 1.640084165747793601e-02
6.274732129711581365e+03 3.241387083953958026e+00 1.603272517239947431e-02
6.450884089267696254e+03 3.241498582936914730e+00 1.570568185358775168e-02
6.631981202212676180e+03 3.241612082652395976e+00 1.538113800136874446e-02
6.818162294944482710e+03 3.241728766244273530e+00 1.505644611252541371e-02
7.009570091165625854e+03 3.241848722649789849e+00 1.473305789742936425e-02
7.206351321293055662e+03 3.242003522558776663e+00 1.443956120049446311e-02
7.408656834939567489e+03 3.242106747946134959e+00 1.415646511287980275e-02
7.616641716552895559e+03 3.242212868848456164e+00 1.387418096206931468e-02
7.830465404301190574e+03 3.242321966473781902e+00 1.359226018157802529e-02
8.050291812295985437e+03 3.242434124143351859e+00 1.331116655566604023e-02
8.276289456246353438e+03 3.242549427817203345e+00 1.302997512249143980e-02
8.508631582640586203e+03 3.242667965704605137e+00 1.274863822882527781e-02
8.747496301554425372e+03 3.242789828507350425e+00 1.246709748154180113e-02
8.993066723187626849e+03 3.242914929226688336e+00 1.219573683955209494e-02
9.245531098233579542e+03 3.243043223708053535e+00 1.194277318750000018e-02
9.505082962189517275e+03 3.243175116918383338e+00 1.168971541203775444e-02
9.771921283718007544e+03 3.243310709840501627e+00 1.143625719641153636e-02
1.004625061717340395e+04 3.243448744108240245e+00 1.118458264126024650e-02
1.032828125941027974e+04 3.243581584355592629e+00 1.094668881302177099e-02
1.061822941099383752e+04 3.243714432948797022e+00 1.071409635800731237e-02
1.091631734193614284e+04 3.243847289897205943e+00 1.048668165200153032e-02
1.122277356208507263e+04 3.243980155210396621e+00 1.026432407256568612e-02
1.153783299629660178e+04 3.244113028898088835e+00 1.004690592368503652e-02
1.186173716452478038e+04 3.244245910970108948e+00 9.834312362357090082e-03
1.219473436696737735e+04 3.244378801436331283e+00 9.626431327069751021e-03
1.253707987440919715e+04 3.244511700306652813e+00 9.423153468119005449e-03
1.288903612390892340e+04 3.244644607590938978e+00 9.224372079718625578e-03
1.325087291997952707e+04 3.244777523298998823e+00 9.029983033855245103e-03
1.362286764141646017e+04 3.244910447440561008e+00 8.839884715841777457e-03
1.400530545393219836e+04 3.245043380025224078e+00 8.653977961526003113e-03
1.439847952876007184e+04 3.245176321062472891e+00 8.472165996110616118e-03
1.480269126739508647e+04 3.245309270561619996e+00 8.294354374541755559e-03
1.521825053264386406e+04 3.245442228531813189e+00 8.120450923426690559e-03
1.564547588616095891e+04 3.245575194982011524e+00 7.950365684438515448e-03
1.608469483265356212e+04 3.245708169920978214e+00 7.784010859170856916e-03
1.653624407094180424e+04 3.245841153357255759e+00 7.621300755403620855e-03
1.700046975206717252e+04 3.245974145299182823e+00 7.462151734743495413e-03
1.747772774464680697e+04 3.246107145754865808e+00 7.306482161602971016e-03
1.796838390767720193e+04 3.246240154732171312e+00 7.154212353482517633e-03
1.847281437099634422e+04 3.246373172238749660e+00 7.005264532523410546e-03
1.899140582361934867e+04 3.246506198282001598e+00 6.859562778296487626e-03
1.952455581016861106e+04 3.246639232869092062e+00 6.717032981794669386e-03
2.007267303562569577e+04 3.246772276006948843e+00 6.577602800599752393e-03
2.063617767863858899e+04 3.246905327702255484e+00 6.441201615190671539e-03
2.121550171362451511e+04 3.247038387961465933e+00 6.307760486364064403e-03
2.181108924191520055e+04 3.247171456790792110e+00 6.177212113739560806e-03
2.242339683219846120e+04 3.247304534196212789e+00 6.049490795319750411e-03
2.305289387051708763e+04 3.247437620183479812e+00 5.924532388078279296e-03
2.370006292009329263e+04 3.247570714758119870e+00 5.802274269549190754e-03
2.436540009125466167e+04 3.247703817925423841e+00 5.682655300392378504e-03
2.504941542174504139e+04 3.247836929690485430e+00 5.565615787907620543e-03
2.575263326771201537e+04 3.247970050058171854e+00 5.451097450474485205e-03
2.647559270567068234e+04 3.248103179033139387e+00 5.339043382894355025e-03
2.721884794575179694e+04 3.248236316619840469e+00 5.229398022609235350e-03
2.798296875655117401e+04 3.248369462822543685e+00 5.122107116775648922e-03
2.876854090190594434e+04 3.248502617645306678e+00 5.017117690172808418e-03
2.957616658993255260e+04 3.248635781092011232e+00 4.914378013920551840e-03
3.040646493467068649e+04 3.248768953166356610e+00 4.813837574988967527e-03
3.126007243068705066e+04 3.248902133871855558e+00 4.715447046476996945e-03
3.213764344100278686e+04 3.249035323211861392e+00 4.619158258642019205e-03
3.303985069871859741e+04 3.249168521189568892e+00 4.524924170659089771e-03
3.396738582272209896e+04 3.249301727808000528e+00 4.432698843092656993e-03
3.492095984787273483e+04 3.249434943070026893e+00 4.342437411061199175e-03
3.590130377007072093e+04 3.249568166978380912e+00 4.254096058077696911e-03
3.690916910662780720e+04 3.249701399535650292e+00 4.167631990547779851e-03
3.794532847236942325e+04 3.249834640744283298e+00 4.083003412909389819e-03
3.901057617190995370e+04 3.249967890606597187e+00 4.000169503395834165e-03
4.010572880855500262e+04 3.250101149124787980e+00 3.919090390409336010e-03
4.123162591029754549e+04 3.250234416300930018e+00 3.839727129485569646e-03
4.238913057338783256e+04 3.250367692136983067e+00 3.762041680835876648e-03
4.357913012397032435e+04 3.250500976634798533e+00 3.685996887453209421e-03
4.480253679829494649e+04 3.250634269796115472e+00 3.611556453765033068e-03
4.606028844202405890e+04 3.250767571622586782e+00 3.538684924821574197e-03
4.735334922917114454e+04 3.250900882115754786e+00 3.467347666002960644e-03
4.868271040122279373e+04 3.251034201277078761e+00 3.397510843234446097e-03
5.004939102700951480e+04 3.251167529107931831e+00 3.329141403695571200e-03
5.145443878390925238e+04 3.251300865609597857e+00 3.262207057010052969e-03
5.289893076098148595e+04 3.251434210783300305e+00 3.196676256905269485e-03
5.438397428464796394e+04 3.251567564630160501e+00 3.132518183328319907e-03
5.591070776755290717e+04 3.251700927151259357e+00 3.069702725007421393e-03
5.748030158125350863e+04 3.251834298347590302e+00 3.008200462447418403e-03
5.909395895340968127e+04 3.251967678220087699e+00 2.947982651347817729e-03
6.075291689016071905e+04 3.252101066769635285e+00 2.889021206432830762e-03
6.245844712439615250e+04 3.252234463997055069e+00 2.831288685683152132e-03
6.421185709064757975e+04 3.252367869903112663e+00 2.774758274957932289e-03
6.601449092734887381e+04 3.252501284488532374e+00 2.719403772999452653e-03
6.786773050723294728e+04 3.252634707753985666e+00 2.665199576808286938e-03
6.977299649665535253e+04 3.252768139700096484e+00 2.612120667380074708e-03
7.173174944465611770e+04 3.252901580327466569e+00 2.560142595796641250e-03
7.374549090259549848e+04 3.253035029636630604e+00 2.509241469659039252e-03
7.581576457522109558e+04 3.253168487628109951e+00 2.459393939857128144e-03
7.794415750404946448e+04 3.253301954302387777e+00 2.410577187664679488e-03
8.013230128396887449e+04 3.253435429659909950e+00 2.362768912153213104e-03
8.238187331399606774e+04 3.253568913701099685e+00 2.315947317915903296e-03
8.469459808314585825e+04 3.253702406426350446e+00 2.270091103093867767e-03
8.707224849239917239e+04 3.253835907836028163e+00 2.225179447696227619e-03
8.951664721378301329e+04 3.253969417930485442e+00 2.181192002208801918e-03
9.202966808760415006e+04 3.254102936710045579e+00 2.138108876480736623e-03
9.461323755890769826e+04 3.254236464175013221e+00 2.095910628885978757e-03
9.726933615426173492e+04 3.254370000325681911e+00 2.054578255748710884e-03
1.000000000000000000e+05 3.254503545162315437e+00 2.014093181028901291e-03
