5.000000000000399958e-03 7.923770068187329491e-06 0.000000000000000000e+00 0.000000000000000000e+00
1.000000000000079992e-02 7.758495803465960069e-06 3.860066474363728483e-06 4.837875883297854644e-06
1.500000000000119987e-02 7.201478562681321487e-06 6.068744171987046065e-06 9.315461992333786233e-06
2.000000000000159983e-02 6.393740237770861428e-06 7.360520571253792521e-06 1.304618303118857546e-05
2.500000000000199979e-02 5.474483369936186528e-06 7.912095709984288304e-06 1.567911245432669723e-05
3.000000000000239975e-02 4.592547863397757517e-06 7.801326169020737607e-06 1.693514820936562742e-05
3.500000000000279970e-02 3.836622491716957687e-06 7.127165560443331679e-06 1.671132202330172451e-05
4.000000000000319966e-02 3.218347653587657614e-06 6.037338774288355461e-06 1.513336407515786327e-05
4.500000000000359962e-02 2.730214602004667104e-06 4.722362109807978345e-06 1.255525336034967394e-05
5.000000000000399958e-02 2.400360555152301696e-06 3.400203082573595918e-06 9.529054205897464190e-06
5.500000000000439954e-02 2.367428141253995426e-06 2.315657255897988086e-06 6.806370132343854966e-06
6.000000000000479949e-02 2.882110610051517874e-06 1.787928633837206373e-06 5.488905368723893064e-06
6.500000000000519251e-02 4.296976073557194819e-06 1.958618618280776772e-06 6.258445798381434592e-06
7.000000000000558553e-02 6.990176260031632732e-06 2.449010023932607218e-06 8.120813210259838038e-06
7.500000000000600631e-02 1.129079030399201327e-05 2.928682326640242622e-06 1.005223971531369806e-05
8.000000000000639933e-02 1.741174394967589731e-05 3.274259058785842933e-06 1.160694615521494014e-05
8.500000000000679234e-02 2.547883411259563270e-05 3.459161604598485007e-06 1.263980148495061446e-05
9.000000000000718536e-02 3.558360103422278603e-05 3.503314875967216173e-06 1.317226218455275688e-05
9.500000000000760614e-02 4.785639326881303336e-05 3.449485738888616658e-06 1.332527237427105147e-05
1.000000000000079992e-01 6.255809140794904685e-05 3.340337449994424114e-06 1.323885059877908411e-05
1.050000000000083922e-01 8.011567813065765360e-05 3.205823550974054811e-06 1.301949691682653122e-05
1.100000000000087852e-01 1.011296450736515456e-04 3.066707038392454629e-06 1.274760421238831819e-05
1.150000000000092060e-01 1.263320679698313109e-04 2.934153530441129670e-06 1.247072474029319563e-05
1.200000000000095990e-01 1.565441054405602517e-04 2.810014437818322291e-06 1.219997983519358757e-05
1.250000000000099920e-01 1.926622453198817517e-04 2.689966659095574906e-06 1.191960440930396835e-05
1.300000000000103850e-01 2.356776356887550533e-04 2.573430289075157100e-06 1.162904424639625700e-05
1.350000000000107780e-01 2.867404918398103707e-04 2.469939622972314420e-06 1.137399832441327598e-05
1.400000000000111988e-01 3.472301631535537310e-04 2.402697238580166986e-06 1.126738166467214551e-05
1.450000000000115918e-01 4.187718144214245793e-04 2.401019770853949291e-06 1.145881415421673856e-05
1.500000000000119849e-01 5.031659869319328503e-04 2.486985365077305553e-06 1.207198807245271426e-05
1.550000000000124056e-01 6.022483675445435176e-04 2.663044808966656525e-06 1.314026917224143296e-05
1.600000000000127987e-01 7.175612011319498773e-04 2.898462651832535988e-06 1.453073687209134783e-05
1.650000000000131917e-01 8.498778775484247365e-04 3.143721843899959593e-06 1.600464418539326186e-05
1.700000000000135847e-01 9.986575851607354219e-04 3.352788243059278463e-06 1.732568938613478096e-05
1.750000000000139777e-01 1.161507543957234281e-03 3.484035591852697536e-06 1.826676096973294051e-05
1.800000000000143985e-01 1.333873818522763200e-03 3.514951465524306015e-06 1.869026778244437702e-05
1.850000000000147915e-01 1.509223858324762252e-03 3.439747038179967849e-06 1.854267165477999730e-05
1.900000000000151845e-01 1.679798040429141080e-03 3.267654321980984715e-06 1.785142321541766594e-05
1.950000000000156053e-01 1.837965607920151500e-03 3.028041498002504289e-06 1.675865138734258512e-05
2.000000000000159983e-01 1.977841755450009554e-03 2.763155715433591979e-06 1.548746351454563655e-05
2.050000000000163913e-01 2.096696687812094062e-03 2.528414757499890752e-06 1.434779574821829512e-05
2.100000000000167844e-01 2.195713284771408456e-03 2.382133429641267953e-06 1.368156158559059827e-05
2.150000000000171774e-01 2.279747456580327302e-03 2.356030277587530858e-06 1.369178389427610834e-05
2.200000000000175981e-01 2.356241209593853796e-03 2.446591701582624276e-06 1.438244683342368640e-05
2.250000000000179912e-01 2.433562195971643218e-03 2.614646006298368779e-06 1.554404683550891637e-05
2.300000000000183842e-01 2.519261747057494061e-03 2.827082803516592673e-06 1.699269981421606320e-05
2.350000000000188050e-01 2.618711812817889513e-03 3.051727070427111370e-06 1.854127348291599497e-05
2.400000000000191980e-01 2.734328906128857990e-03 3.255071331137523688e-06 1.998600857654453920e-05
2.450000000000195910e-01 2.865541380323604302e-03 3.408219397289623214e-06 2.114319058409989060e-05
2.500000000000199840e-01 3.009391927801979925e-03 3.487095875073901510e-06 2.185213279202430128e-05
2.550000000000203770e-01 3.161488693483013694e-03 3.483323145288846877e-06 2.204569497644971699e-05
2.600000000000207701e-01 3.317056057619810917e-03 3.407141862822178015e-06 2.177393033727625498e-05
2.650000000000211631e-01 3.471789502588700123e-03 3.278783984820295699e-06 2.115415492307231026e-05
2.700000000000216116e-01 3.622331394423414404e-03 3.114815989041466177e-06 2.028496281649781860e-05
2.750000000000220046e-01 3.766455217596281855e-03 2.929856073234486990e-06 1.925628796715571922e-05
2.800000000000223976e-01 3.902930658457172235e-03 2.733620265844967138e-06 1.812913736552244538e-05
2.850000000000227907e-01 4.031236087487911554e-03 2.540588268231877047e-06 1.699873708472949679e-05
2.900000000000231837e-01 4.151241055052365403e-03 2.365639319557904885e-06 1.596641699300268451e-05
2.950000000000235767e-01 4.262941621127611276e-03 2.222519661634552575e-06 1.512922069667586499e-05
3.000000000000239697e-01 4.366289426158263820e-03 2.111011028457834409e-06 1.449142415119695879e-05
3.050000000000244182e-01 4.461156634325683101e-03 2.024323848577859370e-06 1.401166836763096686e-05
3.100000000000248113e-01 4.547308547938869530e-03 1.950347433160972044e-06 1.360983213231277433e-05
3.150000000000252043e-01 4.624435647349210352e-03 1.888128109413920414e-06 1.328148613501600640e-05
3.200000000000255973e-01 4.692196380384877283e-03 1.832226635530818778e-06 1.299014862351354869e-05
3.250000000000259903e-01 4.750235648315860419e-03 1.783855071927026687e-06 1.274562646570781987e-05
3.300000000000263833e-01 4.798268059881626198e-03 1.736494244797820859e-06 1.250230981353562345e-05
3.350000000000267764e-01 4.836101162584008524e-03 1.691349970755364936e-06 1.226918803097461409e-05
3.400000000000271694e-01 4.863685360009379482e-03 1.650246853193959020e-06 1.206002783900419834e-05
3.450000000000275624e-01 4.881134454265918798e-03 1.621999097316147953e-06 1.194043349991941840e-05
3.500000000000280109e-01 4.888732249397165046e-03 1.611519919783659310e-06 1.194894711072164165e-05
3.550000000000284039e-01 4.886918634105087526e-03 1.618019374096167447e-06 1.208252862123418206e-05
3.600000000000287970e-01 4.876284713315607797e-03 1.637413139995261067e-06 1.231315822189384261e-05
3.650000000000291900e-01 4.857565215373140649e-03 1.656216218309257111e-06 1.254074692704132222e-05
3.700000000000295830e-01 4.831671101426474046e-03 1.661858410692779389e-06 1.266936417600510914e-05
3.750000000000299760e-01 4.799709259246056139e-03 1.646875556467874014e-06 1.263968806198408465e-05
3.800000000000303690e-01 4.762995722529685290e-03 1.607713692276571279e-06 1.242111112848526273e-05
3.850000000000308176e-01 4.723010328694867907e-03 1.550286670777198401e-06 1.205597437724375996e-05
3.900000000000312106e-01 4.681288802972218693e-03 1.482979988484084694e-06 1.160720173658873529e-05
3.950000000000316036e-01 4.639289906415188999e-03 1.415196580505705882e-06 1.114744291019926980e-05
4.000000000000319966e-01 4.598234496463242567e-03 1.357127734971751047e-06 1.075748279670394429e-05
4.050000000000323896e-01 4.558963839457929462e-03 1.317357171940272051e-06 1.050729656590632811e-05
4.100000000000327827e-01 4.521907661349877129e-03 1.303827035161782486e-06 1.046337640856751591e-05
4.150000000000331757e-01 4.487109771649599663e-03 1.317458920406254941e-06 1.063704678145378027e-05
4.200000000000335687e-01 4.454308634388700130e-03 1.349273910273725004e-06 1.095934772169587318e-05
4.250000000000339617e-01 4.423100306253397764e-03 1.384414169838122878e-06 1.131150623684717461e-05
4.300000000000344103e-01 4.393050154389850637e-03 1.409836210009967983e-06 1.158678176097684294e-05
4.350000000000348033e-01 4.363806845383190122e-03 1.416789834792709869e-06 1.171143194861610346e-05
4.400000000000351963e-01 4.335112007771389775e-03 1.403048254751432017e-06 1.166430547068420612e-05
4.450000000000355893e-01 4.306834804299363925e-03 1.374856630336888477e-06 1.149469246518245631e-05
4.500000000000359823e-01 4.278940188500718680e-03 1.341271289718063614e-06 1.127672069651515154e-05
4.550000000000363753e-01 4.251449454169570902e-03 1.315043782539726545e-06 1.111746700334224252e-05
4.600000000000367684e-01 4.224422663827213063e-03 1.302620909565718233e-06 1.107278582092612032e-05
4.650000000000372169e-01 4.197932471992439629e-03 1.301525669656284510e-06 1.112344093248468064e-05
4.700000000000376099e-01 4.172039633129276219e-03 1.308073497213468521e-06 1.123934530054181702e-05
4.750000000000380029e-01 4.146819205180734755e-03 1.314322629877703680e-06 1.135295009843318833e-05
4.800000000000383960e-01 4.122322741412519365e-03 1.313717310990917928e-06 1.140728993241576055e-05
4.850000000000387890e-01 4.098604852103743951e-03 1.302800241157263916e-06 1.137126126879120202e-05
4.900000000000391820e-01 4.075759352169448096e-03 1.281440366406725974e-06 1.124233129141057977e-05
4.950000000000395750e-01 4.053889093326240589e-03 1.256604652753068727e-06 1.108054703028070817e-05
5.000000000000399680e-01 4.033108359951205653e-03 1.234823338197675230e-06 1.094333690488280648e-05
5.050000000000404166e-01 4.013578570722054970e-03 1.218494788052349182e-06 1.085248772930784705e-05
5.100000000000408651e-01 3.995409775110651991e-03 1.202824281914808115e-06 1.076582245527459299e-05
5.150000000000412026e-01 3.978697700594850152e-03 1.188875232541120121e-06 1.069300654543437826e-05
5.200000000000416511e-01 3.963484727141428424e-03 1.182016046947915679e-06 1.068279717407667738e-05
5.250000000000419886e-01 3.949766639298836479e-03 1.186149926874999235e-06 1.077157418017658208e-05
5.300000000000424372e-01 3.937558370834440269e-03 1.192868432685558706e-06 1.088404726702144935e-05
5.350000000000428857e-01 3.926833166684686252e-03 1.186006626771874503e-06 1.087236303088410696e-05
5.400000000000432232e-01 3.917632553922249100e-03 1.156571865793797961e-06 1.065195791933708371e-05
5.450000000000436717e-01 3.910014028164328359e-03 1.105873741436538130e-06 1.023207549149684239e-05
5.500000000000440092e-01 3.904065128031502033e-03 1.047638689382153511e-06 9.737619757175301242e-06
5.550000000000444578e-01 3.899877385470570772e-03 1.000759368698096398e-06 9.344070243397699526e-06
5.600000000000447953e-01 3.897520900777605522e-03 9.747763988058645065e-07 9.142373451555354887e-06
5.650000000000452438e-01 3.897067532858467138e-03 9.690305914076511913e-07 9.128967269201900393e-06
5.700000000000456923e-01 3.898520242786364300e-03 9.776353751023851764e-07 9.250693123651945106e-06
5.750000000000460298e-01 3.901856189584567217e-03 9.892633105492378634e-07 9.401686451630259639e-06
5.800000000000464784e-01 3.907031928419303288e-03 1.002117412978341859e-06 9.565166714090992176e-06
5.850000000000468159e-01 3.913964596133795784e-03 1.021498275022642962e-06 9.792092540681974455e-06
5.900000000000472644e-01 3.922575942601914251e-03 1.048562629141297664e-06 1.009439557534298991e-05
5.950000000000476019e-01 3.932758713818828439e-03 1.084340384590257977e-06 1.048296302759346694e-05
6.000000000000480505e-01 3.944369982407604572e-03 1.121466373024719037e-06 1.088734084962368665e-05
6.050000000000484990e-01 3.957254195484091047e-03 1.153343369003514255e-06 1.124336342693686237e-05
6.100000000000488365e-01 3.971208485409338969e-03 1.173015356688991680e-06 1.148229112265984792e-05
6.150000000000492850e-01 3.985996963375268778e-03 1.176935566681068870e-06 1.156778434820545038e-05
6.200000000000496225e-01 4.001407038298550323e-03 1.168511902304960333e-06 1.153158285249665428e-05
6.250000000000500711e-01 4.017233336028333893e-03 1.152091969275696662e-06 1.141529387795804373e-05
6.300000000000504086e-01 4.033313469070839638e-03 1.132075671155844827e-06 1.126174451165392076e-05
6.350000000000508571e-01 4.049547652975447713e-03 1.112225222888094279e-06 1.110809386342080245e-05
6.400000000000511946e-01 4.065874002806038091e-03 1.093232140865704396e-06 1.096130638011786066e-05
6.450000000000516431e-01 4.082240672679489368e-03 1.080061043415168193e-06 1.087146564255065749e-05
6.500000000000520917e-01 4.098588297492163079e-03 1.076547892830751139e-06 1.087802298324454425e-05
6.550000000000524292e-01 4.114820484524871549e-03 1.083991178124117742e-06 1.099528108726164011e-05
6.600000000000528777e-01 4.130791952947013811e-03 1.101127134717568720e-06 1.121164585742979993e-05
6.650000000000532152e-01 4.146347273516605945e-03 1.123111467262212685e-06 1.147872423977336844e-05
6.700000000000536637e-01 4.161323608227523660e-03 1.145280552446895046e-06 1.174922514493842424e-05
6.750000000000540012e-01 4.175558041965631711e-03 1.163862606201148803e-06 1.198432394678172842e-05
6.800000000000544498e-01 4.188922393780322023e-03 1.176594599613747457e-06 1.216021477557477197e-05
6.850000000000547873e-01 4.201340592537437107e-03 1.181790331433696783e-06 1.225873499811876265e-05
6.900000000000552358e-01 4.212767267432132937e-03 1.178455313012476395e-06 1.226867332111593260e-05
6.950000000000556843e-01 4.223206517985878330e-03 1.166849421760940956e-06 1.219178109178742810e-05
7.000000000000560219e-01 4.232709428971831445e-03 1.149248423552400525e-06 1.205099413850171373e-05
7.050000000000564704e-01 4.241320354504871451e-03 1.128394455570270618e-06 1.187450297318780168e-05
7.100000000000568079e-01 4.249066129957880522e-03 1.106631455346681044e-06 1.168670612836120158e-05
7.150000000000572564e-01 4.255922194471911321e-03 1.081586065830797131e-06 1.146235996593477040e-05
7.200000000000575939e-01 4.261811658962504253e-03 1.047968074880501106e-06 1.114485029968835152e-05
7.250000000000580425e-01 4.266622336802680659e-03 1.003623140886600283e-06 1.071024999828635035e-05
7.300000000000584910e-01 4.270264143823549602e-03 9.527394266796680008e-07 1.020223930849352649e-05
7.350000000000588285e-01 4.272699248076504246e-03 9.050763708741839164e-07 9.724982641992144182e-06
7.400000000000592770e-01 4.273960241839860896e-03 8.716352149824699072e-07 9.397461740509475007e-06
7.450000000000596145e-01 4.274147219605860248e-03 8.610549382028467257e-07 9.314701385731933230e-06
7.500000000000600631e-01 4.273365889051279100e-03 8.733789612807498041e-07 9.479671681313587829e-06
7.550000000000604006e-01 4.271696840496076557e-03 8.993337523986305912e-07 9.793869374206565524e-06
7.600000000000608491e-01 4.269178987745108136e-03 9.255184795299455084e-07 1.011234386736644142e-05
7.650000000000612976e-01 4.265797888446829986e-03 9.410056686212211524e-07 1.031532452699564781e-05
7.700000000000616351e-01 4.261510405960592870e-03 9.418421248877804702e-07 1.035817900288746696e-05
7.750000000000620837e-01 4.256261576347460975e-03 9.319078816126441351e-07 1.028214619604916906e-05
7.800000000000624212e-01 4.250003500446653329e-03 9.188656566754231591e-07 1.017089707798469675e-05
7.850000000000628697e-01 4.242719203207385645e-03 9.111161360318427555e-07 1.011739032028519720e-05
7.900000000000632072e-01 4.234404734022446763e-03 9.136182802022717379e-07 1.017743329872245774e-05
7.950000000000636557e-01 4.225076462774580294e-03 9.235161542720002511e-07 1.032019728282017775e-05
8.000000000000639933e-01 4.214780965320770803e-03 9.355658480385573426e-07 1.048767672123640533e-05
8.050000000000644418e-01 4.203592236376458256e-03 9.451365381244425268e-07 1.062802167924940304e-05
8.100000000000648903e-01 4.191611423265117001e-03 9.505855770957286332e-07 1.072244108252103938e-05
8.150000000000652278e-01 4.178932736427182909e-03 9.544830413025757605e-07 1.079958232416074203e-05
8.200000000000656764e-01 4.165635517061941871e-03 9.605735288750166570e-07 1.090178164208456826e-05
8.250000000000660139e-01 4.151806003882592237e-03 9.701759711106909195e-07 1.104428046401069013e-05
8.300000000000664624e-01 4.137512643114924470e-03 9.831552361237464320e-07 1.122589772595774319e-05
8.350000000000667999e-01 4.122840287554612078e-03 9.985038906562830103e-07 1.143544153063319981e-05
8.400000000000672484e-01 4.107908742075406724e-03 1.016385615469198800e-06 1.167503232163141209e-05
8.450000000000675859e-01 4.092851694797751232e-03 1.034331046428541874e-06 1.191647630129758435e-05
8.500000000000680345e-01 4.077789573163096912e-03 1.050812572144501104e-06 1.214212393760372366e-05
8.550000000000684830e-01 4.062823465804383909e-03 1.062361158301234678e-06 1.231161935353095519e-05
8.600000000000688205e-01 4.048002207976667335e-03 1.067803486457451484e-06 1.241082062247550681e-05
8.650000000000692690e-01 4.033348572456542207e-03 1.067716074234203161e-06 1.244582738221498197e-05
8.700000000000696065e-01 4.018858229500844696e-03 1.064913867910158895e-06 1.244898797752715144e-05
8.750000000000700551e-01 4.004488463415214680e-03 1.059543626472393922e-06 1.242175068725055972e-05
8.800000000000703926e-01 3.990178723183016550e-03 1.050753110872855714e-06 1.235383962302140499e-05
8.850000000000708411e-01 3.975843548468537686e-03 1.037784244733488031e-06 1.223597685917721650e-05
8.900000000000712896e-01 3.961385375858531357e-03 1.020081092730838877e-06 1.206117558197554571e-05
8.950000000000716271e-01 3.946707948101393221e-03 9.997770398984446465e-07 1.185426454818004097e-05
9.000000000000720757e-01 3.931744357649971308e-03 9.780879384512414269e-07 1.162944787776944634e-05
9.050000000000724132e-01 3.916504312603721026e-03 9.579155814261228486e-07 1.142119287306084142e-05
9.100000000000728617e-01 3.901061284401249017e-03 9.405272685069518208e-07 1.124480752613651448e-05
9.150000000000731992e-01 3.885568012582891594e-03 9.261729904456301559e-07 1.110356903962102836e-05
9.200000000000736478e-01 3.870165804716279787e-03 9.141797119341512998e-07 1.098968972668251226e-05
9.250000000000740963e-01 3.854940274398792159e-03 9.055161672885092062e-07 1.091508227350653954e-05
9.300000000000744338e-01 3.839888293190499291e-03 9.004623961962349425e-07 1.088346021332428619e-05
9.350000000000748823e-01 3.824912312524186842e-03 9.001422126368257230e-07 1.090879731349919585e-05
9.400000000000752198e-01 3.809869749145887267e-03 9.026091865660736199e-07 1.096790334790434491e-05
9.450000000000756684e-01 3.794634491925055666e-03 9.063278304457317720e-07 1.104234110814084185e-05
9.500000000000760059e-01 3.779125768574901137e-03 9.090219062474788356e-07 1.110442538981502148e-05
9.550000000000764544e-01 3.763322732691285182e-03 9.055073618883831593e-07 1.109056342541070420e-05
9.600000000000767919e-01 3.747289657459153961e-03 8.909127519085452228e-07 1.094033776173785650e-05
9.650000000000772404e-01 3.731098231762522768e-03 8.612289898318484277e-07 1.060332896266341442e-05
9.700000000000776890e-01 3.714837707413723433e-03 8.174574104702538365e-07 1.009045943519077693e-05
9.750000000000780265e-01 3.698559752137117046e-03 7.680006757306757219e-07 9.504381242065725881e-06
9.800000000000784750e-01 3.682257008071405935e-03 7.224846146310163085e-07 8.963994461959486930e-06
9.850000000000788125e-01 3.665885597790524784e-03 6.910609524727907702e-07 8.595960440669032376e-06
9.900000000000792610e-01 3.649362992492122520e-03 6.769853382360777227e-07 8.442222593861238897e-06
9.950000000000795985e-01 3.632596534531713686e-03 6.798544497006094140e-07 8.499383457436806332e-06
1.000000000000079936e+00 3.615510855271241580e-03 6.981729776812795682e-07 8.750300632196418113e-06
1.005000000000080274e+00 3.598063435858795539e-03 7.288831954893984269e-07 9.158005647578487159e-06
1.010000000000080833e+00 3.580254445679039409e-03 7.674385236472524288e-07 9.666387956863120896e-06
1.015000000000081171e+00 3.562082489936740752e-03 8.064338561341944907e-07 1.018267099709817755e-05
1.020000000000081508e+00 3.543579524542450100e-03 8.380214328965068603e-07 1.060755153787590210e-05
1.025000000000081846e+00 3.524765176180862450e-03 8.555168200891221920e-07 1.085551479844264944e-05
1.030000000000082405e+00 3.505672851468845126e-03 8.567743173213605991e-07 1.089795450296864910e-05
1.035000000000082743e+00 3.486341336774733540e-03 8.441432906204756786e-07 1.076332084481339615e-05
1.040000000000083080e+00 3.466803402160932232e-03 8.231855034393270257e-07 1.052141914143658836e-05
1.045000000000083418e+00 3.447103492040594006e-03 7.972697529518634838e-07 1.021464721101795778e-05
1.050000000000083977e+00 3.427252556624228036e-03 7.721233479728862403e-07 9.916108570850240005e-06
1.055000000000084315e+00 3.407236535966482252e-03 7.521410239547522603e-07 9.682454065714933677e-06
1.060000000000084652e+00 3.386990150273364378e-03 7.447931595518958695e-07 9.610556813591881933e-06
1.065000000000085212e+00 3.366417783628149803e-03 7.532368702437213049e-07 9.742407983076714021e-06
1.070000000000085549e+00 3.345429961979942343e-03 7.764744921681689749e-07 1.006651211913975335e-05
1.075000000000085887e+00 3.323938004796894025e-03 8.065048288967713234e-07 1.048023793615315416e-05
1.080000000000086224e+00 3.301899674655430980e-03 8.376519638917877994e-07 1.091026821519573403e-05
1.085000000000086784e+00 3.279295814199671439e-03 8.652708572986903434e-07 1.129605723860414057e-05
1.090000000000087121e+00 3.256147211510541321e-03 8.871008899394160694e-07 1.160770072549815515e-05
1.095000000000087459e+00 3.232499171041612086e-03 9.022819538238447792e-07 1.183339248929512177e-05
1.100000000000088018e+00 3.208394695581521898e-03 9.088685934806308364e-07 1.194695911532997032e-05
1.105000000000088356e+00 3.183895395638340620e-03 9.093208425676032658e-07 1.198003876106290571e-05
1.110000000000088693e+00 3.159025556905569604e-03 9.095081974511904367e-07 1.200958625403813647e-05
1.115000000000089031e+00 3.133811692643726464e-03 9.150645986122336601e-07 1.211013894981595705e-05
1.120000000000089591e+00 3.108236826927613088e-03 9.265371760329152869e-07 1.228943167303589433e-05
1.125000000000089928e+00 3.082274572163131408e-03 9.383756400789787572e-07 1.247420637640485653e-05
1.130000000000090266e+00 3.055893187450888643e-03 9.433587486772491198e-07 1.256828562025039940e-05
1.135000000000090825e+00 3.029060256226360961e-03 9.376141950013663304e-07 1.251935755117436915e-05
1.140000000000091163e+00 3.001751470886276571e-03 9.216518691438854879e-07 1.233329934104577978e-05
1.145000000000091500e+00 2.973965415390972776e-03 8.998382302893616231e-07 1.206777272439110608e-05
1.150000000000091838e+00 2.945690513043186867e-03 8.777728792717098183e-07 1.179752800437999217e-05
1.155000000000092397e+00 2.916917414416974903e-03 8.609071083102918216e-07 1.159597377045949669e-05
1.160000000000092735e+00 2.887614852100790254e-03 8.506750215926444777e-07 1.148292726451469153e-05
1.165000000000093072e+00 2.857718878151719287e-03 8.451121618678506141e-07 1.143239582870366470e-05
1.170000000000093632e+00 2.827171856934143721e-03 8.385980823126842597e-07 1.136859340494742169e-05
1.175000000000093969e+00 2.795939867420858555e-03 8.267307837196660060e-07 1.123163498396662692e-05
1.180000000000094307e+00 2.764017159569954595e-03 8.076856087822124848e-07 1.099621662722042860e-05
1.185000000000094644e+00 2.731453718937256955e-03 7.850858896005467442e-07 1.071115454444422760e-05
1.190000000000095204e+00 2.698306899024117012e-03 7.652941969947512779e-07 1.046313525557744726e-05
1.195000000000095541e+00 2.664635964286477757e-03 7.520259127140960350e-07 1.030330833361391650e-05
1.200000000000095879e+00 2.630468822355480109e-03 7.448243123806463824e-07 1.022596744718726986e-05
1.205000000000096438e+00 2.595817769358315166e-03 7.393985428102833329e-07 1.017260197943355074e-05
1.210000000000096776e+00 2.560658148826588584e-03 7.330568066843972565e-07 1.010625505200242264e-05
1.215000000000097113e+00 2.524974551489880814e-03 7.281600394620390682e-07 1.005946581655219568e-05
1.220000000000097451e+00 2.488759497028379501e-03 7.286860969074949748e-07 1.008742542962588619e-05
1.225000000000098010e+00 2.452018208949829046e-03 7.365143919266117611e-07 1.021666658110892225e-05
1.230000000000098348e+00 2.414745081529904615e-03 7.522238544738785111e-07 1.045585605847573158e-05
1.235000000000098686e+00 2.376853715780674701e-03 7.788185552180553257e-07 1.084750121075520426e-05
1.240000000000099023e+00 2.338226571495997767e-03 8.230294658951098460e-07 1.148645895631559074e-05
1.245000000000099583e+00 2.298555306129899511e-03 9.222172194600939295e-07 1.289667754272210382e-05
1.250000000000099920e+00 2.257260735667482310e-03 1.177728678215592987e-06 1.650289724174651263e-05
1.255000000000100258e+00 2.213415207543249774e-03 1.770959438656301347e-06 2.486511177411042419e-05
1.260000000000100817e+00 2.165703510407796482e-03 2.904872846281115722e-06 4.086696049861019732e-05
1.265000000000101155e+00 2.112556790902449244e-03 4.765371121635632051e-06 6.717411136248580624e-05
1.270000000000101492e+00 2.052400072763692004e-03 7.497865545232804978e-06 1.059008503100388100e-04
1.275000000000101830e+00 1.984086258680479303e-03 1.115904608924254621e-05 1.579218060915293497e-04
1.280000000000102389e+00 1.907305851002169322e-03 1.566472298484441442e-05 2.221199886228539429e-04
1.285000000000102727e+00 1.734168399835081618e-03 3.897786973141551832e-05 5.537702264989697318e-04
1.290000000000103064e+00 1.604530261934884652e-03 4.702084159898211436e-05 6.693375530774248877e-04
1.295000000000103624e+00 1.504994732200437817e-03 5.045591054276305252e-05 7.196260410125542581e-04
1.300000000000103961e+00 1.419192868807026648e-03 5.223587375330995635e-05 7.464495804026789836e-04
1.305000000000104299e+00 1.341617224827458977e-03 5.316421579071773409e-05 7.611751587332924633e-04
1.310000000000104636e+00 1.271370308803915564e-03 5.345161252311040543e-05 7.667546136107417781e-04
1.315000000000105196e+00 1.203978614402078772e-03 5.349036957065308345e-05 7.687735156582863006e-04
1.320000000000105533e+00 1.143046735685744088e-03 5.309335141164364826e-05 7.645168193051771113e-04
1.325000000000105871e+00 1.084487977181760503e-03 5.255864115333970331e-05 7.582492791960699198e-04
1.330000000000106430e+00 1.028158749871249233e-03 5.190453988473374425e-05 7.502242612214149063e-04
1.335000000000106768e+00 9.776315309115699882e-04 5.097080595093012067e-05 7.381116703955161807e-04
1.340000000000107105e+00 9.289210768980685120e-04 4.997253328904942401e-05 7.250095106380168800e-04
1.345000000000107443e+00 8.818697355038153732e-04 4.891728662982549176e-05 7.110226572191087353e-04
1.350000000000108002e+00 8.364024700541164859e-04 4.781204934962330781e-05 6.962483546221814520e-04
1.355000000000108340e+00 7.924765461777322391e-04 4.666209485368848350e-05 6.807596687417753539e-04
1.360000000000108678e+00 7.532949390221176057e-04 4.536073409507603368e-05 6.629937998978715314e-04
1.365000000000109015e+00 7.154116068236245508e-04 4.404486526733448083e-05 6.449433216583808472e-04
1.370000000000109575e+00 6.758156149028769549e-04 4.281353405776672439e-05 6.280602393901518537e-04
1.375000000000109912e+00 6.405584487041835655e-04 4.146989297469021001e-05 6.094585893821544142e-04
1.380000000000110250e+00 6.065008046193093826e-04 4.012013951217586181e-05 5.906931251013540713e-04
1.385000000000110809e+00 5.736438568936907522e-04 3.876772971712800781e-05 5.718145398104899522e-04
1.390000000000111147e+00 5.418792202603202844e-04 3.741289579041712465e-05 5.528262580570967102e-04
1.395000000000111484e+00 5.138696635053228642e-04 3.600161160026518645e-05 5.329285472055652608e-04
1.400000000000111822e+00 4.843133918132648801e-04 3.466168976747249482e-05 5.140125079625094007e-04
1.405000000000112381e+00 4.559657426414735065e-04 3.333221206684815728e-05 4.951790210096449754e-04
1.410000000000112719e+00 4.310518352107598232e-04 3.197139170982494540e-05 4.758072292803304190e-04
1.415000000000113056e+00 4.048344197025242745e-04 3.067314068292908784e-05 4.572949495375755913e-04
1.420000000000113616e+00 3.819335474683579102e-04 2.935924766782924299e-05 4.384792369283039897e-04
1.425000000000113953e+00 3.598579170219503936e-04 2.807077799819119042e-05 4.199734348196466232e-04
1.430000000000114291e+00 3.367853078182685232e-04 2.684162661653731683e-05 4.022877313562174279e-04
1.435000000000114628e+00 3.166675857150354689e-04 2.561257791073374136e-05 3.845379277055031375e-04
1.440000000000115188e+00 2.974188303586969805e-04 2.441542608700043233e-05 3.672023842010463694e-04
1.445000000000115525e+00 2.773518516483275517e-04 2.327158947982619990e-05 3.506064563168010740e-04
1.450000000000115863e+00 2.599435118862424877e-04 2.214092071518259058e-05 3.341485773144263396e-04
1.455000000000116422e+00 2.434311627148706648e-04 2.104666450940829563e-05 3.181813451203636110e-04
1.460000000000116760e+00 2.276482832920485649e-04 1.998424732156458563e-05 3.026384905746023557e-04
1.465000000000117097e+00 2.126826210373778357e-04 1.895706395311214562e-05 2.875741376021803773e-04
1.470000000000117435e+00 1.984554027858444691e-04 1.796150449444800366e-05 2.729363109046782404e-04
1.475000000000117995e+00 1.848443348295272033e-04 1.699252508317056700e-05 2.586508252123996326e-04
1.480000000000118332e+00 1.719746903426514015e-04 1.605484767580639849e-05 2.447918675698576509e-04
1.485000000000118670e+00 1.596057106080646338e-04 1.513786343991882448e-05 2.311999567198513926e-04
1.490000000000119229e+00 1.478595213304306159e-04 1.424874691559909252e-05 2.179865737780005181e-04
1.495000000000119567e+00 1.377845535070384422e-04 1.338761602636108745e-05 2.051557920153639070e-04
1.500000000000119904e+00 1.270775655928807609e-04 1.255335574270922124e-05 1.926927630880242786e-04
1.505000000000120242e+00 1.170246046638085351e-04 1.175421153866092983e-05 1.807264387655812719e-04
1.510000000000120801e+00 1.075256709793857797e-04 1.098821600402420240e-05 1.692293164554840390e-04
1.515000000000121139e+00 9.962925479124268768e-05 1.027181199227171371e-05 1.584576886288863401e-04
1.520000000000121476e+00 9.141313011066701895e-05 9.591849417480400892e-06 1.482122446485018388e-04
1.525000000000122036e+00 8.381393678727949497e-05 8.954907543978142168e-06 1.385976819147300202e-04
1.530000000000122373e+00 7.757114808186608469e-05 8.366581025580501919e-06 1.297040912499171990e-04
1.535000000000122711e+00 7.111948340016979514e-05 7.811085471386982224e-06 1.212901458930823771e-04
1.540000000000123048e+00 6.513615187286841523e-05 7.286497393246326285e-06 1.133284927603638541e-04
1.545000000000123608e+00 6.016928661981396891e-05 6.795452595464197430e-06 1.058626028013486426e-04
1.550000000000123945e+00 5.495620336700268846e-05 6.323438229739319967e-06 9.866862318419052850e-05
1.555000000000124283e+00 5.056861407476534237e-05 5.878079856170232742e-06 9.186722902924585174e-05
1.560000000000124620e+00 4.595740404288349503e-05 5.450545701035006418e-06 8.532223498319816313e-05
1.565000000000125180e+00 4.217904295913735675e-05 5.055184278858518966e-06 7.926000605941140574e-05
1.570000000000125517e+00 3.814870545089770458e-05 4.671347353221526006e-06 7.335875068301082728e-05
1.575000000000125855e+00 3.487549491170552417e-05 4.318735668597735104e-06 6.792925336430085943e-05
1.580000000000126414e+00 3.140807890299814357e-05 3.976367749355695774e-06 6.264335723601116145e-05
1.585000000000126752e+00 2.857321361423648050e-05 3.660808032256927622e-06 5.776323763149151982e-05
1.590000000000127089e+00 2.562203045933178632e-05 3.358631934723316506e-06 5.307877774453208881e-05
1.595000000000127427e+00 2.320683992479194010e-05 3.081594598814407307e-06 4.877707869563836172e-05
1.600000000000127987e+00 2.103748769146096813e-05 2.828426960271117313e-06 4.483992712371103688e-05
1.605000000000128324e+00 1.878213464113142215e-05 2.587831330838528273e-06 4.108974285933035677e-05
1.610000000000128662e+00 1.698820298821165540e-05 2.374596652846339465e-06 3.776267299446868812e-05
1.615000000000129221e+00 1.543952120369220389e-05 2.186309151875904050e-06 3.482232580781058047e-05
1.620000000000129559e+00 1.376939200273669276e-05 2.002577599150672181e-06 3.194528739616686228e-05
1.625000000000129896e+00 1.246903039764370566e-05 1.840751491028605068e-06 2.940910325105684970e-05
1.630000000000130234e+00 1.129228949130763767e-05 1.689852164684292953e-06 2.703973637382907350e-05
1.635000000000130793e+00 9.980357361813260047e-06 1.536827422373710086e-06 2.462883778225806938e-05
1.640000000000131131e+00 8.978914853954454624e-06 1.402726096994722606e-06 2.251410770778406901e-05
1.645000000000131468e+00 8.035421543019119310e-06 1.275769947568066737e-06 2.050761979790978844e-05
1.650000000000132028e+00 7.186000155523270834e-06 1.161868142854375556e-06 1.870504488229367355e-05
1.655000000000132365e+00 6.407044610884118231e-06 1.058271690416499125e-06 1.706302849886263506e-05
1.660000000000132703e+00 5.599234256334077701e-06 9.610516700030817335e-07 1.551889233869204596e-05
1.665000000000133040e+00 4.983678935546035300e-06 8.757892203368070992e-07 1.416337169964723877e-05
1.670000000000133600e+00 4.414217525194012856e-06 7.949153472363807263e-07 1.287475744812954329e-05
1.675000000000133937e+00 3.891390456647522621e-06 7.182703733769467762e-07 1.165078793992119395e-05
1.680000000000134275e+00 3.413944741430635814e-06 6.461970690206217697e-07 1.049734723574549719e-05
1.685000000000134612e+00 2.948091473343602383e-06 5.761828943180227332e-07 9.373898613347309019e-06
1.690000000000135172e+00 2.454669650768397159e-06 5.070364130415930540e-07 8.261186759784338668e-06
1.695000000000135509e+00 2.065541491386788927e-06 4.444273489069912116e-07 7.251795795598481146e-06
1.700000000000135847e+00 1.757508397856138950e-06 3.900937657013372123e-07 6.374606905680296927e-06
1.705000000000136406e+00 1.492413886281783585e-06 3.407940997620243660e-07 5.577174041463318452e-06
1.710000000000136744e+00 1.233444911136427242e-06 2.953933072048017988e-07 4.841262651109906617e-06
1.715000000000137081e+00 1.033532181568446234e-06 2.606655352649809369e-07 4.278343142547839082e-06
1.720000000000137419e+00 8.621201772038593370e-07 2.353234457317688578e-07 3.868025788493267111e-06
1.725000000000137979e+00 7.303765207652353811e-07 2.189568070082655141e-07 3.604233670189967997e-06
1.730000000000138316e+00 6.106682675106316037e-07 2.049136946274029482e-07 3.377955887663745033e-06
1.735000000000138654e+00 5.838651963028402095e-07 1.963555544941055640e-07 3.241551077000268829e-06
1.740000000000139213e+00 5.413267274537786079e-07 1.899889731701913418e-07 3.140963995687747153e-06
1.745000000000139551e+00 5.011836971415607080e-07 1.840378475629137685e-07 3.046946294703445623e-06
1.750000000000139888e+00 4.730410033394865616e-07 1.815474650799779596e-07 3.010018412140322720e-06
1.755000000000140226e+00 4.431182141723409695e-07 1.798987139396615914e-07 2.986940404153829833e-06
1.760000000000140785e+00 3.894145833465633114e-07 1.743984989981443175e-07 2.899739704681162279e-06
1.765000000000141123e+00 3.286989315525487730e-07 1.625084895060636613e-07 2.705878843240413169e-06
1.770000000000141460e+00 2.830031048811047051e-07 1.466601889520940284e-07 2.445450136727623842e-06
1.775000000000142020e+00 2.234502982542038798e-07 1.250018647628985737e-07 2.087255475537297418e-06
1.780000000000142357e+00 1.620793638189246601e-07 9.669702582490028763e-08 1.616899609208965030e-06
1.785000000000142695e+00 1.248320178645452454e-07 7.227693665505945330e-08 1.210260296391741992e-06
1.790000000000143032e+00 8.639557636713602706e-08 5.404839475434187558e-08 9.062943110608029024e-07
1.795000000000143592e+00 5.256814037701244866e-08 3.824038210622317886e-08 6.421173255427325687e-07
1.800000000000143929e+00 3.398462012011776298e-08 2.372102225522434613e-08 3.988683641535526395e-07
1.805000000000144267e+00 1.025009071746784258e-08 1.186000537320699136e-08 1.997024658572659951e-07
1.810000000000144826e+00 0.000000000000000000e+00 0.000000000000000000e+00 0.000000000000000000e+00
1.815000000000145164e+00 0.000000000000000000e+00 0.000000000000000000e+00 0.000000000000000000e+00
1.820000000000145501e+00 0.000000000000000000e+00 0.000000000000000000e+00 0.000000000000000000e+00
1.825000000000145839e+00 0.000000000000000000e+00 0.000000000000000000e+00 0.000000000000000000e+00
1.830000000000146398e+00 0.000000000000000000e+00 0.000000000000000000e+00 0.000000000000000000e+00
1.835000000000146736e+00 0.000000000000000000e+00 0.000000000000000000e+00 0.000000000000000000e+00
1.840000000000147073e+00 0.000000000000000000e+00 0.000000000000000000e+00 0.000000000000000000e+00
1.845000000000147633e+00 0.000000000000000000e+00 0.000000000000000000e+00 0.000000000000000000e+00
1.850000000000147971e+00 0.000000000000000000e+00 0.000000000000000000e+00 0.000000000000000000e+00
1.855000000000148308e+00 0.000000000000000000e+00 0.000000000000000000e+00 0.000000000000000000e+00
1.860000000000148646e+00 0.000000000000000000e+00 0.000000000000000000e+00 0.000000000000000000e+00
1.865000000000149205e+00 0.000000000000000000e+00 0.000000000000000000e+00 0.000000000000000000e+00
1.870000000000149543e+00 0.000000000000000000e+00 0.000000000000000000e+00 0.000000000000000000e+00
1.875000000000149880e+00 0.000000000000000000e+00 0.000000000000000000e+00 0.000000000000000000e+00
1.880000000000150218e+00 0.000000000000000000e+00 0.000000000000000000e+00 0.000000000000000000e+00
1.885000000000150777e+00 0.000000000000000000e+00 0.000000000000000000e+00 0.000000000000000000e+00
1.890000000000151115e+00 0.000000000000000000e+00 0.000000000000000000e+00 0.000000000000000000e+00
1.895000000000151452e+00 0.000000000000000000e+00 0.000000000000000000e+00 0.000000000000000000e+00
1.900000000000152012e+00 0.000000000000000000e+00 0.000000000000000000e+00 0.000000000000000000e+00
1.905000000000152349e+00 0.000000000000000000e+00 0.000000000000000000e+00 0.000000000000000000e+00
1.910000000000152687e+00 0.000000000000000000e+00 0.000000000000000000e+00 0.000000000000000000e+00
1.915000000000153024e+00 0.000000000000000000e+00 0.000000000000000000e+00 0.000000000000000000e+00
1.920000000000153584e+00 0.000000000000000000e+00 0.000000000000000000e+00 0.000000000000000000e+00
1.925000000000153921e+00 0.000000000000000000e+00 0.000000000000000000e+00 0.000000000000000000e+00
1.930000000000154259e+00 0.000000000000000000e+00 0.000000000000000000e+00 0.000000000000000000e+00
1.935000000000154818e+00 0.000000000000000000e+00 0.000000000000000000e+00 0.000000000000000000e+00
1.940000000000155156e+00 0.000000000000000000e+00 0.000000000000000000e+00 0.000000000000000000e+00
1.945000000000155493e+00 0.000000000000000000e+00 0.000000000000000000e+00 0.000000000000000000e+00
1.950000000000155831e+00 0.000000000000000000e+00 0.000000000000000000e+00 0.000000000000000000e+00
1.955000000000156390e+00 0.000000000000000000e+00 0.000000000000000000e+00 0.000000000000000000e+00
1.960000000000156728e+00 0.000000000000000000e+00 0.000000000000000000e+00 0.000000000000000000e+00
1.965000000000157065e+00 0.000000000000000000e+00 0.000000000000000000e+00 0.000000000000000000e+00
1.970000000000157625e+00 0.000000000000000000e+00 0.000000000000000000e+00 0.000000000000000000e+00
1.975000000000157963e+00 0.000000000000000000e+00 0.000000000000000000e+00 0.000000000000000000e+00
1.980000000000158300e+00 0.000000000000000000e+00 0.000000000000000000e+00 0.000000000000000000e+00
1.985000000000158638e+00 0.000000000000000000e+00 0.000000000000000000e+00 0.000000000000000000e+00
1.990000000000159197e+00 0.000000000000000000e+00 0.000000000000000000e+00 0.000000000000000000e+00
1.995000000000159535e+00 0.000000000000000000e+00 0.000000000000000000e+00 0.000000000000000000e+00
2.000000000000159872e+00 0.000000000000000000e+00 0.000000000000000000e+00 0.000000000000000000e+00
2.005000000000160210e+00 0.000000000000000000e+00 0.000000000000000000e+00 0.000000000000000000e+00
2.010000000000160547e+00 0.000000000000000000e+00 0.000000000000000000e+00 0.000000000000000000e+00
2.015000000000161329e+00 0.000000000000000000e+00 0.000000000000000000e+00 0.000000000000000000e+00
2.020000000000161666e+00 0.000000000000000000e+00 0.000000000000000000e+00 0.000000000000000000e+00
2.025000000000162004e+00 0.000000000000000000e+00 0.000000000000000000e+00 0.000000000000000000e+00
2.030000000000162341e+00 0.000000000000000000e+00 0.000000000000000000e+00 0.000000000000000000e+00
2.035000000000162679e+00 0.000000000000000000e+00 0.000000000000000000e+00 0.000000000000000000e+00
2.040000000000163016e+00 0.000000000000000000e+00 0.000000000000000000e+00 0.000000000000000000e+00
2.045000000000163354e+00 0.000000000000000000e+00 0.000000000000000000e+00 0.000000000000000000e+00
2.050000000000164135e+00 0.000000000000000000e+00 0.000000000000000000e+00 0.000000000000000000e+00
2.055000000000164473e+00 0.000000000000000000e+00 0.000000000000000000e+00 0.000000000000000000e+00
2.060000000000164810e+00 0.000000000000000000e+00 0.000000000000000000e+00 0.000000000000000000e+00
2.065000000000165148e+00 0.000000000000000000e+00 0.000000000000000000e+00 0.000000000000000000e+00
2.070000000000165485e+00 0.000000000000000000e+00 0.000000000000000000e+00 0.000000000000000000e+00
2.075000000000165823e+00 0.000000000000000000e+00 0.000000000000000000e+00 0.000000000000000000e+00
2.080000000000166160e+00 0.000000000000000000e+00 0.000000000000000000e+00 0.000000000000000000e+00
2.085000000000166498e+00 0.000000000000000000e+00 0.000000000000000000e+00 0.000000000000000000e+00
2.090000000000167280e+00 0.000000000000000000e+00 0.000000000000000000e+00 0.000000000000000000e+00
2.095000000000167617e+00 0.000000000000000000e+00 0.000000000000000000e+00 0.000000000000000000e+00
2.100000000000167955e+00 0.000000000000000000e+00 0.000000000000000000e+00 0.000000000000000000e+00
2.105000000000168292e+00 0.000000000000000000e+00 0.000000000000000000e+00 0.000000000000000000e+00
2.110000000000168630e+00 0.000000000000000000e+00 0.000000000000000000e+00 0.000000000000000000e+00
2.115000000000168967e+00 0.000000000000000000e+00 0.000000000000000000e+00 0.000000000000000000e+00
2.120000000000169305e+00 0.000000000000000000e+00 0.000000000000000000e+00 0.000000000000000000e+00
2.125000000000170086e+00 0.000000000000000000e+00 0.000000000000000000e+00 0.000000000000000000e+00
2.130000000000170424e+00 0.000000000000000000e+00 0.000000000000000000e+00 0.000000000000000000e+00
2.135000000000170761e+00 0.000000000000000000e+00 0.000000000000000000e+00 0.000000000000000000e+00
2.140000000000171099e+00 0.000000000000000000e+00 0.000000000000000000e+00 0.000000000000000000e+00
2.145000000000171436e+00 0.000000000000000000e+00 0.000000000000000000e+00 0.000000000000000000e+00
2.150000000000171774e+00 0.000000000000000000e+00 0.000000000000000000e+00 0.000000000000000000e+00
2.155000000000172111e+00 0.000000000000000000e+00 0.000000000000000000e+00 0.000000000000000000e+00
2.160000000000172893e+00 0.000000000000000000e+00 0.000000000000000000e+00 0.000000000000000000e+00
2.165000000000173230e+00 0.000000000000000000e+00 0.000000000000000000e+00 0.000000000000000000e+00
2.170000000000173568e+00 0.000000000000000000e+00 0.000000000000000000e+00 0.000000000000000000e+00
2.175000000000173905e+00 0.000000000000000000e+00 0.000000000000000000e+00 0.000000000000000000e+00
2.180000000000174243e+00 0.000000000000000000e+00 0.000000000000000000e+00 0.000000000000000000e+00
2.185000000000174580e+00 0.000000000000000000e+00 0.000000000000000000e+00 0.000000000000000000e+00
2.190000000000174918e+00 0.000000000000000000e+00 0.000000000000000000e+00 0.000000000000000000e+00
2.195000000000175699e+00 0.000000000000000000e+00 0.000000000000000000e+00 0.000000000000000000e+00
2.200000000000176037e+00 0.000000000000000000e+00 0.000000000000000000e+00 0.000000000000000000e+00
2.205000000000176374e+00 0.000000000000000000e+00 0.000000000000000000e+00 0.000000000000000000e+00
2.210000000000176712e+00 0.000000000000000000e+00 0.000000000000000000e+00 0.000000000000000000e+00
2.215000000000177049e+00 0.000000000000000000e+00 0.000000000000000000e+00 0.000000000000000000e+00
2.220000000000177387e+00 0.000000000000000000e+00 0.000000000000000000e+00 0.000000000000000000e+00
2.225000000000177725e+00 0.000000000000000000e+00 0.000000000000000000e+00 0.000000000000000000e+00
2.230000000000178506e+00 0.000000000000000000e+00 0.000000000000000000e+00 0.000000000000000000e+00
2.235000000000178844e+00 0.000000000000000000e+00 0.000000000000000000e+00 0.000000000000000000e+00
2.240000000000179181e+00 0.000000000000000000e+00 0.000000000000000000e+00 0.000000000000000000e+00
2.245000000000179519e+00 0.000000000000000000e+00 0.000000000000000000e+00 0.000000000000000000e+00
2.250000000000179856e+00 0.000000000000000000e+00 0.000000000000000000e+00 0.000000000000000000e+00
2.255000000000180194e+00 0.000000000000000000e+00 0.000000000000000000e+00 0.000000000000000000e+00
2.260000000000180531e+00 0.000000000000000000e+00 0.000000000000000000e+00 0.000000000000000000e+00
2.265000000000181313e+00 0.000000000000000000e+00 0.000000000000000000e+00 0.000000000000000000e+00
2.270000000000181650e+00 0.000000000000000000e+00 0.000000000000000000e+00 0.000000000000000000e+00
2.275000000000181988e+00 0.000000000000000000e+00 0.000000000000000000e+00 0.000000000000000000e+00
2.280000000000182325e+00 0.000000000000000000e+00 0.000000000000000000e+00 0.000000000000000000e+00
2.285000000000182663e+00 0.000000000000000000e+00 0.000000000000000000e+00 0.000000000000000000e+00
2.290000000000183000e+00 0.000000000000000000e+00 0.000000000000000000e+00 0.000000000000000000e+00
2.295000000000183338e+00 0.000000000000000000e+00 0.000000000000000000e+00 0.000000000000000000e+00
2.300000000000184119e+00 0.000000000000000000e+00 0.000000000000000000e+00 0.000000000000000000e+00
2.305000000000184457e+00 0.000000000000000000e+00 0.000000000000000000e+00 0.000000000000000000e+00
2.310000000000184794e+00 0.000000000000000000e+00 0.000000000000000000e+00 0.000000000000000000e+00
2.315000000000185132e+00 0.000000000000000000e+00 0.000000000000000000e+00 0.000000000000000000e+00
2.320000000000185469e+00 0.000000000000000000e+00 0.000000000000000000e+00 0.000000000000000000e+00
2.325000000000185807e+00 0.000000000000000000e+00 0.000000000000000000e+00 0.000000000000000000e+00
2.330000000000186144e+00 0.000000000000000000e+00 0.000000000000000000e+00 0.000000000000000000e+00
2.335000000000186926e+00 0.000000000000000000e+00 0.000000000000000000e+00 0.000000000000000000e+00
2.340000000000187264e+00 0.000000000000000000e+00 0.000000000000000000e+00 0.000000000000000000e+00
2.345000000000187601e+00 0.000000000000000000e+00 0.000000000000000000e+00 0.000000000000000000e+00
2.350000000000187939e+00 0.000000000000000000e+00 0.000000000000000000e+00 0.000000000000000000e+00
2.355000000000188276e+00 0.000000000000000000e+00 0.000000000000000000e+00 0.000000000000000000e+00
2.360000000000188614e+00 0.000000000000000000e+00 0.000000000000000000e+00 0.000000000000000000e+00
2.365000000000188951e+00 0.000000000000000000e+00 0.000000000000000000e+00 0.000000000000000000e+00
2.370000000000189733e+00 0.000000000000000000e+00 0.000000000000000000e+00 0.000000000000000000e+00
2.375000000000190070e+00 0.000000000000000000e+00 0.000000000000000000e+00 0.000000000000000000e+00
2.380000000000190408e+00 0.000000000000000000e+00 0.000000000000000000e+00 0.000000000000000000e+00
2.385000000000190745e+00 0.000000000000000000e+00 0.000000000000000000e+00 0.000000000000000000e+00
2.390000000000191083e+00 0.000000000000000000e+00 0.000000000000000000e+00 0.000000000000000000e+00
2.395000000000191420e+00 0.000000000000000000e+00 0.000000000000000000e+00 0.000000000000000000e+00
2.400000000000191758e+00 0.000000000000000000e+00 0.000000000000000000e+00 0.000000000000000000e+00
2.405000000000192539e+00 0.000000000000000000e+00 0.000000000000000000e+00 0.000000000000000000e+00
2.410000000000192877e+00 0.000000000000000000e+00 0.000000000000000000e+00 0.000000000000000000e+00
2.415000000000193214e+00 0.000000000000000000e+00 0.000000000000000000e+00 0.000000000000000000e+00
2.420000000000193552e+00 0.000000000000000000e+00 0.000000000000000000e+00 0.000000000000000000e+00
2.425000000000193889e+00 0.000000000000000000e+00 0.000000000000000000e+00 0.000000000000000000e+00
2.430000000000194227e+00 0.000000000000000000e+00 0.000000000000000000e+00 0.000000000000000000e+00
2.435000000000194564e+00 0.000000000000000000e+00 0.000000000000000000e+00 0.000000000000000000e+00
2.440000000000194902e+00 0.000000000000000000e+00 0.000000000000000000e+00 0.000000000000000000e+00
2.445000000000195683e+00 0.000000000000000000e+00 0.000000000000000000e+00 0.000000000000000000e+00
2.450000000000196021e+00 0.000000000000000000e+00 0.000000000000000000e+00 0.000000000000000000e+00
2.455000000000196358e+00 0.000000000000000000e+00 0.000000000000000000e+00 0.000000000000000000e+00
2.460000000000196696e+00 0.000000000000000000e+00 0.000000000000000000e+00 0.000000000000000000e+00
2.465000000000197034e+00 0.000000000000000000e+00 0.000000000000000000e+00 0.000000000000000000e+00
2.470000000000197371e+00 0.000000000000000000e+00 0.000000000000000000e+00 0.000000000000000000e+00
2.475000000000197709e+00 0.000000000000000000e+00 0.000000000000000000e+00 0.000000000000000000e+00
2.480000000000198490e+00 0.000000000000000000e+00 0.000000000000000000e+00 0.000000000000000000e+00
2.485000000000198828e+00 0.000000000000000000e+00 0.000000000000000000e+00 0.000000000000000000e+00
2.490000000000199165e+00 0.000000000000000000e+00 0.000000000000000000e+00 0.000000000000000000e+00
2.495000000000199503e+00 0.000000000000000000e+00 0.000000000000000000e+00 0.000000000000000000e+00
2.500000000000199840e+00 0.000000000000000000e+00 0.000000000000000000e+00 0.000000000000000000e+00
2.505000000000200178e+00 0.000000000000000000e+00 0.000000000000000000e+00 0.000000000000000000e+00
2.510000000000200515e+00 0.000000000000000000e+00 0.000000000000000000e+00 0.000000000000000000e+00
2.515000000000201297e+00 0.000000000000000000e+00 0.000000000000000000e+00 0.000000000000000000e+00
2.520000000000201634e+00 0.000000000000000000e+00 0.000000000000000000e+00 0.000000000000000000e+00
2.525000000000201972e+00 0.000000000000000000e+00 0.000000000000000000e+00 0.000000000000000000e+00
2.530000000000202309e+00 0.000000000000000000e+00 0.000000000000000000e+00 0.000000000000000000e+00
2.535000000000202647e+00 0.000000000000000000e+00 0.000000000000000000e+00 0.000000000000000000e+00
2.540000000000202984e+00 0.000000000000000000e+00 0.000000000000000000e+00 0.000000000000000000e+00
2.545000000000203322e+00 0.000000000000000000e+00 0.000000000000000000e+00 0.000000000000000000e+00
2.550000000000204103e+00 0.000000000000000000e+00 0.000000000000000000e+00 0.000000000000000000e+00
2.555000000000204441e+00 0.000000000000000000e+00 0.000000000000000000e+00 0.000000000000000000e+00
2.560000000000204778e+00 0.000000000000000000e+00 0.000000000000000000e+00 0.000000000000000000e+00
