5.000000000000399958e-03 -1.958068796154825801e-07 2.646977960169688560e-23 2.646977960169688560e-23
1.000000000000079992e-02 -2.432781760760457639e-07 1.003068112581986731e-06 1.257159446189429884e-06
1.500000000000119987e-02 -4.015777758581740267e-07 1.536236565639841043e-06 2.358107861014951780e-06
2.000000000000159983e-02 -6.424390646172045532e-07 1.794677609602922640e-06 3.180983240274733754e-06
2.500000000000199979e-02 -9.262390103247691309e-07 1.856332529058856788e-06 3.678626692926632521e-06
3.000000000000239975e-02 -1.215074395596491396e-06 1.784465503694190653e-06 3.873724431567357141e-06
3.500000000000279970e-02 -1.448435303709691028e-06 1.646779652247473951e-06 3.861263616895206181e-06
4.000000000000319966e-02 -1.564904572146899765e-06 1.529980635202404578e-06 3.835092719836398748e-06
4.500000000000359962e-02 -1.508503553757239526e-06 1.524627323850080669e-06 4.053497357030931812e-06
5.000000000000399958e-02 -1.228760550883437400e-06 1.664056229118278005e-06 4.663510273900289938e-06
5.500000000000439954e-02 -6.843519936684487429e-07 1.891273055605300529e-06 5.558985210350878295e-06
6.000000000000479949e-02 1.370406774897469151e-07 2.117600179654888788e-06 6.500990461779650748e-06
6.500000000000519251e-02 1.222889415269915740e-06 2.277892156180176782e-06 7.278632226280707437e-06
7.000000000000558553e-02 2.531666951685730678e-06 2.349140630991189365e-06 7.789650545520327045e-06
7.500000000000600631e-02 4.004666980655770402e-06 2.346465457727389813e-06 8.053872231283636441e-06
8.000000000000639933e-02 5.592826430330814224e-06 2.299863575782593963e-06 8.152804102906703829e-06
8.500000000000679234e-02 7.284815271973871185e-06 2.231916872608385199e-06 8.155440371209928538e-06
9.000000000000718536e-02 9.121089226788251715e-06 2.144798052145125453e-06 8.064317161321021162e-06
9.500000000000760614e-02 1.118718348188842482e-05 2.030046452931837453e-06 7.842015872909519018e-06
1.000000000000079992e-01 1.361329447509425543e-05 1.887862951565295313e-06 7.482218770078089051e-06
1.050000000000083922e-01 1.655649932778279100e-05 1.739489582124882024e-06 7.064418515624680027e-06
1.100000000000087852e-01 2.019209809736761014e-05 1.621067735272718337e-06 6.738410168309261231e-06
1.150000000000092060e-01 2.470895464073080634e-05 1.560213837348490757e-06 6.631213090831134117e-06
1.200000000000095990e-01 3.032241788109686791e-05 1.552655269620042330e-06 6.741019805961677243e-06
1.250000000000099920e-01 3.726644753705027764e-05 1.565108338749236029e-06 6.935205755251323061e-06
1.300000000000103850e-01 4.577751106378172676e-05 1.561251413119813047e-06 7.055120878927660468e-06
1.350000000000107780e-01 5.607879624902376123e-05 1.520782930322062498e-06 7.003160053144884950e-06
1.400000000000111988e-01 6.837118096085877854e-05 1.444367998101289311e-06 6.773323428990440581e-06
1.450000000000115918e-01 8.283130173668214235e-05 1.349788921519105328e-06 6.441838000195670205e-06
1.500000000000119849e-01 9.960876561558323244e-05 1.261523692673431727e-06 6.123517727494463467e-06
1.550000000000124056e-01 1.188352228358621450e-04 1.197238384801864340e-06 5.907536586190818869e-06
1.600000000000127987e-01 1.405972009231153401e-04 1.160496321774444809e-06 5.817865785530430348e-06
1.650000000000131917e-01 1.648838045204096018e-04 1.141367719064252842e-06 5.810687183970391331e-06
1.700000000000135847e-01 1.915087675114790240e-04 1.125894773312575574e-06 5.818113674273411737e-06
1.750000000000139777e-01 2.200263401421351174e-04 1.108337158613726772e-06 5.810999749145475127e-06
1.800000000000143985e-01 2.496692867209906975e-04 1.091626061903541103e-06 5.804570451509496185e-06
1.850000000000147915e-01 2.793536167394727854e-04 1.083279695839182859e-06 5.839644452710759595e-06
1.900000000000151845e-01 3.077880487623329045e-04 1.087441955400976080e-06 5.940771163424529996e-06
1.950000000000156053e-01 3.336632158343136854e-04 1.098724231077731872e-06 6.080873188694496103e-06
2.000000000000159983e-01 3.558942098545488228e-04 1.105547310884542034e-06 6.196582966820455948e-06
2.050000000000163913e-01 3.738423971977778044e-04 1.097035801455274065e-06 6.225262513230648127e-06
2.100000000000167844e-01 3.874226806142293689e-04 1.067477322101436696e-06 6.130956621414572991e-06
2.150000000000171774e-01 3.970707171434907689e-04 1.017484945528131734e-06 5.912990220191645083e-06
2.200000000000175981e-01 4.036164999817921668e-04 9.538708223290885209e-07 5.607391040862214730e-06
2.250000000000179912e-01 4.080801269732225816e-04 8.882309170799825134e-07 5.280524760361284666e-06
2.300000000000183842e-01 4.114913840032818036e-04 8.324451776725535245e-07 5.003564451096359896e-06
2.350000000000188050e-01 4.147711300787882121e-04 7.961743860290625906e-07 4.837289407204924004e-06
2.400000000000191980e-01 4.187108301756066247e-04 7.829417615562193558e-07 4.807231292203095540e-06
2.450000000000195910e-01 4.240251620749293441e-04 7.859515063096406532e-07 4.875719708942492382e-06
2.500000000000199840e-01 4.314396690114632939e-04 7.953889200826980274e-07 4.984360891018969080e-06
2.550000000000203770e-01 4.417809849155669797e-04 8.080095296560044447e-07 5.113832649420690157e-06
2.600000000000207701e-01 4.560155558472987888e-04 8.316087124145868998e-07 5.314539546935284240e-06
2.650000000000211631e-01 4.751926997548122948e-04 8.794406794253305736e-07 5.674001234709292938e-06
2.700000000000216116e-01 5.002952757134817696e-04 9.588055132577309731e-07 6.244135850436351023e-06
2.750000000000220046e-01 5.320139239652886282e-04 1.060030952212243437e-06 6.966984302188818442e-06
2.800000000000223976e-01 5.705295263784512013e-04 1.157869695630400496e-06 7.678893453392942971e-06
2.850000000000227907e-01 6.153685741136581244e-04 1.230394314820201935e-06 8.232404175718880835e-06
2.900000000000231837e-01 6.654141275938690869e-04 1.261901449196939613e-06 8.516955469660538396e-06
2.950000000000235767e-01 7.190711479100087315e-04 1.248599907582167628e-06 8.499516962548170939e-06
3.000000000000239697e-01 7.745308745124685704e-04 1.203422440552479433e-06 8.261115069519364088e-06
3.050000000000244182e-01 8.300667328134383668e-04 1.145787314698637052e-06 7.930742842690092481e-06
3.100000000000248113e-01 8.842530677552837975e-04 1.096082328334705737e-06 7.648635437047622345e-06
3.150000000000252043e-01 9.360705418528227030e-04 1.064815982186178171e-06 7.490137259880629904e-06
3.200000000000255973e-01 9.849076198038086809e-04 1.048039668269255541e-06 7.430407783702624000e-06
3.250000000000259903e-01 1.030467072943855571e-03 1.035297987228709976e-06 7.397193658597888960e-06
3.300000000000263833e-01 1.072669396581286093e-03 1.016886042786331110e-06 7.321316721930840596e-06
3.350000000000267764e-01 1.111545363987947012e-03 9.889044479488760652e-07 7.173591998309628027e-06
3.400000000000271694e-01 1.147187474805055115e-03 9.536563940181007496e-07 6.969334701922250225e-06
3.450000000000275624e-01 1.179714427600747455e-03 9.169550723276594928e-07 6.750214030118015876e-06
3.500000000000280109e-01 1.209269467187133176e-03 8.845697814711677270e-07 6.558825246144350602e-06
3.550000000000284039e-01 1.235996850938994238e-03 8.577754074551694699e-07 6.405421391791014314e-06
3.600000000000287970e-01 1.260021772427674181e-03 8.372189371876704038e-07 6.295789980033642882e-06
3.650000000000291900e-01 1.281419187591206245e-03 8.211589639595673882e-07 6.217755049157171932e-06
3.700000000000295830e-01 1.300190298859390040e-03 8.076045671257754479e-07 6.156864089796954605e-06
3.750000000000299760e-01 1.316253392297606593e-03 7.944093350263365316e-07 6.097052171808692708e-06
3.800000000000303690e-01 1.329468925843668974e-03 7.766458807978014797e-07 6.000325082266136161e-06
3.850000000000308176e-01 1.339690610778120940e-03 7.527765738452245892e-07 5.854049613622501942e-06
3.900000000000312106e-01 1.346824635626971134e-03 7.271037472134446058e-07 5.691000514419041788e-06
3.950000000000316036e-01 1.350881555077965753e-03 7.053869655511569213e-07 5.556302945044119881e-06
4.000000000000319966e-01 1.352027106189162501e-03 6.948316553148224036e-07 5.507690533500233176e-06
4.050000000000323896e-01 1.350574697557925270e-03 6.969748966773008315e-07 5.559101278200924301e-06
4.100000000000327827e-01 1.346955614190427190e-03 7.036497811938815840e-07 5.646878245260644589e-06
4.150000000000331757e-01 1.341659564811805653e-03 7.051581786086949795e-07 5.693384756066977183e-06
4.200000000000335687e-01 1.335163821054035629e-03 6.965012098501495667e-07 5.657264169423628247e-06
4.250000000000339617e-01 1.327894769154438093e-03 6.807899659704198418e-07 5.562468308857179895e-06
4.300000000000344103e-01 1.320178949399826527e-03 6.626706286162284259e-07 5.446178711164814834e-06
4.350000000000348033e-01 1.312267050901601718e-03 6.469280662556355582e-07 5.347620259225810683e-06
4.400000000000351963e-01 1.304322532545670226e-03 6.361887625601341433e-07 5.288984208766690166e-06
4.450000000000355893e-01 1.296460779303680979e-03 6.325379274647765296e-07 5.288427017288256443e-06
4.500000000000359823e-01 1.288741734023099396e-03 6.364889823463268014e-07 5.351272733078040528e-06
4.550000000000363753e-01 1.281203609019383825e-03 6.485108120737903959e-07 5.482553242917023527e-06
4.600000000000367684e-01 1.273854734351424333e-03 6.659808492263617676e-07 5.661096985446445938e-06
4.650000000000372169e-01 1.266704180212724091e-03 6.823489768029413983e-07 5.831670258807352739e-06
4.700000000000376099e-01 1.259747989824698631e-03 6.911662414074723831e-07 5.938699976572111794e-06
4.750000000000380029e-01 1.252989151566252530e-03 6.872732147772671825e-07 5.936577773207854890e-06
4.800000000000383960e-01 1.246458635083327274e-03 6.704327562361972487e-07 5.821511802113867817e-06
4.850000000000387890e-01 1.240210505184059786e-03 6.414669548626519184e-07 5.598930755922848062e-06
4.900000000000391820e-01 1.234317886194414475e-03 6.099264800639445280e-07 5.351006361310769385e-06
4.950000000000395750e-01 1.228879639277933970e-03 5.832941018464449783e-07 5.143397896732874667e-06
5.000000000000399680e-01 1.224001095015123976e-03 5.684998827854613123e-07 5.038199032412328206e-06
5.050000000000404166e-01 1.219792602239842556e-03 5.670691974999612041e-07 5.050585006911316402e-06
5.100000000000408651e-01 1.216347406497983712e-03 5.735287899209126720e-07 5.133342598843831362e-06
5.150000000000412026e-01 1.213746164970084390e-03 5.799250235574643355e-07 5.215973807029974033e-06
5.200000000000416511e-01 1.212049023954366251e-03 5.824065899562598574e-07 5.263660750980076650e-06
5.250000000000419886e-01 1.211294060431596271e-03 5.804194786948755661e-07 5.270861068004040797e-06
5.300000000000424372e-01 1.211504516931162121e-03 5.792581883856429356e-07 5.285305008872232588e-06
5.350000000000428857e-01 1.212706026250536060e-03 5.803885200536317464e-07 5.320539149225508711e-06
5.400000000000432232e-01 1.214931858016827116e-03 5.877515377745696714e-07 5.413156616172246129e-06
5.450000000000436717e-01 1.218229178985468083e-03 6.016495750181388245e-07 5.566751103987457437e-06
5.500000000000440092e-01 1.222655362176611193e-03 6.225154278654733044e-07 5.786172838943391960e-06
5.550000000000444578e-01 1.228272707504978736e-03 6.464077610928099893e-07 6.035496358516523004e-06
5.600000000000447953e-01 1.235134762363491057e-03 6.667941757163361419e-07 6.253825366708388115e-06
5.650000000000452438e-01 1.243259627523016653e-03 6.783517495032714295e-07 6.390562870905373664e-06
5.700000000000456923e-01 1.252634557963107007e-03 6.775656349249720913e-07 6.411338950543680775e-06
5.750000000000460298e-01 1.263210968423684414e-03 6.679088044390077062e-07 6.347621599483386571e-06
5.800000000000464784e-01 1.274913402064421601e-03 6.546915116390099900e-07 6.249001737746188236e-06
5.850000000000468159e-01 1.287651680215226926e-03 6.447585729073843814e-07 6.180662039950292202e-06
5.900000000000472644e-01 1.301330562095614259e-03 6.413195854861723525e-07 6.173912178630638270e-06
5.950000000000476019e-01 1.315871308285730852e-03 6.428550564377311022e-07 6.214861942345472343e-06
6.000000000000480505e-01 1.331208993343357830e-03 6.470984979131646921e-07 6.282116057620604601e-06
6.050000000000484990e-01 1.347284415346463411e-03 6.521007540642400952e-07 6.357001709957797360e-06
6.100000000000488365e-01 1.364042698394315675e-03 6.568569952569869096e-07 6.429773661945361510e-06
6.150000000000492850e-01 1.381400188777353200e-03 6.562440621096079922e-07 6.450047058805054310e-06
6.200000000000496225e-01 1.399266446125770362e-03 6.456886300756372498e-07 6.372046292335541873e-06
6.250000000000500711e-01 1.417535095066134150e-03 6.225345354721169904e-07 6.168270295348044371e-06
6.300000000000504086e-01 1.436089725798140974e-03 5.904793296898961382e-07 5.874013124573930643e-06
6.350000000000508571e-01 1.454841148876385732e-03 5.628587615269190309e-07 5.621422555635453280e-06
6.400000000000511946e-01 1.473703059005883331e-03 5.531288418984839072e-07 5.545953578466781947e-06
6.450000000000516431e-01 1.492598928792754874e-03 5.663994300704668280e-07 5.701151783514902696e-06
6.500000000000520917e-01 1.511459918318335807e-03 5.926559165167075906e-07 5.988516371596442184e-06
6.550000000000524292e-01 1.530199111273401399e-03 6.172244540574344200e-07 6.260711805826185335e-06
6.600000000000528777e-01 1.548719967423622815e-03 6.308659524208604071e-07 6.423459579775982562e-06
6.650000000000532152e-01 1.566929979114623037e-03 6.328122469304840704e-07 6.467636997575505501e-06
6.700000000000536637e-01 1.584757065565196507e-03 6.285497097330012460e-07 6.448177294777872235e-06
6.750000000000540012e-01 1.602154894536084260e-03 6.243118279651784990e-07 6.428555355484173878e-06
6.800000000000544498e-01 1.619101998407170701e-03 6.228278323102357130e-07 6.436983657399443649e-06
6.850000000000547873e-01 1.635591808043451202e-03 6.253046217202072350e-07 6.486297481777104999e-06
6.900000000000552358e-01 1.651621556726035316e-03 6.333417194593825692e-07 6.593599749504251105e-06
6.950000000000556843e-01 1.667164504967566518e-03 6.474830681803107988e-07 6.765201816683512243e-06
7.000000000000560219e-01 1.682173311476800430e-03 6.650851862324804107e-07 6.974068892883277577e-06
7.050000000000564704e-01 1.696594009948514722e-03 6.807992391135729309e-07 7.164296624368405749e-06
7.100000000000568079e-01 1.710360519882730143e-03 6.878141840398463354e-07 7.263739161719410155e-06
7.150000000000572564e-01 1.723410605761597440e-03 6.803485665408516732e-07 7.210152218454101257e-06
7.200000000000575939e-01 1.735699960328363975e-03 6.575251131478808282e-07 6.992597513196557760e-06
7.250000000000580425e-01 1.747211415049984215e-03 6.239859138277296109e-07 6.658918931064450797e-06
7.300000000000584910e-01 1.757943036224020403e-03 5.875955335344028170e-07 6.292161405151433554e-06
7.350000000000588285e-01 1.767917367590966706e-03 5.586909589901471738e-07 6.003095488140206722e-06
7.400000000000592770e-01 1.777173207688999843e-03 5.452225100890508044e-07 5.878270623484897521e-06
7.450000000000596145e-01 1.785748668322026823e-03 5.481335652268969261e-07 5.929587362034691557e-06
7.500000000000600631e-01 1.793678219601300625e-03 5.630370484246388749e-07 6.111214719043035798e-06
7.550000000000604006e-01 1.800988837451074093e-03 5.822294348725279553e-07 6.340559348240837127e-06
7.600000000000608491e-01 1.807701453939602153e-03 5.979975311294148537e-07 6.533804348982913250e-06
7.650000000000612976e-01 1.813820183175370547e-03 6.046141625076984416e-07 6.627793548813426264e-06
7.700000000000616351e-01 1.819332064800912360e-03 5.991334182718508865e-07 6.589141671499466755e-06
7.750000000000620837e-01 1.824194469726177128e-03 5.822488640573368491e-07 6.424205719090108569e-06
7.800000000000624212e-01 1.828317234319117805e-03 5.584558695642929616e-07 6.181531686020181387e-06
7.850000000000628697e-01 1.831576882618314930e-03 5.346917620258318758e-07 5.937426683075804811e-06
7.900000000000632072e-01 1.833824468862577410e-03 5.172410426541935216e-07 5.761909897215761798e-06
7.950000000000636557e-01 1.834927516602661342e-03 5.093652953297091034e-07 5.692104369271603830e-06
8.000000000000639933e-01 1.834817149818117419e-03 5.102643819463332415e-07 5.720054757700059789e-06
8.050000000000644418e-01 1.833494939513973312e-03 5.162230358251899239e-07 5.804906904737273310e-06
8.100000000000648903e-01 1.831051238822454857e-03 5.230265335750930350e-07 5.899648938487294332e-06
8.150000000000652278e-01 1.827641532131475677e-03 5.268370237437643036e-07 5.960943844085515792e-06
8.200000000000656764e-01 1.823433514418070812e-03 5.272558853053283515e-07 5.983954750277705870e-06
8.250000000000660139e-01 1.818581310837750174e-03 5.246504410169147595e-07 5.972510955434291606e-06
8.300000000000664624e-01 1.813212006455969250e-03 5.213724234741584733e-07 5.953152958968680276e-06
8.350000000000667999e-01 1.807435392805972242e-03 5.183542513573066027e-07 5.936491373764809533e-06
8.400000000000672484e-01 1.801344779371668627e-03 5.137044175953722416e-07 5.900826997066611410e-06
8.450000000000675859e-01 1.795044335573440977e-03 5.048294466877864156e-07 5.816114829409974534e-06
8.500000000000680345e-01 1.788623854105620466e-03 4.917211247655083152e-07 5.681830421438538274e-06
8.550000000000684830e-01 1.782170560947653149e-03 4.770177006142853273e-07 5.528120365630318436e-06
8.600000000000688205e-01 1.775732440047305370e-03 4.653509367113518500e-07 5.408660933657356055e-06
8.650000000000692690e-01 1.769327425932448825e-03 4.610615607632490223e-07 5.374361907916100589e-06
8.700000000000696065e-01 1.762931739673951996e-03 4.647826203358970412e-07 5.433372056727961927e-06
8.750000000000700551e-01 1.756503058542413943e-03 4.744542565641497742e-07 5.562349997013771145e-06
8.800000000000703926e-01 1.749985553667058507e-03 4.872129104102523622e-07 5.728224922859223490e-06
8.850000000000708411e-01 1.743330612281681052e-03 4.986944651849293397e-07 5.879848308325016199e-06
8.900000000000712896e-01 1.736499710188472772e-03 5.061490836306625878e-07 5.984576139905242959e-06
8.950000000000716271e-01 1.729461394925425541e-03 5.073208287751767652e-07 6.015256477297954233e-06
9.000000000000720757e-01 1.722210518704101866e-03 5.021722919800830845e-07 5.970819458718357352e-06
9.050000000000724132e-01 1.714758521684948533e-03 4.922567310734409219e-07 5.869159222028801824e-06
9.100000000000728617e-01 1.707134744627192497e-03 4.813700228522477607e-07 5.755190133315579984e-06
9.150000000000731992e-01 1.699365834405889859e-03 4.728735552235876906e-07 5.669118211825441819e-06
9.200000000000736478e-01 1.691481195712894563e-03 4.692976186886349161e-07 5.641598858005011259e-06
9.250000000000740963e-01 1.683497374860912221e-03 4.701840552992298845e-07 5.667593614203124090e-06
9.300000000000744338e-01 1.675413587359178384e-03 4.724401005115725954e-07 5.710158535011266404e-06
9.350000000000748823e-01 1.667221728653917566e-03 4.717708005899879736e-07 5.717376620953815839e-06
9.400000000000752198e-01 1.658908981809014901e-03 4.657434823695928392e-07 5.659403400246855920e-06
9.450000000000756684e-01 1.650448178843374894e-03 4.553367970246151755e-07 5.547644089624092387e-06
9.500000000000760059e-01 1.641828030994336995e-03 4.460254590579738162e-07 5.448555637688738294e-06
9.550000000000764544e-01 1.633055135614600506e-03 4.435148933288323187e-07 5.432125967832821335e-06
9.600000000000767919e-01 1.624113367174281593e-03 4.488432707840966964e-07 5.511759680105308814e-06
9.650000000000772404e-01 1.615008452755755004e-03 4.605783534960288665e-07 5.670575251018648784e-06
9.700000000000776890e-01 1.605735813923001541e-03 4.735357179312684863e-07 5.845188864519172547e-06
9.750000000000780265e-01 1.596289706669115887e-03 4.837282006553749476e-07 5.986371342958851878e-06
9.800000000000784750e-01 1.586674667471798042e-03 4.877372845307499379e-07 6.051442797377332337e-06
9.850000000000788125e-01 1.576897129825071764e-03 4.839843313378621305e-07 6.020178323196058280e-06
9.900000000000792610e-01 1.566974613142743450e-03 4.727999253762832607e-07 5.895965520889405170e-06
9.950000000000795985e-01 1.556927916957876433e-03 4.583604109441785087e-07 5.730316093449840396e-06
1.000000000000079936e+00 1.546780143337124491e-03 4.443067744855988371e-07 5.568559617678729912e-06
1.005000000000080274e+00 1.536538608573575484e-03 4.337736676879971248e-07 5.450121120970871793e-06
1.010000000000080833e+00 1.526206967714943772e-03 4.284471806300814880e-07 5.396571242360782462e-06
1.015000000000081171e+00 1.515772042855475978e-03 4.281996427767800424e-07 5.406786992268040067e-06
1.020000000000081508e+00 1.505204271065691381e-03 4.338189919342378964e-07 5.491216733140645235e-06
1.025000000000081846e+00 1.494462495194567647e-03 4.458695113811293381e-07 5.657566239864258929e-06
1.030000000000082405e+00 1.483491870569421433e-03 4.621327443776759744e-07 5.878212640996949315e-06
1.035000000000082743e+00 1.472245470747283883e-03 4.793593147716826155e-07 6.112111725777149731e-06
1.040000000000083080e+00 1.460679034578379540e-03 4.932740678554928528e-07 6.304706773655663502e-06
1.045000000000083418e+00 1.448771696324765382e-03 5.016272173972682350e-07 6.426864982882490235e-06
1.050000000000083977e+00 1.436526250301850896e-03 5.043735503736451550e-07 6.477492098770075084e-06
1.055000000000084315e+00 1.423963685608827402e-03 5.038864649747688827e-07 6.486626039623098594e-06
1.060000000000084652e+00 1.411122047824889779e-03 5.025900465047841604e-07 6.485250480530839275e-06
1.065000000000085212e+00 1.398034712910416286e-03 5.000746916275397912e-07 6.467994146742155334e-06
1.070000000000085549e+00 1.384747136490800190e-03 4.958735115674423369e-07 6.428693748606667595e-06
1.075000000000085887e+00 1.371294185406045450e-03 4.889980079908923559e-07 6.354351877917180317e-06
1.080000000000086224e+00 1.357699479295726343e-03 4.798640804974839306e-07 6.250144511977969723e-06
1.085000000000086784e+00 1.343965524299255187e-03 4.717843381319886639e-07 6.159115198278596233e-06
1.090000000000087121e+00 1.330086246326307731e-03 4.676742883447758626e-07 6.119510461191434701e-06
1.095000000000087459e+00 1.316038431987516348e-03 4.681971545927887253e-07 6.140387346979250717e-06
1.100000000000088018e+00 1.301781666788032893e-03 4.717314444086054114e-07 6.200848307655013114e-06
1.105000000000088356e+00 1.287278937760513980e-03 4.762816341630839901e-07 6.274872598702065554e-06
1.110000000000088693e+00 1.272492073743306668e-03 4.815819834936893898e-07 6.359041496675036327e-06
1.115000000000089031e+00 1.257403679694114613e-03 4.886457355221870887e-07 6.466830607787859467e-06
1.120000000000089591e+00 1.242009024055546265e-03 4.975995749312238387e-07 6.600076213705792458e-06
1.125000000000089928e+00 1.226322768964266570e-03 5.059603120368107077e-07 6.725934776062780596e-06
1.130000000000090266e+00 1.210360131857379350e-03 5.100226435331593456e-07 6.794986812501581753e-06
1.135000000000090825e+00 1.194155180367420781e-03 5.065295690618903102e-07 6.763362606001111728e-06
1.140000000000091163e+00 1.177724309876824723e-03 4.953186613927196040e-07 6.628222135367689226e-06
1.145000000000091500e+00 1.161098440662352693e-03 4.795831045198726592e-07 6.431711515460548889e-06
1.150000000000091838e+00 1.144298918089180824e-03 4.636135685476688251e-07 6.231103953325281600e-06
1.155000000000092397e+00 1.127344371518995431e-03 4.513265394871798908e-07 6.079135208997814745e-06
1.160000000000092735e+00 1.110250699114333391e-03 4.435422889351894378e-07 5.987202766390923611e-06
1.165000000000093072e+00 1.093020579596543388e-03 4.387015507314170680e-07 5.934608451903851236e-06
1.170000000000093632e+00 1.075656019491656040e-03 4.345804756488220432e-07 5.891461993038453528e-06
1.175000000000093969e+00 1.058147406582529530e-03 4.307471830592184171e-07 5.851959580754522084e-06
1.180000000000094307e+00 1.040495408642942189e-03 4.286536782447384354e-07 5.835895369165818487e-06
1.185000000000094644e+00 1.022690581481962768e-03 4.316147743460165503e-07 5.888645577412993242e-06
1.190000000000095204e+00 1.004733519715033437e-03 4.402153464618844847e-07 6.018643195909629902e-06
1.195000000000095541e+00 9.866155368861663152e-04 4.505426238564007035e-07 6.172765449363912386e-06
1.200000000000095879e+00 9.683271505054429074e-04 4.577927099328684124e-07 6.285204808057764315e-06
1.205000000000096438e+00 9.498752936602222058e-04 4.575916271089253491e-07 6.295518887565400972e-06
1.210000000000096776e+00 9.312596904244590688e-04 4.502177121957351025e-07 6.206906459212563398e-06
1.215000000000097113e+00 9.125154916516941021e-04 4.395350402970740796e-07 6.072137268493724433e-06
1.220000000000097451e+00 8.936724444234525524e-04 4.307944143727074462e-07 5.963619381413427317e-06
1.225000000000098010e+00 8.747546257142726524e-04 4.285185330624134116e-07 5.944257198657452520e-06
1.230000000000098348e+00 8.557789760480609149e-04 4.337894154018643170e-07 6.029640857779699887e-06
1.235000000000098686e+00 8.367027858551562714e-04 4.461335454908354564e-07 6.213814684365595538e-06
1.240000000000099023e+00 8.174760933637446100e-04 4.634383976262313975e-07 6.467892528397993195e-06
1.245000000000099583e+00 7.979806159210238187e-04 4.928247231333472010e-07 6.891870380660470288e-06
1.250000000000099920e+00 7.780257694786047546e-04 5.572943860116810190e-07 7.809075346358683350e-06
1.255000000000100258e+00 7.573215725524400652e-04 7.107982728045788260e-07 9.979945399280588120e-06
1.260000000000100817e+00 7.354844378740126639e-04 1.032265907167518706e-06 1.452234651381864498e-05
1.265000000000101155e+00 7.120387836454138749e-04 1.594960343878435433e-06 2.248304298315903244e-05
1.270000000000101492e+00 6.865345933779095624e-04 2.446459048483825529e-06 3.455411302325256954e-05
1.275000000000101830e+00 6.586444652845370321e-04 3.599160303319530775e-06 5.093498951143213331e-05
1.280000000000102389e+00 6.283264762051094313e-04 5.019656734133188680e-06 7.117687926910825800e-05
1.285000000000102727e+00 5.663198250304220423e-04 1.269946193769009682e-05 1.804250453426279623e-04
1.290000000000103064e+00 5.195928038896221145e-04 1.520886598938384437e-05 2.164968724557456647e-04
1.295000000000103624e+00 4.831877734315459614e-04 1.619167121146036938e-05 2.309332668053777648e-04
1.300000000000103961e+00 4.518287716887209923e-04 1.662126871902151732e-05 2.375175941282615586e-04
1.305000000000104299e+00 4.234692228064612088e-04 1.677229766559948314e-05 2.401362673756155777e-04
1.310000000000104636e+00 3.978197518893812623e-04 1.671556982944969003e-05 2.397821072343066825e-04
1.315000000000105196e+00 3.733600881478153712e-04 1.657866318858546839e-05 2.382716232231082347e-04
1.320000000000105533e+00 3.511855964134299882e-04 1.630470643423744385e-05 2.347793456503139363e-04
1.325000000000105871e+00 3.299853879425834182e-04 1.598690161819237720e-05 2.306386992237258453e-04
1.330000000000106430e+00 3.097142299836578194e-04 1.562977636781132985e-05 2.259115956838682522e-04
1.335000000000106768e+00 2.913809392366676536e-04 1.518767235045205232e-05 2.199337051645618439e-04
1.340000000000107105e+00 2.737840348977290815e-04 1.472628178451990959e-05 2.136512529464245800e-04
1.345000000000107443e+00 2.569069836604420502e-04 1.424886932761174612e-05 2.071101982485920633e-04
1.350000000000108002e+00 2.407175040603130943e-04 1.375815130220003996e-05 2.003488730791095111e-04
1.355000000000108340e+00 2.252019004183787067e-04 1.325715901179721763e-05 1.934105017279292833e-04
1.360000000000108678e+00 2.112775301731747882e-04 1.271755569113060602e-05 1.858801613616467032e-04
1.365000000000109015e+00 1.979286473329496063e-04 1.218026971405632104e-05 1.783541295994039695e-04
1.370000000000109575e+00 1.843661264869140854e-04 1.167447817446466154e-05 1.712606940393243400e-04
1.375000000000109912e+00 1.722737645681153844e-04 1.114825196872568689e-05 1.638392923532047836e-04
1.380000000000110250e+00 1.607814811047114396e-04 1.063252315205403856e-05 1.565437808732755007e-04
1.385000000000110809e+00 1.498964228107870086e-04 1.012850512314408765e-05 1.493929755035415877e-04
1.390000000000111147e+00 1.395788615544429792e-04 9.636381314854129763e-06 1.423905985076580360e-04
1.395000000000111484e+00 1.304952562212932903e-04 9.141262851620002777e-06 1.353172737162179368e-04
1.400000000000111822e+00 1.212303830685682699e-04 8.674341517258075528e-06 1.286353916419080766e-04
1.405000000000112381e+00 1.124153327121690002e-04 8.217937030342311835e-06 1.220846070834628243e-04
1.410000000000112719e+00 1.047169532511582168e-04 7.765231941174638214e-06 1.155643622956210685e-04
1.415000000000113056e+00 9.685347383527000056e-05 7.337590311958655755e-06 1.093935253034582174e-04
1.420000000000113616e+00 8.999711716675099123e-05 6.918074957344891901e-06 1.033211839291549018e-04
1.425000000000113953e+00 8.356287909746411887e-05 6.517660570497932752e-06 9.751223485708074778e-05
1.430000000000114291e+00 7.707780223919566821e-05 6.143119331851300751e-06 9.206973834955276491e-05
1.435000000000114628e+00 7.146071539496941629e-05 5.780267686697682662e-06 8.678283636940367597e-05
1.440000000000115188e+00 6.622716171365784690e-05 5.436650887952449807e-06 8.176597701023934073e-05
1.445000000000115525e+00 6.092286017009716152e-05 5.113339665367891842e-06 7.703684793739163294e-05
1.450000000000115863e+00 5.635337282169648922e-05 4.801841163536186096e-06 7.246891012012886279e-05
1.455000000000116422e+00 5.205888503314241671e-05 4.504229312922359196e-06 6.809448313653474188e-05
1.460000000000116760e+00 4.802272140812276885e-05 4.219454714002086932e-06 6.389879914644226190e-05
1.465000000000117097e+00 4.420047159241067463e-05 3.945078212255418430e-06 5.984589530681275736e-05
1.470000000000117435e+00 4.062222433199693311e-05 3.682773312963891610e-06 5.596204717980420934e-05
1.475000000000117995e+00 3.723687644214207444e-05 3.430451298009941798e-06 5.221643368118325306e-05
1.480000000000118332e+00 3.410750085295815106e-05 3.191532568786376325e-06 4.866201372315425490e-05
1.485000000000118670e+00 3.117909701098482418e-05 2.964568668554257506e-06 4.527773358394407893e-05
1.490000000000119229e+00 2.846755542290128568e-05 2.750876803224930046e-06 4.208469788763658176e-05
1.495000000000119567e+00 2.615528260904386278e-05 2.550042703441392833e-06 3.907760944647578751e-05
1.500000000000119904e+00 2.383380736415172691e-05 2.362861767850755420e-06 3.626969331341145048e-05
1.505000000000120242e+00 2.169660570078329188e-05 2.188159973450583447e-06 3.364397162246107292e-05
1.510000000000120801e+00 1.971536105066101785e-05 2.024078952332081504e-06 3.117280343138911189e-05
1.515000000000121139e+00 1.804836135189922283e-05 1.870781391065328360e-06 2.885953280503764795e-05
1.520000000000121476e+00 1.634182826953596679e-05 1.724591093011873874e-06 2.664819951513019248e-05
1.525000000000122036e+00 1.473808660777205252e-05 1.584629731660946373e-06 2.452577052557717714e-05
1.530000000000122373e+00 1.336468665733053799e-05 1.451130002760577306e-06 2.249634560617804434e-05
1.535000000000122711e+00 1.193525492573737327e-05 1.321207870205339328e-06 2.051564995919055297e-05
1.540000000000123048e+00 1.062116390912406185e-05 1.198062311875083067e-06 1.863372601541671313e-05
1.545000000000123608e+00 9.490754664049190292e-06 1.082324153077193762e-06 1.686093020441271139e-05
1.550000000000123945e+00 8.364772426838958683e-06 9.744008495955274242e-07 1.520419537063456573e-05
1.555000000000124283e+00 7.430499995664053005e-06 8.771990079170606991e-07 1.370955212184685365e-05
1.560000000000124620e+00 6.519657239058507126e-06 7.890240673707017888e-07 1.235129482004308779e-05
1.565000000000125180e+00 5.810333997800799834e-06 7.128384903755984940e-07 1.117656250492008721e-05
1.570000000000125517e+00 5.106322894117815470e-06 6.425277086117156745e-07 1.009024301103772498e-05
1.575000000000125855e+00 4.534242809799260608e-06 5.804811932930985530e-07 9.130369876335078040e-06
1.580000000000126414e+00 3.990448071246951124e-06 5.256390326095212259e-07 8.280872336892119041e-06
1.585000000000126752e+00 3.579105916055215570e-06 4.797606962329341526e-07 7.570058538597480843e-06
1.590000000000127089e+00 3.138362996397499766e-06 4.358798885241658784e-07 6.888510612637749896e-06
1.595000000000127427e+00 2.816625292133260422e-06 4.005126155211909538e-07 6.339521549456625469e-06
1.600000000000127987e+00 2.535804902443678111e-06 3.685516837426486486e-07 5.842763795023821370e-06
1.605000000000128324e+00 2.232212294869886649e-06 3.388695087374690022e-07 5.380590616923408682e-06
1.610000000000128662e+00 1.995799149437072178e-06 3.143293637684376088e-07 4.998708712201240991e-06
1.615000000000129221e+00 1.788211085704260000e-06 2.928288031347427798e-07 4.664015599038219914e-06
1.620000000000129559e+00 1.565245204996776021e-06 2.700383224092619704e-07 4.307674180017427069e-06
1.625000000000129896e+00 1.391248968156808757e-06 2.515948766604875965e-07 4.019651615770556202e-06
1.630000000000130234e+00 1.245218786140068881e-06 2.358830207554523688e-07 3.774421709535458334e-06
1.635000000000130793e+00 1.093577536079011906e-06 2.203474791656080419e-07 3.531237301659490387e-06
1.640000000000131131e+00 1.001181730659673122e-06 2.113182117606724701e-07 3.391710605790491697e-06
1.645000000000131468e+00 9.236955005146422113e-07 2.039184589317051999e-07 3.277928151167688529e-06
1.650000000000132028e+00 8.700758780973663274e-07 1.970120048174054872e-07 3.171718249720619715e-06
1.655000000000132365e+00 8.077621718932176457e-07 1.896180377179742424e-07 3.057303725290846762e-06
1.660000000000132703e+00 7.640193079680699939e-07 1.824859375188989680e-07 2.946750633784336693e-06
1.665000000000133040e+00 7.114275694550299452e-07 1.755910440587012109e-07 2.839680103822350861e-06
1.670000000000133600e+00 6.442609767760294774e-07 1.677218057200596697e-07 2.716487453557679577e-06
1.675000000000133937e+00 6.032200027448906520e-07 1.636339033541322332e-07 2.654242717540078569e-06
1.680000000000134275e+00 5.918258890135362112e-07 1.605274289440923181e-07 2.607737241893653562e-06
1.685000000000134612e+00 5.727601023800123860e-07 1.579932888457463735e-07 2.570387086868082504e-06
1.690000000000135172e+00 5.369062284615504071e-07 1.538905507562441644e-07 2.507351637207001854e-06
1.695000000000135509e+00 5.281069626982657183e-07 1.473022338596271121e-07 2.403555323074997977e-06
1.700000000000135847e+00 4.891764474548136190e-07 1.371222852066378467e-07 2.240745028645558816e-06
1.705000000000136406e+00 4.360524936005155828e-07 1.230465032557499521e-07 2.013684404542238786e-06
1.710000000000136744e+00 3.875644084705035748e-07 1.093954509597965897e-07 1.792904910217882752e-06
1.715000000000137081e+00 3.251745660712501209e-07 9.661299548875071740e-08 1.585723813890913279e-06
1.720000000000137419e+00 2.576468101927307036e-07 8.513815449643079743e-08 1.399421023064087809e-06
1.725000000000137979e+00 2.274496538933881492e-07 7.845966485340385384e-08 1.291519408235540947e-06
1.730000000000138316e+00 2.077593948728618944e-07 7.280608620474786578e-08 1.200191856382610988e-06
1.735000000000138654e+00 1.751025547655315957e-07 6.640397006454834487e-08 1.096235149723212937e-06
1.740000000000139213e+00 1.470904827547402675e-07 5.854356834333848478e-08 9.678626989619512627e-07
1.745000000000139551e+00 1.402965543421280413e-07 5.224918083970502503e-08 8.650418925727026957e-07
1.750000000000139888e+00 1.017641680815348203e-07 4.515073779762898694e-08 7.485896431146123826e-07
1.755000000000140226e+00 7.218904026588530802e-08 4.328380038341328989e-08 7.186606806645045298e-07
1.760000000000140785e+00 3.438160586613699410e-08 4.125271611585191989e-08 6.859126628627068160e-07
1.765000000000141123e+00 1.870825470356320751e-08 4.545407547634505695e-08 7.568418212754709774e-07
1.770000000000141460e+00 5.609368799077011262e-09 4.904467570597142772e-08 8.177836791830843842e-07
1.775000000000142020e+00 1.145786639892498899e-08 4.788076993377811372e-08 7.995032666655279955e-07
1.780000000000142357e+00 -1.527825965299246527e-08 4.157549955582162070e-08 6.951962421905730474e-07
1.785000000000142695e+00 -1.982971873940653453e-08 4.123410408491579138e-08 6.904553698702558241e-07
1.790000000000143032e+00 -3.805126579043187919e-09 3.561582573850495158e-08 5.972133011026553596e-07
1.795000000000143592e+00 3.222700621281880470e-09 3.085066115751547498e-08 5.180320630338338904e-07
1.800000000000143929e+00 -9.538275639301303992e-09 2.225017761471181194e-08 3.741361502812754988e-07
1.805000000000144267e+00 -1.840119325060385841e-08 1.865574929883706306e-08 3.141313195194030795e-07
1.810000000000144826e+00 0.000000000000000000e+00 0.000000000000000000e+00 0.000000000000000000e+00
1.815000000000145164e+00 0.000000000000000000e+00 0.000000000000000000e+00 0.000000000000000000e+00
1.820000000000145501e+00 0.000000000000000000e+00 0.000000000000000000e+00 0.000000000000000000e+00
1.825000000000145839e+00 0.000000000000000000e+00 0.000000000000000000e+00 0.000000000000000000e+00
1.830000000000146398e+00 0.000000000000000000e+00 0.000000000000000000e+00 0.000000000000000000e+00
1.835000000000146736e+00 0.000000000000000000e+00 0.000000000000000000e+00 0.000000000000000000e+00
1.840000000000147073e+00 0.000000000000000000e+00 0.000000000000000000e+00 0.000000000000000000e+00
1.845000000000147633e+00 0.000000000000000000e+00 0.000000000000000000e+00 0.000000000000000000e+00
1.850000000000147971e+00 0.000000000000000000e+00 0.000000000000000000e+00 0.000000000000000000e+00
1.855000000000148308e+00 0.000000000000000000e+00 0.000000000000000000e+00 0.000000000000000000e+00
1.860000000000148646e+00 0.000000000000000000e+00 0.000000000000000000e+00 0.000000000000000000e+00
1.865000000000149205e+00 0.000000000000000000e+00 0.000000000000000000e+00 0.000000000000000000e+00
1.870000000000149543e+00 0.000000000000000000e+00 0.000000000000000000e+00 0.000000000000000000e+00
1.875000000000149880e+00 0.000000000000000000e+00 0.000000000000000000e+00 0.000000000000000000e+00
1.880000000000150218e+00 0.000000000000000000e+00 0.000000000000000000e+00 0.000000000000000000e+00
1.885000000000150777e+00 0.000000000000000000e+00 0.000000000000000000e+00 0.000000000000000000e+00
1.890000000000151115e+00 0.000000000000000000e+00 0.000000000000000000e+00 0.000000000000000000e+00
1.895000000000151452e+00 0.000000000000000000e+00 0.000000000000000000e+00 0.000000000000000000e+00
1.900000000000152012e+00 0.000000000000000000e+00 0.000000000000000000e+00 0.000000000000000000e+00
1.905000000000152349e+00 0.000000000000000000e+00 0.000000000000000000e+00 0.000000000000000000e+00
1.910000000000152687e+00 0.000000000000000000e+00 0.000000000000000000e+00 0.000000000000000000e+00
1.915000000000153024e+00 0.000000000000000000e+00 0.000000000000000000e+00 0.000000000000000000e+00
1.920000000000153584e+00 0.000000000000000000e+00 0.000000000000000000e+00 0.000000000000000000e+00
1.925000000000153921e+00 0.000000000000000000e+00 0.000000000000000000e+00 0.000000000000000000e+00
1.930000000000154259e+00 0.000000000000000000e+00 0.000000000000000000e+00 0.000000000000000000e+00
1.935000000000154818e+00 0.000000000000000000e+00 0.000000000000000000e+00 0.000000000000000000e+00
1.940000000000155156e+00 0.000000000000000000e+00 0.000000000000000000e+00 0.000000000000000000e+00
1.945000000000155493e+00 0.000000000000000000e+00 0.000000000000000000e+00 0.000000000000000000e+00
1.950000000000155831e+00 0.000000000000000000e+00 0.000000000000000000e+00 0.000000000000000000e+00
1.955000000000156390e+00 0.000000000000000000e+00 0.000000000000000000e+00 0.000000000000000000e+00
1.960000000000156728e+00 0.000000000000000000e+00 0.000000000000000000e+00 0.000000000000000000e+00
1.965000000000157065e+00 0.000000000000000000e+00 0.000000000000000000e+00 0.000000000000000000e+00
1.970000000000157625e+00 0.000000000000000000e+00 0.000000000000000000e+00 0.000000000000000000e+00
1.975000000000157963e+00 0.000000000000000000e+00 0.000000000000000000e+00 0.000000000000000000e+00
1.980000000000158300e+00 0.000000000000000000e+00 0.000000000000000000e+00 0.000000000000000000e+00
1.985000000000158638e+00 0.000000000000000000e+00 0.000000000000000000e+00 0.000000000000000000e+00
1.990000000000159197e+00 0.000000000000000000e+00 0.000000000000000000e+00 0.000000000000000000e+00
1.995000000000159535e+00 0.000000000000000000e+00 0.000000000000000000e+00 0.000000000000000000e+00
2.000000000000159872e+00 0.000000000000000000e+00 0.000000000000000000e+00 0.000000000000000000e+00
2.005000000000160210e+00 0.000000000000000000e+00 0.000000000000000000e+00 0.000000000000000000e+00
2.010000000000160547e+00 0.000000000000000000e+00 0.000000000000000000e+00 0.000000000000000000e+00
2.015000000000161329e+00 0.000000000000000000e+00 0.000000000000000000e+00 0.000000000000000000e+00
2.020000000000161666e+00 0.000000000000000000e+00 0.000000000000000000e+00 0.000000000000000000e+00
2.025000000000162004e+00 0.000000000000000000e+00 0.000000000000000000e+00 0.000000000000000000e+00
2.030000000000162341e+00 0.000000000000000000e+00 0.000000000000000000e+00 0.000000000000000000e+00
2.035000000000162679e+00 0.000000000000000000e+00 0.000000000000000000e+00 0.000000000000000000e+00
2.040000000000163016e+00 0.000000000000000000e+00 0.000000000000000000e+00 0.000000000000000000e+00
2.045000000000163354e+00 0.000000000000000000e+00 0.000000000000000000e+00 0.000000000000000000e+00
2.050000000000164135e+00 0.000000000000000000e+00 0.000000000000000000e+00 0.000000000000000000e+00
2.055000000000164473e+00 0.000000000000000000e+00 0.000000000000000000e+00 0.000000000000000000e+00
2.060000000000164810e+00 0.000000000000000000e+00 0.000000000000000000e+00 0.000000000000000000e+00
2.065000000000165148e+00 0.000000000000000000e+00 0.000000000000000000e+00 0.000000000000000000e+00
2.070000000000165485e+00 0.000000000000000000e+00 0.000000000000000000e+00 0.000000000000000000e+00
2.075000000000165823e+00 0.000000000000000000e+00 0.000000000000000000e+00 0.000000000000000000e+00
2.080000000000166160e+00 0.000000000000000000e+00 0.000000000000000000e+00 0.000000000000000000e+00
2.085000000000166498e+00 0.000000000000000000e+00 0.000000000000000000e+00 0.000000000000000000e+00
2.090000000000167280e+00 0.000000000000000000e+00 0.000000000000000000e+00 0.000000000000000000e+00
2.095000000000167617e+00 0.000000000000000000e+00 0.000000000000000000e+00 0.000000000000000000e+00
2.100000000000167955e+00 0.000000000000000000e+00 0.000000000000000000e+00 0.000000000000000000e+00
2.105000000000168292e+00 0.000000000000000000e+00 0.000000000000000000e+00 0.000000000000000000e+00
2.110000000000168630e+00 0.000000000000000000e+00 0.000000000000000000e+00 0.000000000000000000e+00
2.115000000000168967e+00 0.000000000000000000e+00 0.000000000000000000e+00 0.000000000000000000e+00
2.120000000000169305e+00 0.000000000000000000e+00 0.000000000000000000e+00 0.000000000000000000e+00
2.125000000000170086e+00 0.000000000000000000e+00 0.000000000000000000e+00 0.000000000000000000e+00
2.130000000000170424e+00 0.000000000000000000e+00 0.000000000000000000e+00 0.000000000000000000e+00
2.135000000000170761e+00 0.000000000000000000e+00 0.000000000000000000e+00 0.000000000000000000e+00
2.140000000000171099e+00 0.000000000000000000e+00 0.000000000000000000e+00 0.000000000000000000e+00
2.145000000000171436e+00 0.000000000000000000e+00 0.000000000000000000e+00 0.000000000000000000e+00
2.150000000000171774e+00 0.000000000000000000e+00 0.000000000000000000e+00 0.000000000000000000e+00
2.155000000000172111e+00 0.000000000000000000e+00 0.000000000000000000e+00 0.000000000000000000e+00
2.160000000000172893e+00 0.000000000000000000e+00 0.000000000000000000e+00 0.000000000000000000e+00
2.165000000000173230e+00 0.000000000000000000e+00 0.000000000000000000e+00 0.000000000000000000e+00
2.170000000000173568e+00 0.000000000000000000e+00 0.000000000000000000e+00 0.000000000000000000e+00
2.175000000000173905e+00 0.000000000000000000e+00 0.000000000000000000e+00 0.000000000000000000e+00
2.180000000000174243e+00 0.000000000000000000e+00 0.000000000000000000e+00 0.000000000000000000e+00
2.185000000000174580e+00 0.000000000000000000e+00 0.000000000000000000e+00 0.000000000000000000e+00
2.190000000000174918e+00 0.000000000000000000e+00 0.000000000000000000e+00 0.000000000000000000e+00
2.195000000000175699e+00 0.000000000000000000e+00 0.000000000000000000e+00 0.000000000000000000e+00
2.200000000000176037e+00 0.000000000000000000e+00 0.000000000000000000e+00 0.000000000000000000e+00
2.205000000000176374e+00 0.000000000000000000e+00 0.000000000000000000e+00 0.000000000000000000e+00
2.210000000000176712e+00 0.000000000000000000e+00 0.000000000000000000e+00 0.000000000000000000e+00
2.215000000000177049e+00 0.000000000000000000e+00 0.000000000000000000e+00 0.000000000000000000e+00
2.220000000000177387e+00 0.000000000000000000e+00 0.000000000000000000e+00 0.000000000000000000e+00
2.225000000000177725e+00 0.000000000000000000e+00 0.000000000000000000e+00 0.000000000000000000e+00
2.230000000000178506e+00 0.000000000000000000e+00 0.000000000000000000e+00 0.000000000000000000e+00
2.235000000000178844e+00 0.000000000000000000e+00 0.000000000000000000e+00 0.000000000000000000e+00
2.240000000000179181e+00 0.000000000000000000e+00 0.000000000000000000e+00 0.000000000000000000e+00
2.245000000000179519e+00 0.000000000000000000e+00 0.000000000000000000e+00 0.000000000000000000e+00
2.250000000000179856e+00 0.000000000000000000e+00 0.000000000000000000e+00 0.000000000000000000e+00
2.255000000000180194e+00 0.000000000000000000e+00 0.000000000000000000e+00 0.000000000000000000e+00
2.260000000000180531e+00 0.000000000000000000e+00 0.000000000000000000e+00 0.000000000000000000e+00
2.265000000000181313e+00 0.000000000000000000e+00 0.000000000000000000e+00 0.000000000000000000e+00
2.270000000000181650e+00 0.000000000000000000e+00 0.000000000000000000e+00 0.000000000000000000e+00
2.275000000000181988e+00 0.000000000000000000e+00 0.000000000000000000e+00 0.000000000000000000e+00
2.280000000000182325e+00 0.000000000000000000e+00 0.000000000000000000e+00 0.000000000000000000e+00
2.285000000000182663e+00 0.000000000000000000e+00 0.000000000000000000e+00 0.000000000000000000e+00
2.290000000000183000e+00 0.000000000000000000e+00 0.000000000000000000e+00 0.000000000000000000e+00
2.295000000000183338e+00 0.000000000000000000e+00 0.000000000000000000e+00 0.000000000000000000e+00
2.300000000000184119e+00 0.000000000000000000e+00 0.000000000000000000e+00 0.000000000000000000e+00
2.305000000000184457e+00 0.000000000000000000e+00 0.000000000000000000e+00 0.000000000000000000e+00
2.310000000000184794e+00 0.000000000000000000e+00 0.000000000000000000e+00 0.000000000000000000e+00
2.315000000000185132e+00 0.000000000000000000e+00 0.000000000000000000e+00 0.000000000000000000e+00
2.320000000000185469e+00 0.000000000000000000e+00 0.000000000000000000e+00 0.000000000000000000e+00
2.325000000000185807e+00 0.000000000000000000e+00 0.000000000000000000e+00 0.000000000000000000e+00
2.330000000000186144e+00 0.000000000000000000e+00 0.000000000000000000e+00 0.000000000000000000e+00
2.335000000000186926e+00 0.000000000000000000e+00 0.000000000000000000e+00 0.000000000000000000e+00
2.340000000000187264e+00 0.000000000000000000e+00 0.000000000000000000e+00 0.000000000000000000e+00
2.345000000000187601e+00 0.000000000000000000e+00 0.000000000000000000e+00 0.000000000000000000e+00
2.350000000000187939e+00 0.000000000000000000e+00 0.000000000000000000e+00 0.000000000000000000e+00
2.355000000000188276e+00 0.000000000000000000e+00 0.000000000000000000e+00 0.000000000000000000e+00
2.360000000000188614e+00 0.000000000000000000e+00 0.000000000000000000e+00 0.000000000000000000e+00
2.365000000000188951e+00 0.000000000000000000e+00 0.000000000000000000e+00 0.000000000000000000e+00
2.370000000000189733e+00 0.000000000000000000e+00 0.000000000000000000e+00 0.000000000000000000e+00
2.375000000000190070e+00 0.000000000000000000e+00 0.000000000000000000e+00 0.000000000000000000e+00
2.380000000000190408e+00 0.000000000000000000e+00 0.000000000000000000e+00 0.000000000000000000e+00
2.385000000000190745e+00 0.000000000000000000e+00 0.000000000000000000e+00 0.000000000000000000e+00
2.390000000000191083e+00 0.000000000000000000e+00 0.000000000000000000e+00 0.000000000000000000e+00
2.395000000000191420e+00 0.000000000000000000e+00 0.000000000000000000e+00 0.000000000000000000e+00
2.400000000000191758e+00 0.000000000000000000e+00 0.000000000000000000e+00 0.000000000000000000e+00
2.405000000000192539e+00 0.000000000000000000e+00 0.000000000000000000e+00 0.000000000000000000e+00
2.410000000000192877e+00 0.000000000000000000e+00 0.000000000000000000e+00 0.000000000000000000e+00
2.415000000000193214e+00 0.000000000000000000e+00 0.000000000000000000e+00 0.000000000000000000e+00
2.420000000000193552e+00 0.000000000000000000e+00 0.000000000000000000e+00 0.000000000000000000e+00
2.425000000000193889e+00 0.000000000000000000e+00 0.000000000000000000e+00 0.000000000000000000e+00
2.430000000000194227e+00 0.000000000000000000e+00 0.000000000000000000e+00 0.000000000000000000e+00
2.435000000000194564e+00 0.000000000000000000e+00 0.000000000000000000e+00 0.000000000000000000e+00
2.440000000000194902e+00 0.000000000000000000e+00 0.000000000000000000e+00 0.000000000000000000e+00
2.445000000000195683e+00 0.000000000000000000e+00 0.000000000000000000e+00 0.000000000000000000e+00
2.450000000000196021e+00 0.000000000000000000e+00 0.000000000000000000e+00 0.000000000000000000e+00
2.455000000000196358e+00 0.000000000000000000e+00 0.000000000000000000e+00 0.000000000000000000e+00
2.460000000000196696e+00 0.000000000000000000e+00 0.000000000000000000e+00 0.000000000000000000e+00
2.465000000000197034e+00 0.000000000000000000e+00 0.000000000000000000e+00 0.000000000000000000e+00
2.470000000000197371e+00 0.000000000000000000e+00 0.000000000000000000e+00 0.000000000000000000e+00
2.475000000000197709e+00 0.000000000000000000e+00 0.000000000000000000e+00 0.000000000000000000e+00
2.480000000000198490e+00 0.000000000000000000e+00 0.000000000000000000e+00 0.000000000000000000e+00
2.485000000000198828e+00 0.000000000000000000e+00 0.000000000000000000e+00 0.000000000000000000e+00
2.490000000000199165e+00 0.000000000000000000e+00 0.000000000000000000e+00 0.000000000000000000e+00
2.495000000000199503e+00 0.000000000000000000e+00 0.000000000000000000e+00 0.000000000000000000e+00
2.500000000000199840e+00 0.000000000000000000e+00 0.000000000000000000e+00 0.000000000000000000e+00
2.505000000000200178e+00 0.000000000000000000e+00 0.000000000000000000e+00 0.000000000000000000e+00
2.510000000000200515e+00 0.000000000000000000e+00 0.000000000000000000e+00 0.000000000000000000e+00
2.515000000000201297e+00 0.000000000000000000e+00 0.000000000000000000e+00 0.000000000000000000e+00
2.520000000000201634e+00 0.000000000000000000e+00 0.000000000000000000e+00 0.000000000000000000e+00
2.525000000000201972e+00 0.000000000000000000e+00 0.000000000000000000e+00 0.000000000000000000e+00
2.530000000000202309e+00 0.000000000000000000e+00 0.000000000000000000e+00 0.000000000000000000e+00
2.535000000000202647e+00 0.000000000000000000e+00 0.000000000000000000e+00 0.000000000000000000e+00
2.540000000000202984e+00 0.000000000000000000e+00 0.000000000000000000e+00 0.000000000000000000e+00
2.545000000000203322e+00 0.000000000000000000e+00 0.000000000000000000e+00 0.000000000000000000e+00
2.550000000000204103e+00 0.000000000000000000e+00 0.000000000000000000e+00 0.000000000000000000e+00
2.555000000000204441e+00 0.000000000000000000e+00 0.000000000000000000e+00 0.000000000000000000e+00
2.560000000000204778e+00 0.000000000000000000e+00 0.000000000000000000e+00 0.000000000000000000e+00
