5.000000000000399958e-03 3.443973109006850428e-07 1.058791184067875424e-22 1.058791184067875424e-22
1.000000000000079992e-02 4.610157583293987246e-07 4.635765186619243731e-07 5.810070045665158817e-07
1.500000000000119987e-02 8.400242323888028661e-07 8.095432757971908850e-07 1.242640883042683197e-06
2.000000000000159983e-02 1.389844577393596348e-06 1.147604998870716787e-06 2.034076899566903787e-06
2.500000000000199979e-02 2.010479183655470558e-06 1.486592499187780519e-06 2.945926316223754122e-06
3.000000000000239975e-02 2.581479861580840009e-06 1.806797960105764998e-06 3.922203811997708108e-06
3.500000000000279970e-02 2.996597790713424997e-06 2.075775921161383808e-06 4.867146633897739330e-06
4.000000000000319966e-02 3.172665760388946113e-06 2.263766111650448275e-06 5.674420142614718754e-06
4.500000000000359962e-02 3.066175324332255267e-06 2.350373320789299362e-06 6.248892365248118552e-06
5.000000000000399958e-02 2.682753737962379103e-06 2.327970971607525311e-06 6.524128423945026413e-06
5.500000000000439954e-02 2.083884598275169981e-06 2.201876858250287388e-06 6.471937435871594556e-06
6.000000000000479949e-02 1.386260428650437015e-06 1.986943870490579552e-06 6.099878189590980188e-06
6.500000000000519251e-02 7.293094160823055658e-07 1.707258118451953545e-06 5.455264388100751270e-06
7.000000000000558553e-02 2.396000523703491468e-07 1.394616992781830652e-06 4.624490707493811530e-06
7.500000000000600631e-02 -3.149581728276321297e-09 1.093225050343459783e-06 3.752322390474229355e-06
8.000000000000639933e-02 1.404876471614373829e-08 8.632550452808211088e-07 3.060159458643336393e-06
8.500000000000679234e-02 2.567557184432755379e-07 7.681281981547239198e-07 2.806745983408736804e-06
9.000000000000718536e-02 6.629882397859226442e-07 8.067704613229674642e-07 3.033410474233990444e-06
9.500000000000760614e-02 1.169737049424331141e-06 9.026225952140820273e-07 3.486807264283466247e-06
1.000000000000079992e-01 1.726491518538579386e-06 9.883461325874020796e-07 3.917139206767136850e-06
1.050000000000083922e-01 2.300580000268827847e-06 1.034687929864919280e-06 4.202076657856259989e-06
1.100000000000087852e-01 2.884019263995567731e-06 1.038968590304078170e-06 4.318756311734954044e-06
1.150000000000092060e-01 3.492617019718400230e-06 1.012988897411480072e-06 4.305400373065151950e-06
1.200000000000095990e-01 4.161148691083754172e-06 9.795082261077306112e-07 4.252640287570352895e-06
1.250000000000099920e-01 4.933454163082101344e-06 9.617012212366687588e-07 4.261427582503848099e-06
1.300000000000103850e-01 5.854755788607533923e-06 9.670041665434771852e-07 4.369783897750342018e-06
1.350000000000107780e-01 6.963903390830507497e-06 9.784548732181433018e-07 4.505755519280525691e-06
1.400000000000111988e-01 8.288186633980293053e-06 9.714912937651612881e-07 4.555781317344272685e-06
1.450000000000115918e-01 9.837927928252927377e-06 9.356868385867016069e-07 4.465544898906959558e-06
1.500000000000119849e-01 1.161893762842731241e-05 8.830162116427542181e-07 4.286217894331019251e-06
1.550000000000124056e-01 1.363367612632974528e-05 8.389984633562648817e-07 4.139872377091608326e-06
1.600000000000127987e-01 1.588655772842261231e-05 8.187813085948618788e-07 4.104760757726666935e-06
1.650000000000131917e-01 1.837796979283678190e-05 8.142388730999369229e-07 4.145278778771867065e-06
1.700000000000135847e-01 2.109701864695339473e-05 8.078496828614759531e-07 4.174600857933741015e-06
1.750000000000139777e-01 2.400864907153567614e-05 7.931093117275499253e-07 4.158263553356112865e-06
1.800000000000143985e-01 2.704614258583933333e-05 7.793642142092386301e-07 4.144161308199515116e-06
1.850000000000147915e-01 3.010373387011373928e-05 7.787383772849736861e-07 4.197951150097321878e-06
1.900000000000151845e-01 3.304805012171445642e-05 7.904710939596398941e-07 4.318398657686971377e-06
1.950000000000156053e-01 3.573883574770461886e-05 7.997782465533965044e-07 4.426361009256357909e-06
2.000000000000159983e-01 3.804848492663749285e-05 7.920455076481731253e-07 4.439408113355626257e-06
2.050000000000163913e-01 3.989359909889896819e-05 7.630973146705131287e-07 4.330288127938542669e-06
2.100000000000167844e-01 4.125027142114833325e-05 7.213742794900330886e-07 4.143146017051702616e-06
2.150000000000171774e-01 4.214953500195557136e-05 6.809945288829938098e-07 3.957517019771795057e-06
2.200000000000175981e-01 4.266355579183292088e-05 6.529017867478301923e-07 3.838125188307345097e-06
2.250000000000179912e-01 4.288115836886551870e-05 6.386033626558526684e-07 3.796491209335549318e-06
2.300000000000183842e-01 4.288643588109208681e-05 6.338640817497922083e-07 3.809956344677936349e-06
2.350000000000188050e-01 4.274898109687305908e-05 6.368636718190043379e-07 3.869370765478568004e-06
2.400000000000191980e-01 4.251633990113602295e-05 6.488484637869147571e-07 3.983903774419358830e-06
2.450000000000195910e-01 4.222409586953326701e-05 6.701542555871884700e-07 4.157361218556977449e-06
2.500000000000199840e-01 4.190099663415571202e-05 6.963372972850147174e-07 4.363646895137050349e-06
2.550000000000203770e-01 4.157617080735867760e-05 7.199179777513886048e-07 4.556307722134562787e-06
2.600000000000207701e-01 4.128999038743776800e-05 7.345073246699744852e-07 4.693996306433769191e-06
2.650000000000211631e-01 4.108255226658629394e-05 7.372177412353198258e-07 4.756403100152429214e-06
2.700000000000216116e-01 4.099703790293230575e-05 7.284137674417565362e-07 4.743730043625513322e-06
2.750000000000220046e-01 4.106830147587378632e-05 7.102637388916333239e-07 4.668162103139380865e-06
2.800000000000223976e-01 4.132028394976150791e-05 6.854982549360020685e-07 4.546166189516210515e-06
2.850000000000227907e-01 4.176468241954157929e-05 6.560425942041247526e-07 4.389493455002436642e-06
2.900000000000231837e-01 4.241680828797869180e-05 6.248485147078237669e-07 4.217292070182503073e-06
2.950000000000235767e-01 4.331198850708416334e-05 5.963606790438281342e-07 4.059569183490587694e-06
3.000000000000239697e-01 4.452046266973906256e-05 5.760659437834718032e-07 3.954510809223192052e-06
3.050000000000244182e-01 4.615123290074247338e-05 5.675453611037132321e-07 3.928352367611171599e-06
3.100000000000248113e-01 4.834228419515473343e-05 5.705359670919959378e-07 3.981290002768401448e-06
3.150000000000252043e-01 5.123231547858635637e-05 5.825727915451546609e-07 4.097938278110937937e-06
3.200000000000255973e-01 5.492586180715879881e-05 5.985055860087250809e-07 4.243294122838678825e-06
3.250000000000259903e-01 5.946384318352696994e-05 6.123489330792328331e-07 4.375226939973009243e-06
3.300000000000263833e-01 6.481016706758369636e-05 6.191289261927650393e-07 4.457568271805476763e-06
3.350000000000267764e-01 7.085325540095070782e-05 6.179194871759150936e-07 4.482437406362937540e-06
3.400000000000271694e-01 7.742804596304949261e-05 6.124605698216933933e-07 4.475870690525026574e-06
3.450000000000275624e-01 8.434279964924823892e-05 6.070839611020250416e-07 4.469081196408031114e-06
3.500000000000280109e-01 9.139880520279000458e-05 6.036090736672744659e-07 4.475584079513082087e-06
3.550000000000284039e-01 9.840824251145760841e-05 6.002456674438542079e-07 4.482323001053960398e-06
3.600000000000287970e-01 1.052016424755027420e-04 5.939957167664883422e-07 4.466779375969940381e-06
3.650000000000291900e-01 1.116303158445778546e-04 5.835314085395723854e-07 4.418456743495248754e-06
3.700000000000295830e-01 1.175643707508277041e-04 5.717087144678072135e-07 4.358485572287052304e-06
3.750000000000299760e-01 1.228958017848114309e-04 5.649233525303309169e-07 4.335758659402350941e-06
3.800000000000303690e-01 1.275410771247242002e-04 5.701312448438569939e-07 4.404803905102866044e-06
3.850000000000308176e-01 1.314459221365198117e-04 5.885030090596272733e-07 4.576558214615123565e-06
3.900000000000312106e-01 1.345975811159731846e-04 6.141229393903918373e-07 4.806706027002896026e-06
3.950000000000316036e-01 1.370248653563818425e-04 6.374385747550566946e-07 5.021076378167615700e-06
4.000000000000319966e-01 1.387999875517141211e-04 6.499394379001352735e-07 5.151845432040832082e-06
4.050000000000323896e-01 1.400282162152737615e-04 6.464051072204274747e-07 5.155754496920484194e-06
4.100000000000327827e-01 1.408279375228931930e-04 6.252889317872829746e-07 5.018022545137370114e-06
4.150000000000331757e-01 1.413166402977210400e-04 5.874917229876262566e-07 4.743356202111602863e-06
4.200000000000335687e-01 1.415833321267087066e-04 5.398107457583140979e-07 4.384560926901170475e-06
4.250000000000339617e-01 1.416680896999026836e-04 4.935222904550505410e-07 4.032377440313369194e-06
4.300000000000344103e-01 1.415865277393209081e-04 4.610222538762746969e-07 3.788925411825170402e-06
4.350000000000348033e-01 1.413264222066615272e-04 4.488219507589320423e-07 3.710040546788236118e-06
4.400000000000351963e-01 1.408797042756168875e-04 4.565102789008208683e-07 3.795218963833704847e-06
4.450000000000355893e-01 1.402513857009196987e-04 4.775639922512025741e-07 3.992744481311656250e-06
4.500000000000359823e-01 1.394716696373560433e-04 5.062318429275973336e-07 4.256137549605348557e-06
4.550000000000363753e-01 1.385727132677755185e-04 5.365728325518755248e-07 4.536222169930033842e-06
4.600000000000367684e-01 1.376003359658295217e-04 5.611699696198767451e-07 4.770163627120117704e-06
4.650000000000372169e-01 1.365865814066568782e-04 5.761579761115613419e-07 4.924112804282504406e-06
4.700000000000376099e-01 1.355616337570262405e-04 5.781136489465425679e-07 4.967319449027899994e-06
4.750000000000380029e-01 1.345566445215784458e-04 5.681068268348397991e-07 4.907233816886571659e-06
4.800000000000383960e-01 1.336117275321496017e-04 5.496372143244482369e-07 4.772618134045177115e-06
4.850000000000387890e-01 1.327680615049978315e-04 5.258635925840692183e-07 4.589907273663757363e-06
4.900000000000391820e-01 1.320712497749896349e-04 4.994681913443103838e-07 4.381933817458767959e-06
4.950000000000395750e-01 1.315530896659625269e-04 4.720217822513945808e-07 4.162215654776250607e-06
5.000000000000399680e-01 1.312348432146850713e-04 4.457857406460422748e-07 3.950673263434384148e-06
5.050000000000404166e-01 1.311270823079345362e-04 4.249464992190875691e-07 3.784773405357680142e-06
5.100000000000408651e-01 1.312226090434373310e-04 4.114344666383504721e-07 3.682524942677205333e-06
5.150000000000412026e-01 1.315329977432058857e-04 4.075963531533307271e-07 3.666011666209894656e-06
5.200000000000416511e-01 1.320488882632823253e-04 4.137617430619073521e-07 3.739486270881018773e-06
5.250000000000419886e-01 1.327815954810700541e-04 4.273601891254701771e-07 3.880910730186650634e-06
5.300000000000424372e-01 1.337250341213189816e-04 4.440819221925141518e-07 4.051920982342867288e-06
5.350000000000428857e-01 1.348908846013379043e-04 4.577030389509864268e-07 4.195856488052486031e-06
5.400000000000432232e-01 1.362807566753321362e-04 4.651105483654930125e-07 4.283640416610585416e-06
5.450000000000436717e-01 1.379129349142663012e-04 4.650833377047285148e-07 4.303174623759876327e-06
5.500000000000440092e-01 1.398082908328867181e-04 4.582089736275050411e-07 4.258972868920678704e-06
5.550000000000444578e-01 1.419894072720300372e-04 4.474675731661447250e-07 4.177995796078835110e-06
5.600000000000447953e-01 1.444814474482537022e-04 4.366113371400913311e-07 4.094953367980169270e-06
5.650000000000452438e-01 1.473064307626872817e-04 4.301842552897009723e-07 4.052646037274182011e-06
5.700000000000456923e-01 1.504786286197864651e-04 4.318450040251823702e-07 4.086253127655931369e-06
5.750000000000460298e-01 1.540145964146445116e-04 4.408904171652387141e-07 4.190101277904136725e-06
5.800000000000464784e-01 1.579276533343775186e-04 4.518977375171740315e-07 4.313344066366123462e-06
5.850000000000468159e-01 1.622431102430694594e-04 4.596967540226627350e-07 4.406657618625202518e-06
5.900000000000472644e-01 1.669907335864257076e-04 4.620466278088016172e-07 4.448071393861219601e-06
5.950000000000476019e-01 1.721996004650334857e-04 4.602106923382823921e-07 4.449130311150775934e-06
6.000000000000480505e-01 1.778892473454891194e-04 4.585555323032754780e-07 4.451716519329236175e-06
6.050000000000484990e-01 1.840670460322458299e-04 4.590788388563895103e-07 4.475328306901501542e-06
6.100000000000488365e-01 1.907100042008348520e-04 4.610753619856895444e-07 4.513326705925761531e-06
6.150000000000492850e-01 1.977811858979615302e-04 4.614864612446854369e-07 4.535826781366706293e-06
6.200000000000496225e-01 2.052297155924597417e-04 4.571086036915252251e-07 4.511024428300771850e-06
6.250000000000500711e-01 2.130120938229456144e-04 4.470634254120442768e-07 4.429646694242187143e-06
6.300000000000504086e-01 2.211077518055554550e-04 4.308871675339743437e-07 4.286410632924753066e-06
6.350000000000508571e-01 2.295095469020653296e-04 4.100971130353012718e-07 4.095750690570659106e-06
6.400000000000511946e-01 2.382219012262203007e-04 3.880940430977088286e-07 3.891230006578471740e-06
6.450000000000516431e-01 2.472422738000884523e-04 3.698903342914865690e-07 3.723169246106890712e-06
6.500000000000520917e-01 2.565404952039406590e-04 3.612362955972756785e-07 3.650127181575436306e-06
6.550000000000524292e-01 2.660621581328372976e-04 3.649129288941899550e-07 3.701432545337675235e-06
6.600000000000528777e-01 2.757276692972686740e-04 3.779165801349539150e-07 3.847936107042599660e-06
6.650000000000532152e-01 2.854462333691201075e-04 3.937686779048822569e-07 4.024499971448523605e-06
6.700000000000536637e-01 2.951310361317770040e-04 4.073037606145927948e-07 4.178455292562781313e-06
6.750000000000540012e-01 3.047178594116185064e-04 4.171833505910411775e-07 4.295747962043182092e-06
6.800000000000544498e-01 3.141617459525006999e-04 4.247598568494694973e-07 4.389932682869330101e-06
6.850000000000547873e-01 3.234454900627466807e-04 4.300726411054406040e-07 4.461152200201786106e-06
6.900000000000552358e-01 3.325755278745304842e-04 4.320772074855025778e-07 4.498273332561687898e-06
6.950000000000556843e-01 3.415715381851547393e-04 4.296324683446711750e-07 4.488998242873242586e-06
7.000000000000560219e-01 3.504512442656866665e-04 4.229102637576597159e-07 4.434627888287369706e-06
7.050000000000564704e-01 3.592214559881506757e-04 4.151438932730773181e-07 4.368709337977533281e-06
7.100000000000568079e-01 3.678763611048278966e-04 4.099468720552175719e-07 4.329290116237780287e-06
7.150000000000572564e-01 3.763883743428949680e-04 4.085814571094144365e-07 4.330037049059858206e-06
7.200000000000575939e-01 3.847125979162592004e-04 4.091441839535172206e-07 4.351135106544212546e-06
7.250000000000580425e-01 3.928097694901627095e-04 4.081140662114529860e-07 4.355224086483803783e-06
7.300000000000584910e-01 4.006452557473359983e-04 4.031436000789639367e-07 4.316990951058930009e-06
7.350000000000588285e-01 4.081966860694371483e-04 3.946568952868800283e-07 4.240560884934371877e-06
7.400000000000592770e-01 4.154536758771423203e-04 3.857533706301942784e-07 4.158967512393048069e-06
7.450000000000596145e-01 4.224158411895483425e-04 3.807015505528760058e-07 4.118344954720853243e-06
7.500000000000600631e-01 4.290878155506713549e-04 3.823041692141838324e-07 4.149536646993761065e-06
7.550000000000604006e-01 4.354805535950880902e-04 3.907396611591204378e-07 4.255209137328033776e-06
7.600000000000608491e-01 4.416062118233446583e-04 4.031512913701608407e-07 4.404887183860925715e-06
7.650000000000612976e-01 4.474714290947778969e-04 4.154683735015153188e-07 4.554373311747040951e-06
7.700000000000616351e-01 4.530692936809832408e-04 4.243340716983034769e-07 4.666735703925762285e-06
7.750000000000620837e-01 4.583680763447317108e-04 4.276147817469652500e-07 4.718060430935943893e-06
7.800000000000624212e-01 4.632976635916856087e-04 4.246305052765952110e-07 4.700222642956467154e-06
7.850000000000628697e-01 4.677533079238834456e-04 4.160272665726717584e-07 4.619729662706745895e-06
7.900000000000632072e-01 4.716164998279704138e-04 4.038816585982883483e-07 4.499120398566708589e-06
7.950000000000636557e-01 4.747810087664790994e-04 3.914328031287089413e-07 4.374220995018781697e-06
8.000000000000639933e-01 4.771746668480443630e-04 3.819834012652320476e-07 4.282027217803033595e-06
8.050000000000644418e-01 4.787831799613481102e-04 3.763543340709437774e-07 4.232089079449821486e-06
8.100000000000648903e-01 4.796577603979769846e-04 3.736647576533606339e-07 4.214873910451912927e-06
8.150000000000652278e-01 4.799012007760775924e-04 3.719217357944695286e-07 4.208141192719058045e-06
8.200000000000656764e-01 4.796439677271735437e-04 3.697871027285586083e-07 4.196803395911996907e-06
8.250000000000660139e-01 4.790122296520767748e-04 3.681601540643143236e-07 4.191058239161193136e-06
8.300000000000664624e-01 4.781167229346000970e-04 3.683966637875379437e-07 4.206439754690386988e-06
8.350000000000667999e-01 4.770285907246904641e-04 3.721443787269489226e-07 4.262011719442330632e-06
8.400000000000672484e-01 4.757825163545241400e-04 3.789497521283885844e-07 4.352925245140115619e-06
8.450000000000675859e-01 4.743805410876781843e-04 3.880718505389003548e-07 4.470956398452253407e-06
8.500000000000680345e-01 4.728196352249740492e-04 3.966715415662467622e-07 4.583533874540824700e-06
8.550000000000684830e-01 4.710930749725511816e-04 4.030583861966136904e-07 4.671011726403980734e-06
8.600000000000688205e-01 4.692120297040536085e-04 4.056055828883687423e-07 4.714255194467141852e-06
8.650000000000692690e-01 4.672010637754582096e-04 4.039717219478546764e-07 4.708894471093547047e-06
8.700000000000696065e-01 4.650959003082432179e-04 3.989207033700642846e-07 4.663437288112745012e-06
8.750000000000700551e-01 4.629338785887837648e-04 3.928911618644742514e-07 4.606130354587962448e-06
8.800000000000703926e-01 4.607397758942125888e-04 3.885207356226308977e-07 4.567888315946239979e-06
8.850000000000708411e-01 4.585184367128980389e-04 3.855360973514251553e-07 4.545656565427050548e-06
8.900000000000712896e-01 4.562628260630568556e-04 3.827576700151944337e-07 4.525627909681529319e-06
8.950000000000716271e-01 4.539522207113024042e-04 3.781548831029719552e-07 4.483747721336026172e-06
9.000000000000720757e-01 4.515653241088496395e-04 3.718140422597004507e-07 4.420862229963494460e-06
9.050000000000724132e-01 4.490814284222816922e-04 3.676310055381477285e-07 4.383251198521511651e-06
9.100000000000728617e-01 4.464887607536117834e-04 3.690906601189020285e-07 4.412794367270433820e-06
9.150000000000731992e-01 4.437755972879232078e-04 3.766064789306700039e-07 4.515005385293360884e-06
9.200000000000736478e-01 4.409474033718097140e-04 3.875189975550264183e-07 4.658508049051449873e-06
9.250000000000740963e-01 4.380116987403372695e-04 3.972910217724002693e-07 4.788941761422546815e-06
9.300000000000744338e-01 4.349835602531943205e-04 4.032916781832375843e-07 4.874394480450377331e-06
9.350000000000748823e-01 4.318788745695371391e-04 4.049120546618992096e-07 4.907117422212599217e-06
9.400000000000752198e-01 4.287172474981622186e-04 4.035344789124794830e-07 4.903481183364876140e-06
9.450000000000756684e-01 4.255117652973638368e-04 4.000205212211898844e-07 4.873692385026190507e-06
9.500000000000760059e-01 4.222546455215773803e-04 3.957323413811664466e-07 4.834185214902413829e-06
9.550000000000764544e-01 4.189316827784838075e-04 3.922465776527626115e-07 4.804196775149441540e-06
9.600000000000767919e-01 4.155120695564415954e-04 3.919183985214930298e-07 4.812726774512105559e-06
9.650000000000772404e-01 4.119670211644511676e-04 3.957969952863619761e-07 4.872996372630743661e-06
9.700000000000776890e-01 4.082894780405982565e-04 4.023604100374727535e-07 4.966621311163200304e-06
9.750000000000780265e-01 4.044812867493675695e-04 4.084268305057363211e-07 5.054480327015196568e-06
9.800000000000784750e-01 4.005680074084960350e-04 4.101815623169375861e-07 5.089195227893882406e-06
9.850000000000788125e-01 3.965722955651309473e-04 4.055304262795441817e-07 5.044306857901746111e-06
9.900000000000792610e-01 3.925167490954600130e-04 3.949522061286335812e-07 4.925179689654913372e-06
9.950000000000795985e-01 3.884004071035195233e-04 3.809376620358691034e-07 4.762394751476782610e-06
1.000000000000079936e+00 3.842101882077894235e-04 3.666905509347368495e-07 4.595784515065334989e-06
1.005000000000080274e+00 3.799263227853135003e-04 3.552658287199006980e-07 4.463714468851167845e-06
1.010000000000080833e+00 3.755331746609162072e-04 3.473190981344278605e-07 4.374710213190134658e-06
1.015000000000081171e+00 3.710332511244664329e-04 3.429860761088611336e-07 4.330813175855847321e-06
1.020000000000081508e+00 3.664295206729205074e-04 3.412399362266674823e-07 4.319364718149023392e-06
1.025000000000081846e+00 3.617402673208146703e-04 3.422659033913211959e-07 4.342956785910738306e-06
1.030000000000082405e+00 3.569686335953629040e-04 3.460302306342112832e-07 4.401417775795607576e-06
1.035000000000082743e+00 3.521216990286724557e-04 3.526691209027476824e-07 4.496737630342881475e-06
1.040000000000083080e+00 3.471929811113918553e-04 3.608949291495279278e-07 4.612723134380502619e-06
1.045000000000083418e+00 3.421948447576721088e-04 3.687014307378553356e-07 4.723815279885769071e-06
1.050000000000083977e+00 3.371301233296698199e-04 3.741908920703032026e-07 4.805602008712640023e-06
1.055000000000084315e+00 3.320236353244575148e-04 3.769829899769397646e-07 4.852973535222536080e-06
1.060000000000084652e+00 3.268857055872252150e-04 3.776349758250319232e-07 4.872872882115916522e-06
1.065000000000085212e+00 3.217292903683137396e-04 3.771296045239336942e-07 4.877815485293103330e-06
1.070000000000085549e+00 3.165426201547383322e-04 3.761090100746186855e-07 4.876020971998406561e-06
1.075000000000085887e+00 3.113080504712221943e-04 3.738392140254624179e-07 4.857905089310760971e-06
1.080000000000086224e+00 3.060078997837415056e-04 3.691399610563736950e-07 4.807982500703869139e-06
1.085000000000086784e+00 3.006327443527405819e-04 3.614569962613943318e-07 4.718798610425375151e-06
1.090000000000087121e+00 2.952037252730117453e-04 3.519807884140703678e-07 4.605662895135237686e-06
1.095000000000087459e+00 2.897484163517639833e-04 3.414237814638789702e-07 4.477759523083828686e-06
1.100000000000088018e+00 2.843058178817670827e-04 3.316016591717778722e-07 4.358860558190518213e-06
1.105000000000088356e+00 2.789009383572022731e-04 3.231541614882643452e-07 4.257462492003057996e-06
1.110000000000088693e+00 2.735383815627054588e-04 3.176096719458548726e-07 4.193871766125781911e-06
1.115000000000089031e+00 2.681940557629777051e-04 3.162161664977838699e-07 4.184864893990998023e-06
1.120000000000089591e+00 2.628299245152190063e-04 3.191538547151683934e-07 4.233202500844660981e-06
1.125000000000089928e+00 2.573955604359070984e-04 3.248921376896343890e-07 4.318922404327054472e-06
1.130000000000090266e+00 2.518637410784214047e-04 3.312797921129742625e-07 4.413611527248933210e-06
1.135000000000090825e+00 2.462253674281913692e-04 3.371647344278494738e-07 4.501943215506509397e-06
1.140000000000091163e+00 2.404945609940928189e-04 3.419877139784700897e-07 4.576388318264172747e-06
1.145000000000091500e+00 2.347088561627650089e-04 3.457549546300989752e-07 4.636935918433295977e-06
1.150000000000091838e+00 2.289047827378113504e-04 3.471568163334868609e-07 4.665890641328353079e-06
1.155000000000092397e+00 2.231227572243056070e-04 3.456249017162640150e-07 4.655388782403815017e-06
1.160000000000092735e+00 2.173877266042461556e-04 3.405103472511212984e-07 4.596415142152417465e-06
1.165000000000093072e+00 2.117123354597404117e-04 3.325019982860677899e-07 4.497976280260512076e-06
1.170000000000093632e+00 2.060953928309319522e-04 3.234519802622076089e-07 4.384930191451378010e-06
1.175000000000093969e+00 2.005300888829221332e-04 3.160947876020897272e-07 4.294337823865259610e-06
1.180000000000094307e+00 1.949910900202977656e-04 3.114590439552994615e-07 4.240351791092687660e-06
1.185000000000094644e+00 1.894638284083452159e-04 3.103153800147703604e-07 4.233722751719966844e-06
1.190000000000095204e+00 1.839310095138559553e-04 3.118483683423663621e-07 4.263604336751156217e-06
1.195000000000095541e+00 1.783726558526591748e-04 3.149349724766849022e-07 4.314840847377990370e-06
1.200000000000095879e+00 1.727828068241361067e-04 3.187059132727393918e-07 4.375630924205860376e-06
1.205000000000096438e+00 1.671613564059798505e-04 3.233789453815552679e-07 4.449028648869812881e-06
1.210000000000096776e+00 1.615146862540423880e-04 3.294464506576308368e-07 4.541898835074024527e-06
1.215000000000097113e+00 1.558647140686801320e-04 3.362258917193370238e-07 4.644930621143728149e-06
1.220000000000097451e+00 1.502348173883192597e-04 3.416289498282348725e-07 4.729274471708774315e-06
1.225000000000098010e+00 1.446509359348938420e-04 3.428046537416024552e-07 4.755264646721833746e-06
1.230000000000098348e+00 1.391427412382485729e-04 3.385874220803041582e-07 4.706340177098125903e-06
1.235000000000098686e+00 1.337285587814558978e-04 3.298835573616607533e-07 4.594667479239702392e-06
1.240000000000099023e+00 1.284212889629705314e-04 3.202225231288909240e-07 4.469126588083290875e-06
1.245000000000099583e+00 1.232224037653411014e-04 3.147897132554485068e-07 4.402153136978099658e-06
1.250000000000099920e+00 1.181096359036351183e-04 3.171732451488556041e-07 4.444383132839583686e-06
1.255000000000100258e+00 1.130440635543390889e-04 3.291950551633906620e-07 4.622054951373028154e-06
1.260000000000100817e+00 1.079626391293823332e-04 3.527287493786847908e-07 4.962334887063038666e-06
1.265000000000101155e+00 1.027914001272093323e-04 3.933664611575991700e-07 5.545012506601566721e-06
1.270000000000101492e+00 9.746090472462283385e-05 4.611908874073318484e-07 6.513921440313229675e-06
1.275000000000101830e+00 9.192801322842961414e-05 5.658272568095114297e-07 8.007535914500285223e-06
1.280000000000102389e+00 8.619417003659836255e-05 7.090558674366652975e-07 1.005415042196255030e-05
1.285000000000102727e+00 7.617182395957289320e-05 1.717955218571664525e-06 2.440750243815257800e-05
1.290000000000103064e+00 6.851014068236829487e-05 2.017150639796669343e-06 2.871396230941328456e-05
1.295000000000103624e+00 6.253055508753619729e-05 2.106576055184246545e-06 3.004498324134430279e-05
1.300000000000103961e+00 5.738871066376383248e-05 2.125385377194439180e-06 3.037171409237219302e-05
1.305000000000104299e+00 5.282811445485452586e-05 2.109817437602467585e-06 3.020717223192291776e-05
1.310000000000104636e+00 4.880203384722783420e-05 2.068959189503606498e-06 2.967888018791463883e-05
1.315000000000105196e+00 4.506159042241558320e-05 2.018466263260654423e-06 2.900977162617856793e-05
1.320000000000105533e+00 4.169506042370650433e-05 1.950962561028423111e-06 2.809285253395831325e-05
1.325000000000105871e+00 3.850565810370334632e-05 1.877622955953560443e-06 2.708795778795197690e-05
1.330000000000106430e+00 3.544653442957329439e-05 1.799981795248067841e-06 2.601679960078322247e-05
1.335000000000106768e+00 3.269072835297123824e-05 1.713501795675652385e-06 2.481333479108530446e-05
1.340000000000107105e+00 3.008749957407214843e-05 1.627635710583599809e-06 2.361399937844983003e-05
1.345000000000107443e+00 2.765165899771026604e-05 1.544999279943056053e-06 2.245687709009056200e-05
1.350000000000108002e+00 2.542154275055580174e-05 1.467555344961290854e-06 2.137082614414930690e-05
1.355000000000108340e+00 2.342025570078734239e-05 1.395890545383053239e-06 2.036483763222276581e-05
1.360000000000108678e+00 2.172096462266710860e-05 1.326165189963163640e-06 1.938326872627493656e-05
1.365000000000109015e+00 2.016405542780799233e-05 1.260368857193288722e-06 1.845541977116395020e-05
1.370000000000109575e+00 1.862922509082381200e-05 1.199752271486525043e-06 1.759996495084972584e-05
1.375000000000109912e+00 1.725269091467039256e-05 1.137881055672588349e-06 1.672276761114725301e-05
1.380000000000110250e+00 1.594531350119169562e-05 1.076647080986313425e-06 1.585159066323907812e-05
1.385000000000110809e+00 1.469045257938862150e-05 1.015976424481012138e-06 1.498540399094473819e-05
1.390000000000111147e+00 1.349787519732681972e-05 9.560172933651416969e-07 1.412645163554265438e-05
1.395000000000111484e+00 1.241331112507812844e-05 8.944416035454805349e-07 1.324033683909300211e-05
1.400000000000111822e+00 1.131350952583477290e-05 8.351763801902798527e-07 1.238517535216978519e-05
1.405000000000112381e+00 1.029199845803202802e-05 7.777538133118556678e-07 1.155420981631537862e-05
1.410000000000112719e+00 9.395841982071204907e-06 7.226127445594474057e-07 1.075412578069997194e-05
1.415000000000113056e+00 8.543605721329020346e-06 6.720730809935391122e-07 1.001969862934671089e-05
1.420000000000113616e+00 7.823968852031921341e-06 6.252770127624511076e-07 9.338488183582278028e-06
1.425000000000113953e+00 7.173258006827496898e-06 5.825352594087322890e-07 8.715445429164939299e-06
1.430000000000114291e+00 6.543394974199101534e-06 5.444589780796441702e-07 8.160055656732782700e-06
1.435000000000114628e+00 6.011060393103131063e-06 5.100803826772317279e-07 7.658161314395923384e-06
1.440000000000115188e+00 5.519255316901486095e-06 4.795534834940570181e-07 7.212373925544253331e-06
1.445000000000115525e+00 5.013449727867085399e-06 4.512288047009659276e-07 6.798148976519891850e-06
1.450000000000115863e+00 4.594337622264867726e-06 4.263033891527740494e-07 6.433728426299681429e-06
1.455000000000116422e+00 4.177535147481354361e-06 4.011905450123208614e-07 6.065158077876388821e-06
1.460000000000116760e+00 3.784283099246308414e-06 3.772712381571249627e-07 5.713339922984130075e-06
1.465000000000117097e+00 3.412850642144892891e-06 3.542568282693170159e-07 5.373991570171809879e-06
1.470000000000117435e+00 3.057309808230196811e-06 3.323650579595171958e-07 5.050495231127799834e-06
1.475000000000117995e+00 2.751549168984265299e-06 3.133161853009982737e-07 4.769125805838356060e-06
1.480000000000118332e+00 2.452985725092755456e-06 2.960115082770079170e-07 4.513353934992072763e-06
1.485000000000118670e+00 2.206562081179327210e-06 2.813687564340045131e-07 4.297333277450221553e-06
1.490000000000119229e+00 1.957363999070599825e-06 2.660155180897932114e-07 4.069677965624503608e-06
1.495000000000119567e+00 1.763033144833904626e-06 2.515086277290472425e-07 3.854192682166062304e-06
1.500000000000119904e+00 1.569488114024503017e-06 2.360704565551952713e-07 3.623658047250931916e-06
1.505000000000120242e+00 1.376941435207511383e-06 2.198625745162031909e-07 3.380488770297591681e-06
1.510000000000120801e+00 1.208441320433340902e-06 2.055702831201398194e-07 3.165984221937485574e-06
1.515000000000121139e+00 1.057454572588118902e-06 1.929659626582458767e-07 2.976781550312549879e-06
1.520000000000121476e+00 9.290054557595147593e-07 1.818485336289836141e-07 2.809904345044448021e-06
1.525000000000122036e+00 7.953928095251876409e-07 1.712025704312447788e-07 2.649751466788761254e-06
1.530000000000122373e+00 7.010166129681407174e-07 1.619730432672066689e-07 2.511009732616426445e-06
1.535000000000122711e+00 5.898557602469657842e-07 1.523836191355701817e-07 2.366205243096299559e-06
1.540000000000123048e+00 5.140834490403678689e-07 1.450541066526556781e-07 2.256058348539754788e-06
1.545000000000123608e+00 4.557934821087101261e-07 1.402069629271771936e-07 2.184206838003741569e-06
1.550000000000123945e+00 4.015593449605062519e-07 1.374415332234117897e-07 2.144587542217087867e-06
1.555000000000124283e+00 3.620919369808195416e-07 1.375783175901218735e-07 2.150181542403329067e-06
1.560000000000124620e+00 3.536566866720967687e-07 1.389581032661226600e-07 2.175234662731155559e-06
1.565000000000125180e+00 3.444193736008013281e-07 1.399190973739705833e-07 2.193785210178816273e-06
1.570000000000125517e+00 3.212439487244759200e-07 1.379853453589463929e-07 2.166919259625449594e-06
1.575000000000125855e+00 3.583196563421416656e-07 1.379754678053112174e-07 2.170211661425468295e-06
1.580000000000126414e+00 3.895705554703577813e-07 1.370070908473333655e-07 2.158397984493965313e-06
1.585000000000126752e+00 4.270513311964893693e-07 1.363934768882797215e-07 2.152128368235099604e-06
1.590000000000127089e+00 4.724907400869187114e-07 1.355459919405448903e-07 2.142126830270554943e-06
1.595000000000127427e+00 5.034868075686704206e-07 1.356295729835631573e-07 2.146815274605016217e-06
1.600000000000127987e+00 5.354245640784755364e-07 1.362453006256077250e-07 2.159938876560120285e-06
1.605000000000128324e+00 5.109292673554994346e-07 1.348551605330199371e-07 2.141238419800727837e-06
1.610000000000128662e+00 4.742347809212991091e-07 1.359656472077367408e-07 2.162230906807947364e-06
1.615000000000129221e+00 4.130608353344773553e-07 1.374614376744021396e-07 2.189409930704885122e-06
1.620000000000129559e+00 3.175334895596351072e-07 1.344237691228068029e-07 2.144339345114661847e-06
1.625000000000129896e+00 2.338526603274014817e-07 1.324584852154824220e-07 2.116247243132166063e-06
1.630000000000130234e+00 1.464130883406744052e-07 1.277460060859538394e-07 2.044094980355332910e-06
1.635000000000130793e+00 9.222828133529693070e-08 1.202775605654052180e-07 1.927540129024808700e-06
1.640000000000131131e+00 6.308196528068453780e-08 1.150274390331264056e-07 1.846219413248798153e-06
1.645000000000131468e+00 4.974523635243471497e-08 1.121385361725404858e-07 1.802593382062652522e-06
1.650000000000132028e+00 6.247058668589968369e-08 1.111940334381724302e-07 1.790125152235080011e-06
1.655000000000132365e+00 7.708408932632374013e-08 1.120629534119300726e-07 1.806845430195651325e-06
1.660000000000132703e+00 9.792528707661546074e-08 1.133009971057576144e-07 1.829564456139047284e-06
1.665000000000133040e+00 1.024301708027838991e-07 1.145025474735675984e-07 1.851749373897248286e-06
1.670000000000133600e+00 1.064115478657232700e-07 1.134864661280858714e-07 1.838070846316155199e-06
1.675000000000133937e+00 1.129101973965265064e-07 1.099283588373375352e-07 1.783105700679158484e-06
1.680000000000134275e+00 1.026997956115103646e-07 1.053904212654112075e-07 1.712047145341063641e-06
1.685000000000134612e+00 9.529352756310067177e-08 9.890004297748810360e-08 1.609001212755486603e-06
1.690000000000135172e+00 1.145921191651340953e-07 8.963765051953784837e-08 1.460473750214535974e-06
1.695000000000135509e+00 1.157421399552975020e-07 8.442055921048424673e-08 1.377504462428531365e-06
1.700000000000135847e+00 1.170579900449654638e-07 8.367625114597393739e-08 1.367371784159573974e-06
1.705000000000136406e+00 1.411222957957550510e-07 8.719948979406143823e-08 1.427039761685679714e-06
1.710000000000136744e+00 1.631874226509525090e-07 9.132807862226464237e-08 1.496794968767022817e-06
1.715000000000137081e+00 1.685809202423388197e-07 9.254930646495422739e-08 1.519025866842666495e-06
1.720000000000137419e+00 1.552728534372637782e-07 9.190809987507219285e-08 1.510699026961429891e-06
1.725000000000137979e+00 1.276699908826211105e-07 8.847293080537826081e-08 1.456347123737030559e-06
1.730000000000138316e+00 1.044865653543294839e-07 8.369844213895865482e-08 1.379749879214610079e-06
1.735000000000138654e+00 7.687878197059746119e-08 7.631830025677304696e-08 1.259906647558569601e-06
1.740000000000139213e+00 4.632658979049120825e-08 6.954000782202669326e-08 1.149659673317819379e-06
1.745000000000139551e+00 1.255918123937509254e-08 6.140230654107659438e-08 1.016581822049518876e-06
1.750000000000139888e+00 4.942590913950543582e-09 5.561611071874915409e-08 9.221033034050999085e-07
1.755000000000140226e+00 4.679246987589988998e-09 4.880329874291394282e-08 8.103034295180781145e-07
1.760000000000140785e+00 8.727094247908159917e-09 4.518900641747414800e-08 7.513617197200528234e-07
1.765000000000141123e+00 3.999529681319819982e-09 4.165598281369591434e-08 6.936009492953921178e-07
1.770000000000141460e+00 5.644185450418435438e-09 3.961255083242100115e-08 6.605099757570628465e-07
1.775000000000142020e+00 1.158136453770856347e-08 3.809342244496143332e-08 6.360761475920035176e-07
1.780000000000142357e+00 1.352565836035999473e-08 3.584609366670943524e-08 5.993931493438485354e-07
1.785000000000142695e+00 2.409676115329945450e-08 3.375504723363580605e-08 5.652203228349968522e-07
1.790000000000143032e+00 2.117867883494113555e-08 2.960968711775811816e-08 4.965011654663208830e-07
1.795000000000143592e+00 2.289369817358623655e-08 2.315651543863269747e-08 3.888350205560324163e-07
1.800000000000143929e+00 1.223555563430866103e-08 1.610880216772770590e-08 2.708690839704279113e-07
1.805000000000144267e+00 8.885001305428832917e-09 1.316211532725940889e-08 2.216277989797116979e-07
1.810000000000144826e+00 0.000000000000000000e+00 0.000000000000000000e+00 0.000000000000000000e+00
1.815000000000145164e+00 0.000000000000000000e+00 0.000000000000000000e+00 0.000000000000000000e+00
1.820000000000145501e+00 0.000000000000000000e+00 0.000000000000000000e+00 0.000000000000000000e+00
1.825000000000145839e+00 0.000000000000000000e+00 0.000000000000000000e+00 0.000000000000000000e+00
1.830000000000146398e+00 0.000000000000000000e+00 0.000000000000000000e+00 0.000000000000000000e+00
1.835000000000146736e+00 0.000000000000000000e+00 0.000000000000000000e+00 0.000000000000000000e+00
1.840000000000147073e+00 0.000000000000000000e+00 0.000000000000000000e+00 0.000000000000000000e+00
1.845000000000147633e+00 0.000000000000000000e+00 0.000000000000000000e+00 0.000000000000000000e+00
1.850000000000147971e+00 0.000000000000000000e+00 0.000000000000000000e+00 0.000000000000000000e+00
1.855000000000148308e+00 0.000000000000000000e+00 0.000000000000000000e+00 0.000000000000000000e+00
1.860000000000148646e+00 0.000000000000000000e+00 0.000000000000000000e+00 0.000000000000000000e+00
1.865000000000149205e+00 0.000000000000000000e+00 0.000000000000000000e+00 0.000000000000000000e+00
1.870000000000149543e+00 0.000000000000000000e+00 0.000000000000000000e+00 0.000000000000000000e+00
1.875000000000149880e+00 0.000000000000000000e+00 0.000000000000000000e+00 0.000000000000000000e+00
1.880000000000150218e+00 0.000000000000000000e+00 0.000000000000000000e+00 0.000000000000000000e+00
1.885000000000150777e+00 0.000000000000000000e+00 0.000000000000000000e+00 0.000000000000000000e+00
1.890000000000151115e+00 0.000000000000000000e+00 0.000000000000000000e+00 0.000000000000000000e+00
1.895000000000151452e+00 0.000000000000000000e+00 0.000000000000000000e+00 0.000000000000000000e+00
1.900000000000152012e+00 0.000000000000000000e+00 0.000000000000000000e+00 0.000000000000000000e+00
1.905000000000152349e+00 0.000000000000000000e+00 0.000000000000000000e+00 0.000000000000000000e+00
1.910000000000152687e+00 0.000000000000000000e+00 0.000000000000000000e+00 0.000000000000000000e+00
1.915000000000153024e+00 0.000000000000000000e+00 0.000000000000000000e+00 0.000000000000000000e+00
1.920000000000153584e+00 0.000000000000000000e+00 0.000000000000000000e+00 0.000000000000000000e+00
1.925000000000153921e+00 0.000000000000000000e+00 0.000000000000000000e+00 0.000000000000000000e+00
1.930000000000154259e+00 0.000000000000000000e+00 0.000000000000000000e+00 0.000000000000000000e+00
1.935000000000154818e+00 0.000000000000000000e+00 0.000000000000000000e+00 0.000000000000000000e+00
1.940000000000155156e+00 0.000000000000000000e+00 0.000000000000000000e+00 0.000000000000000000e+00
1.945000000000155493e+00 0.000000000000000000e+00 0.000000000000000000e+00 0.000000000000000000e+00
1.950000000000155831e+00 0.000000000000000000e+00 0.000000000000000000e+00 0.000000000000000000e+00
1.955000000000156390e+00 0.000000000000000000e+00 0.000000000000000000e+00 0.000000000000000000e+00
1.960000000000156728e+00 0.000000000000000000e+00 0.000000000000000000e+00 0.000000000000000000e+00
1.965000000000157065e+00 0.000000000000000000e+00 0.000000000000000000e+00 0.000000000000000000e+00
1.970000000000157625e+00 0.000000000000000000e+00 0.000000000000000000e+00 0.000000000000000000e+00
1.975000000000157963e+00 0.000000000000000000e+00 0.000000000000000000e+00 0.000000000000000000e+00
1.980000000000158300e+00 0.000000000000000000e+00 0.000000000000000000e+00 0.000000000000000000e+00
1.985000000000158638e+00 0.000000000000000000e+00 0.000000000000000000e+00 0.000000000000000000e+00
1.990000000000159197e+00 0.000000000000000000e+00 0.000000000000000000e+00 0.000000000000000000e+00
1.995000000000159535e+00 0.000000000000000000e+00 0.000000000000000000e+00 0.000000000000000000e+00
2.000000000000159872e+00 0.000000000000000000e+00 0.000000000000000000e+00 0.000000000000000000e+00
2.005000000000160210e+00 0.000000000000000000e+00 0.000000000000000000e+00 0.000000000000000000e+00
2.010000000000160547e+00 0.000000000000000000e+00 0.000000000000000000e+00 0.000000000000000000e+00
2.015000000000161329e+00 0.000000000000000000e+00 0.000000000000000000e+00 0.000000000000000000e+00
2.020000000000161666e+00 0.000000000000000000e+00 0.000000000000000000e+00 0.000000000000000000e+00
2.025000000000162004e+00 0.000000000000000000e+00 0.000000000000000000e+00 0.000000000000000000e+00
2.030000000000162341e+00 0.000000000000000000e+00 0.000000000000000000e+00 0.000000000000000000e+00
2.035000000000162679e+00 0.000000000000000000e+00 0.000000000000000000e+00 0.000000000000000000e+00
2.040000000000163016e+00 0.000000000000000000e+00 0.000000000000000000e+00 0.000000000000000000e+00
2.045000000000163354e+00 0.000000000000000000e+00 0.000000000000000000e+00 0.000000000000000000e+00
2.050000000000164135e+00 0.000000000000000000e+00 0.000000000000000000e+00 0.000000000000000000e+00
2.055000000000164473e+00 0.000000000000000000e+00 0.000000000000000000e+00 0.000000000000000000e+00
2.060000000000164810e+00 0.000000000000000000e+00 0.000000000000000000e+00 0.000000000000000000e+00
2.065000000000165148e+00 0.000000000000000000e+00 0.000000000000000000e+00 0.000000000000000000e+00
2.070000000000165485e+00 0.000000000000000000e+00 0.000000000000000000e+00 0.000000000000000000e+00
2.075000000000165823e+00 0.000000000000000000e+00 0.000000000000000000e+00 0.000000000000000000e+00
2.080000000000166160e+00 0.000000000000000000e+00 0.000000000000000000e+00 0.000000000000000000e+00
2.085000000000166498e+00 0.000000000000000000e+00 0.000000000000000000e+00 0.000000000000000000e+00
2.090000000000167280e+00 0.000000000000000000e+00 0.000000000000000000e+00 0.000000000000000000e+00
2.095000000000167617e+00 0.000000000000000000e+00 0.000000000000000000e+00 0.000000000000000000e+00
2.100000000000167955e+00 0.000000000000000000e+00 0.000000000000000000e+00 0.000000000000000000e+00
2.105000000000168292e+00 0.000000000000000000e+00 0.000000000000000000e+00 0.000000000000000000e+00
2.110000000000168630e+00 0.000000000000000000e+00 0.000000000000000000e+00 0.000000000000000000e+00
2.115000000000168967e+00 0.000000000000000000e+00 0.000000000000000000e+00 0.000000000000000000e+00
2.120000000000169305e+00 0.000000000000000000e+00 0.000000000000000000e+00 0.000000000000000000e+00
2.125000000000170086e+00 0.000000000000000000e+00 0.000000000000000000e+00 0.000000000000000000e+00
2.130000000000170424e+00 0.000000000000000000e+00 0.000000000000000000e+00 0.000000000000000000e+00
2.135000000000170761e+00 0.000000000000000000e+00 0.000000000000000000e+00 0.000000000000000000e+00
2.140000000000171099e+00 0.000000000000000000e+00 0.000000000000000000e+00 0.000000000000000000e+00
2.145000000000171436e+00 0.000000000000000000e+00 0.000000000000000000e+00 0.000000000000000000e+00
2.150000000000171774e+00 0.000000000000000000e+00 0.000000000000000000e+00 0.000000000000000000e+00
2.155000000000172111e+00 0.000000000000000000e+00 0.000000000000000000e+00 0.000000000000000000e+00
2.160000000000172893e+00 0.000000000000000000e+00 0.000000000000000000e+00 0.000000000000000000e+00
2.165000000000173230e+00 0.000000000000000000e+00 0.000000000000000000e+00 0.000000000000000000e+00
2.170000000000173568e+00 0.000000000000000000e+00 0.000000000000000000e+00 0.000000000000000000e+00
2.175000000000173905e+00 0.000000000000000000e+00 0.000000000000000000e+00 0.000000000000000000e+00
2.180000000000174243e+00 0.000000000000000000e+00 0.000000000000000000e+00 0.000000000000000000e+00
2.185000000000174580e+00 0.000000000000000000e+00 0.000000000000000000e+00 0.000000000000000000e+00
2.190000000000174918e+00 0.000000000000000000e+00 0.000000000000000000e+00 0.000000000000000000e+00
2.195000000000175699e+00 0.000000000000000000e+00 0.000000000000000000e+00 0.000000000000000000e+00
2.200000000000176037e+00 0.000000000000000000e+00 0.000000000000000000e+00 0.000000000000000000e+00
2.205000000000176374e+00 0.000000000000000000e+00 0.000000000000000000e+00 0.000000000000000000e+00
2.210000000000176712e+00 0.000000000000000000e+00 0.000000000000000000e+00 0.000000000000000000e+00
2.215000000000177049e+00 0.000000000000000000e+00 0.000000000000000000e+00 0.000000000000000000e+00
2.220000000000177387e+00 0.000000000000000000e+00 0.000000000000000000e+00 0.000000000000000000e+00
2.225000000000177725e+00 0.000000000000000000e+00 0.000000000000000000e+00 0.000000000000000000e+00
2.230000000000178506e+00 0.000000000000000000e+00 0.000000000000000000e+00 0.000000000000000000e+00
2.235000000000178844e+00 0.000000000000000000e+00 0.000000000000000000e+00 0.000000000000000000e+00
2.240000000000179181e+00 0.000000000000000000e+00 0.000000000000000000e+00 0.000000000000000000e+00
2.245000000000179519e+00 0.000000000000000000e+00 0.000000000000000000e+00 0.000000000000000000e+00
2.250000000000179856e+00 0.000000000000000000e+00 0.000000000000000000e+00 0.000000000000000000e+00
2.255000000000180194e+00 0.000000000000000000e+00 0.000000000000000000e+00 0.000000000000000000e+00
2.260000000000180531e+00 0.000000000000000000e+00 0.000000000000000000e+00 0.000000000000000000e+00
2.265000000000181313e+00 0.000000000000000000e+00 0.000000000000000000e+00 0.000000000000000000e+00
2.270000000000181650e+00 0.000000000000000000e+00 0.000000000000000000e+00 0.000000000000000000e+00
2.275000000000181988e+00 0.000000000000000000e+00 0.000000000000000000e+00 0.000000000000000000e+00
2.280000000000182325e+00 0.000000000000000000e+00 0.000000000000000000e+00 0.000000000000000000e+00
2.285000000000182663e+00 0.000000000000000000e+00 0.000000000000000000e+00 0.000000000000000000e+00
2.290000000000183000e+00 0.000000000000000000e+00 0.000000000000000000e+00 0.000000000000000000e+00
2.295000000000183338e+00 0.000000000000000000e+00 0.000000000000000000e+00 0.000000000000000000e+00
2.300000000000184119e+00 0.000000000000000000e+00 0.000000000000000000e+00 0.000000000000000000e+00
2.305000000000184457e+00 0.000000000000000000e+00 0.000000000000000000e+00 0.000000000000000000e+00
2.310000000000184794e+00 0.000000000000000000e+00 0.000000000000000000e+00 0.000000000000000000e+00
2.315000000000185132e+00 0.000000000000000000e+00 0.000000000000000000e+00 0.000000000000000000e+00
2.320000000000185469e+00 0.000000000000000000e+00 0.000000000000000000e+00 0.000000000000000000e+00
2.325000000000185807e+00 0.000000000000000000e+00 0.000000000000000000e+00 0.000000000000000000e+00
2.330000000000186144e+00 0.000000000000000000e+00 0.000000000000000000e+00 0.000000000000000000e+00
2.335000000000186926e+00 0.000000000000000000e+00 0.000000000000000000e+00 0.000000000000000000e+00
2.340000000000187264e+00 0.000000000000000000e+00 0.000000000000000000e+00 0.000000000000000000e+00
2.345000000000187601e+00 0.000000000000000000e+00 0.000000000000000000e+00 0.000000000000000000e+00
2.350000000000187939e+00 0.000000000000000000e+00 0.000000000000000000e+00 0.000000000000000000e+00
2.355000000000188276e+00 0.000000000000000000e+00 0.000000000000000000e+00 0.000000000000000000e+00
2.360000000000188614e+00 0.000000000000000000e+00 0.000000000000000000e+00 0.000000000000000000e+00
2.365000000000188951e+00 0.000000000000000000e+00 0.000000000000000000e+00 0.000000000000000000e+00
2.370000000000189733e+00 0.000000000000000000e+00 0.000000000000000000e+00 0.000000000000000000e+00
2.375000000000190070e+00 0.000000000000000000e+00 0.000000000000000000e+00 0.000000000000000000e+00
2.380000000000190408e+00 0.000000000000000000e+00 0.000000000000000000e+00 0.000000000000000000e+00
2.385000000000190745e+00 0.000000000000000000e+00 0.000000000000000000e+00 0.000000000000000000e+00
2.390000000000191083e+00 0.000000000000000000e+00 0.000000000000000000e+00 0.000000000000000000e+00
2.395000000000191420e+00 0.000000000000000000e+00 0.000000000000000000e+00 0.000000000000000000e+00
2.400000000000191758e+00 0.000000000000000000e+00 0.000000000000000000e+00 0.000000000000000000e+00
2.405000000000192539e+00 0.000000000000000000e+00 0.000000000000000000e+00 0.000000000000000000e+00
2.410000000000192877e+00 0.000000000000000000e+00 0.000000000000000000e+00 0.000000000000000000e+00
2.415000000000193214e+00 0.000000000000000000e+00 0.000000000000000000e+00 0.000000000000000000e+00
2.420000000000193552e+00 0.000000000000000000e+00 0.000000000000000000e+00 0.000000000000000000e+00
2.425000000000193889e+00 0.000000000000000000e+00 0.000000000000000000e+00 0.000000000000000000e+00
2.430000000000194227e+00 0.000000000000000000e+00 0.000000000000000000e+00 0.000000000000000000e+00
2.435000000000194564e+00 0.000000000000000000e+00 0.000000000000000000e+00 0.000000000000000000e+00
2.440000000000194902e+00 0.000000000000000000e+00 0.000000000000000000e+00 0.000000000000000000e+00
2.445000000000195683e+00 0.000000000000000000e+00 0.000000000000000000e+00 0.000000000000000000e+00
2.450000000000196021e+00 0.000000000000000000e+00 0.000000000000000000e+00 0.000000000000000000e+00
2.455000000000196358e+00 0.000000000000000000e+00 0.000000000000000000e+00 0.000000000000000000e+00
2.460000000000196696e+00 0.000000000000000000e+00 0.000000000000000000e+00 0.000000000000000000e+00
2.465000000000197034e+00 0.000000000000000000e+00 0.000000000000000000e+00 0.000000000000000000e+00
2.470000000000197371e+00 0.000000000000000000e+00 0.000000000000000000e+00 0.000000000000000000e+00
2.475000000000197709e+00 0.000000000000000000e+00 0.000000000000000000e+00 0.000000000000000000e+00
2.480000000000198490e+00 0.000000000000000000e+00 0.000000000000000000e+00 0.000000000000000000e+00
2.485000000000198828e+00 0.000000000000000000e+00 0.000000000000000000e+00 0.000000000000000000e+00
2.490000000000199165e+00 0.000000000000000000e+00 0.000000000000000000e+00 0.000000000000000000e+00
2.495000000000199503e+00 0.000000000000000000e+00 0.000000000000000000e+00 0.000000000000000000e+00
2.500000000000199840e+00 0.000000000000000000e+00 0.000000000000000000e+00 0.000000000000000000e+00
2.505000000000200178e+00 0.000000000000000000e+00 0.000000000000000000e+00 0.000000000000000000e+00
2.510000000000200515e+00 0.000000000000000000e+00 0.000000000000000000e+00 0.000000000000000000e+00
2.515000000000201297e+00 0.000000000000000000e+00 0.000000000000000000e+00 0.000000000000000000e+00
2.520000000000201634e+00 0.000000000000000000e+00 0.000000000000000000e+00 0.000000000000000000e+00
2.525000000000201972e+00 0.000000000000000000e+00 0.000000000000000000e+00 0.000000000000000000e+00
2.530000000000202309e+00 0.000000000000000000e+00 0.000000000000000000e+00 0.000000000000000000e+00
2.535000000000202647e+00 0.000000000000000000e+00 0.000000000000000000e+00 0.000000000000000000e+00
2.540000000000202984e+00 0.000000000000000000e+00 0.000000000000000000e+00 0.000000000000000000e+00
2.545000000000203322e+00 0.000000000000000000e+00 0.000000000000000000e+00 0.000000000000000000e+00
2.550000000000204103e+00 0.000000000000000000e+00 0.000000000000000000e+00 0.000000000000000000e+00
2.555000000000204441e+00 0.000000000000000000e+00 0.000000000000000000e+00 0.000000000000000000e+00
2.560000000000204778e+00 0.000000000000000000e+00 0.000000000000000000e+00 0.000000000000000000e+00
