5.000000000000399958e-03 0.000000000000000000e+00 7.194647332653403282e-05 7.194647332653403282e-05
1.000000000000079992e-02 0.000000000000000000e+00 5.732159768116751997e-05 7.184196874732151628e-05
1.500000000000119987e-02 0.000000000000000000e+00 4.676954214004346212e-05 7.179078238550573587e-05
2.000000000000159983e-02 0.000000000000000000e+00 4.056659903579502564e-05 7.190242467913776636e-05
2.500000000000199979e-02 0.000000000000000000e+00 3.639594606727210286e-05 7.212452328531071544e-05
3.000000000000239975e-02 0.000000000000000000e+00 3.335619244420508635e-05 7.240974809974431992e-05
3.500000000000279970e-02 0.000000000000000000e+00 3.104480838950012499e-05 7.279188139364123344e-05
4.000000000000319966e-02 0.000000000000000000e+00 2.921281155877019929e-05 7.322565943468362093e-05
4.500000000000359962e-02 0.000000000000000000e+00 2.768083336985739849e-05 7.359449955401942134e-05
5.000000000000399958e-02 0.000000000000000000e+00 2.636095127906398623e-05 7.387645018752664328e-05
5.500000000000439954e-02 0.000000000000000000e+00 2.526042975161226214e-05 7.424753130180761218e-05
6.000000000000479949e-02 0.000000000000000000e+00 2.433147645566943103e-05 7.469714910257607698e-05
6.500000000000519251e-02 0.000000000000000000e+00 2.353089178418923239e-05 7.518912025261670351e-05
7.000000000000558553e-02 0.000000000000000000e+00 2.278849462398912875e-05 7.556568016298115253e-05
7.500000000000600631e-02 0.000000000000000000e+00 2.213680869646404505e-05 7.598110096296295524e-05
8.000000000000639933e-02 0.000000000000000000e+00 2.155736210389234234e-05 7.641885895282030106e-05
8.500000000000679234e-02 0.000000000000000000e+00 2.105736824426830507e-05 7.694377563893795013e-05
9.000000000000718536e-02 0.000000000000000000e+00 2.061338035353120322e-05 7.750512304482981563e-05
9.500000000000760614e-02 0.000000000000000000e+00 2.015026282529294396e-05 7.783993351040408015e-05
1.000000000000079992e-01 0.000000000000000000e+00 1.969049879496270319e-05 7.803989137755706906e-05
1.050000000000083922e-01 0.000000000000000000e+00 1.925694870945033417e-05 7.820635801181197166e-05
1.100000000000087852e-01 0.000000000000000000e+00 1.885707851054733958e-05 7.838458986952900887e-05
1.150000000000092060e-01 0.000000000000000000e+00 1.846321000631780907e-05 7.847224333090707660e-05
1.200000000000095990e-01 0.000000000000000000e+00 1.808147411187391800e-05 7.850266410969197750e-05
1.250000000000099920e-01 0.000000000000000000e+00 1.768726137935143971e-05 7.837463635951280594e-05
1.300000000000103850e-01 0.000000000000000000e+00 1.729416117155330079e-05 7.815038406988605857e-05
1.350000000000107780e-01 0.000000000000000000e+00 1.692792913862537182e-05 7.795260899001732469e-05
1.400000000000111988e-01 0.000000000000000000e+00 1.662616088654880698e-05 7.796791760483756661e-05
1.450000000000115918e-01 0.000000000000000000e+00 1.633826578960498419e-05 7.797401485731825233e-05
1.500000000000119849e-01 0.000000000000000000e+00 1.605774770109414659e-05 7.794534758431836963e-05
1.550000000000124056e-01 0.000000000000000000e+00 1.583497186387192905e-05 7.813454431015998125e-05
1.600000000000127987e-01 0.000000000000000000e+00 1.562356540092387373e-05 7.832494156900793314e-05
1.650000000000131917e-01 0.000000000000000000e+00 1.542223963719757638e-05 7.851440750528126955e-05
1.700000000000135847e-01 0.000000000000000000e+00 1.518091114566091427e-05 7.844806532375514507e-05
1.750000000000139777e-01 0.000000000000000000e+00 1.491511380420531933e-05 7.819978054612874985e-05
1.800000000000143985e-01 0.000000000000000000e+00 1.470337251509203526e-05 7.818314770702272654e-05
1.850000000000147915e-01 0.000000000000000000e+00 1.446692205240580870e-05 7.798695150995627046e-05
1.900000000000151845e-01 0.000000000000000000e+00 1.420102977064453898e-05 7.758121500955894589e-05
1.950000000000156053e-01 0.000000000000000000e+00 1.395041595993947501e-05 7.720837311353534460e-05
2.000000000000159983e-01 0.000000000000000000e+00 1.368150886153154373e-05 7.668473699595779181e-05
2.050000000000163913e-01 0.000000000000000000e+00 1.340482692336753470e-05 7.606731378473341465e-05
2.100000000000167844e-01 0.000000000000000000e+00 1.311709136234456957e-05 7.533679308835417032e-05
2.150000000000171774e-01 0.000000000000000000e+00 1.289374453845124864e-05 7.493043085560202599e-05
2.200000000000175981e-01 0.000000000000000000e+00 1.277229160071804307e-05 7.508273847633972764e-05
2.250000000000179912e-01 0.000000000000000000e+00 1.278049296740533351e-05 7.597991498187184334e-05
2.300000000000183842e-01 0.000000000000000000e+00 1.288024051366211278e-05 7.741904846625402570e-05
2.350000000000188050e-01 0.000000000000000000e+00 1.290351789074989742e-05 7.839746103854849935e-05
2.400000000000191980e-01 0.000000000000000000e+00 1.291755096845082038e-05 7.931324944365769625e-05
2.450000000000195910e-01 0.000000000000000000e+00 1.289782464940068506e-05 8.001279638847336173e-05
2.500000000000199840e-01 0.000000000000000000e+00 1.282112722229954877e-05 8.034450002014636993e-05
2.550000000000203770e-01 0.000000000000000000e+00 1.264587568543665916e-05 8.003481343621388078e-05
2.600000000000207701e-01 0.000000000000000000e+00 1.247609999421399319e-05 7.973067840794101357e-05
2.650000000000211631e-01 0.000000000000000000e+00 1.234280999336635864e-05 7.963370444485917687e-05
2.700000000000216116e-01 0.000000000000000000e+00 1.225541231686918689e-05 7.981228554854169488e-05
2.750000000000220046e-01 0.000000000000000000e+00 1.220933522317090215e-05 8.024505950743332505e-05
2.800000000000223976e-01 0.000000000000000000e+00 1.214574531243857976e-05 8.054955105762928724e-05
2.850000000000227907e-01 0.000000000000000000e+00 1.205979717545691811e-05 8.069049363257363439e-05
2.900000000000231837e-01 0.000000000000000000e+00 1.202181611609508395e-05 8.113888179650530219e-05
2.950000000000235767e-01 0.000000000000000000e+00 1.195572018241951878e-05 8.138543489621952176e-05
3.000000000000239697e-01 0.000000000000000000e+00 1.185407962872935968e-05 8.137451368384063244e-05
3.050000000000244182e-01 0.000000000000000000e+00 1.171505888703109915e-05 8.108757901936769485e-05
3.100000000000248113e-01 0.000000000000000000e+00 1.155505528129095032e-05 8.063299901550635695e-05
3.150000000000252043e-01 0.000000000000000000e+00 1.141838489749524023e-05 8.031929610297083855e-05
3.200000000000255973e-01 0.000000000000000000e+00 1.130672510357283546e-05 8.016259380383417010e-05
3.250000000000259903e-01 0.000000000000000000e+00 1.123108833189325898e-05 8.024601265788078308e-05
3.300000000000263833e-01 0.000000000000000000e+00 1.126558559839732689e-05 8.110930502880364656e-05
3.350000000000267764e-01 0.000000000000000000e+00 1.126222964989362973e-05 8.169711509253829718e-05
3.400000000000271694e-01 0.000000000000000000e+00 1.122096702259061217e-05 8.200298907468095422e-05
3.450000000000275624e-01 0.000000000000000000e+00 1.117008740914739428e-05 8.222919859690591693e-05
3.500000000000280109e-01 0.000000000000000000e+00 1.105322462158644470e-05 8.195641566999256611e-05
3.550000000000284039e-01 0.000000000000000000e+00 1.083590325816828220e-05 8.091689960565418005e-05
3.600000000000287970e-01 0.000000000000000000e+00 1.061824429370704454e-05 7.984797412063926458e-05
3.650000000000291900e-01 0.000000000000000000e+00 1.044525020051870726e-05 7.909066334832459688e-05
3.700000000000295830e-01 0.000000000000000000e+00 1.035922198430714852e-05 7.897469185991212726e-05
3.750000000000299760e-01 0.000000000000000000e+00 1.041910793510687650e-05 7.996613567229360342e-05
3.800000000000303690e-01 0.000000000000000000e+00 1.050412295849649132e-05 8.115429955068975687e-05
3.850000000000308176e-01 0.000000000000000000e+00 1.051460078224133130e-05 8.176794653991237283e-05
3.900000000000312106e-01 0.000000000000000000e+00 1.050817603230689520e-05 8.224690827773883939e-05
3.950000000000316036e-01 0.000000000000000000e+00 1.056503326842705161e-05 8.322031499119475484e-05
4.000000000000319966e-01 0.000000000000000000e+00 1.058005675804672211e-05 8.386445551877841353e-05
4.050000000000323896e-01 0.000000000000000000e+00 1.062572346438285906e-05 8.475122012896463275e-05
4.100000000000327827e-01 0.000000000000000000e+00 1.062545653942170568e-05 8.527062891516834497e-05
4.150000000000331757e-01 0.000000000000000000e+00 1.060714492007039008e-05 8.564114978071302176e-05
4.200000000000335687e-01 0.000000000000000000e+00 1.058221699391338379e-05 8.595304097980260849e-05
4.250000000000339617e-01 0.000000000000000000e+00 1.051801951192093326e-05 8.593862003181129694e-05
4.300000000000344103e-01 0.000000000000000000e+00 1.048740884510924476e-05 8.619108848506584764e-05
4.350000000000348033e-01 0.000000000000000000e+00 1.035413460415192410e-05 8.558908302802592516e-05
4.400000000000351963e-01 0.000000000000000000e+00 1.024365822314069941e-05 8.516111847711727023e-05
4.450000000000355893e-01 0.000000000000000000e+00 1.018513679906832791e-05 8.515434456057846546e-05
4.500000000000359823e-01 0.000000000000000000e+00 1.017700063111048401e-05 8.556299871997907758e-05
4.550000000000363753e-01 0.000000000000000000e+00 1.022032027178196192e-05 8.640326268505305052e-05
4.600000000000367684e-01 0.000000000000000000e+00 1.027882319113376568e-05 8.737400639802217484e-05
4.650000000000372169e-01 0.000000000000000000e+00 1.024313266486279552e-05 8.754255395615473390e-05
4.700000000000376099e-01 0.000000000000000000e+00 1.006926251106372689e-05 8.651801181258633733e-05
4.750000000000380029e-01 0.000000000000000000e+00 9.878714006944952657e-06 8.533106301911175251e-05
4.800000000000383960e-01 0.000000000000000000e+00 9.733730763898679482e-06 8.452007750747725368e-05
4.850000000000387890e-01 0.000000000000000000e+00 9.542864744039029318e-06 8.329320553457364440e-05
4.900000000000391820e-01 0.000000000000000000e+00 9.404367907184106695e-06 8.250639075413346291e-05
4.950000000000395750e-01 0.000000000000000000e+00 9.458005123934803312e-06 8.339923806488513947e-05
5.000000000000399680e-01 0.000000000000000000e+00 9.677356044346043543e-06 8.576333493692800403e-05
5.050000000000404166e-01 0.000000000000000000e+00 9.820545383955061222e-06 8.746639650780707598e-05
5.100000000000408651e-01 0.000000000000000000e+00 9.746255719705262672e-06 8.723340579308569431e-05
5.150000000000412026e-01 0.000000000000000000e+00 9.649608899766733480e-06 8.679071470396593213e-05
5.200000000000416511e-01 0.000000000000000000e+00 9.515793257089329803e-06 8.600161527283489704e-05
5.250000000000419886e-01 0.000000000000000000e+00 9.430768157303188654e-06 8.564197196392342448e-05
5.300000000000424372e-01 0.000000000000000000e+00 9.422984142231752132e-06 8.597780106356367469e-05
5.350000000000428857e-01 0.000000000000000000e+00 9.475533616508373215e-06 8.686413639225065708e-05
5.400000000000432232e-01 0.000000000000000000e+00 9.573356206454987412e-06 8.817003981675952673e-05
5.450000000000436717e-01 0.000000000000000000e+00 9.668901603144749323e-06 8.946132584242150187e-05
5.500000000000440092e-01 0.000000000000000000e+00 9.728879884183256867e-06 9.042824967764317989e-05
5.550000000000444578e-01 0.000000000000000000e+00 9.721819180886431355e-06 9.077243157662451267e-05
5.600000000000447953e-01 0.000000000000000000e+00 9.666055875450805127e-06 9.065739868674427271e-05
5.650000000000452438e-01 0.000000000000000000e+00 9.685616232986686314e-06 9.124549251282587647e-05
5.700000000000456923e-01 0.000000000000000000e+00 9.641048026612205810e-06 9.122662595473229885e-05
5.750000000000460298e-01 0.000000000000000000e+00 9.675398092267595499e-06 9.195232269121333957e-05
5.800000000000464784e-01 0.000000000000000000e+00 9.747631145335528669e-06 9.304071136284619570e-05
5.850000000000468159e-01 0.000000000000000000e+00 9.790247824987729074e-06 9.384941222378984094e-05
5.900000000000472644e-01 0.000000000000000000e+00 9.876141101305837441e-06 9.507650975137948990e-05
5.950000000000476019e-01 0.000000000000000000e+00 9.754467095287509365e-06 9.430223144590854645e-05
6.000000000000480505e-01 0.000000000000000000e+00 9.508130939641509051e-06 9.230616706190630794e-05
6.050000000000484990e-01 0.000000000000000000e+00 9.421049598597310497e-06 9.184106602333486080e-05
6.100000000000488365e-01 0.000000000000000000e+00 9.415878496963991947e-06 9.216917533194646239e-05
6.150000000000492850e-01 0.000000000000000000e+00 9.474393785604235277e-06 9.312127804150804877e-05
6.200000000000496225e-01 0.000000000000000000e+00 9.502757021862237764e-06 9.377895912621170282e-05
6.250000000000500711e-01 0.000000000000000000e+00 9.475384249034027732e-06 9.388512262376025319e-05
6.300000000000504086e-01 0.000000000000000000e+00 9.436775338609212476e-06 9.387583850184455514e-05
6.350000000000508571e-01 0.000000000000000000e+00 9.380375254385228283e-06 9.368434257339686155e-05
6.400000000000511946e-01 0.000000000000000000e+00 9.319364373474005057e-06 9.344072896055877209e-05
6.450000000000516431e-01 0.000000000000000000e+00 9.245832080626221585e-06 9.306487481808289886e-05
6.500000000000520917e-01 0.000000000000000000e+00 9.231006023520776758e-06 9.327508450951427221e-05
6.550000000000524292e-01 0.000000000000000000e+00 9.220039137635655676e-06 9.352190681966021657e-05
6.600000000000528777e-01 0.000000000000000000e+00 9.189616738295615784e-06 9.356842201668769121e-05
6.650000000000532152e-01 0.000000000000000000e+00 9.220850663090323737e-06 9.424140444025397301e-05
6.700000000000536637e-01 0.000000000000000000e+00 9.199126522187498376e-06 9.437216795049607754e-05
6.750000000000540012e-01 0.000000000000000000e+00 9.211636938550732333e-06 9.485246846452355385e-05
6.800000000000544498e-01 0.000000000000000000e+00 9.288707912049480708e-06 9.599966142559424043e-05
6.850000000000547873e-01 0.000000000000000000e+00 9.412575112985533659e-06 9.763683192431926727e-05
6.900000000000552358e-01 0.000000000000000000e+00 9.653654920145571456e-06 1.005023586913011968e-04
6.950000000000556843e-01 0.000000000000000000e+00 9.859160628666900687e-06 1.030130588333122432e-04
7.000000000000560219e-01 0.000000000000000000e+00 9.991028914673150843e-06 1.047657133312895894e-04
7.050000000000564704e-01 0.000000000000000000e+00 1.014486273033903866e-05 1.067580597009509802e-04
7.100000000000568079e-01 0.000000000000000000e+00 1.029069658205870880e-05 1.086760603357106447e-04
7.150000000000572564e-01 0.000000000000000000e+00 1.045740423431724680e-05 1.108247743104584515e-04
7.200000000000575939e-01 0.000000000000000000e+00 1.065216982443085693e-05 1.132828765548765659e-04
7.250000000000580425e-01 0.000000000000000000e+00 1.077466990972859524e-05 1.149828094639815390e-04
7.300000000000584910e-01 0.000000000000000000e+00 1.084075705771879386e-05 1.160863030236214399e-04
7.350000000000588285e-01 0.000000000000000000e+00 1.086723412028171215e-05 1.167676746263168752e-04
7.400000000000592770e-01 0.000000000000000000e+00 1.087869665768255923e-05 1.172877528006210923e-04
7.450000000000596145e-01 0.000000000000000000e+00 1.084783712744303829e-05 1.173494965769350529e-04
7.500000000000600631e-01 0.000000000000000000e+00 1.081914117620663090e-05 1.174311619251966476e-04
7.550000000000604006e-01 0.000000000000000000e+00 1.076648412305284243e-05 1.172485062852501869e-04
7.600000000000608491e-01 0.000000000000000000e+00 1.070579514008592027e-05 1.169730094261467457e-04
7.650000000000612976e-01 0.000000000000000000e+00 1.057595784088397841e-05 1.159338789875619113e-04
7.700000000000616351e-01 0.000000000000000000e+00 1.048307707552218778e-05 1.152906479546800256e-04
7.750000000000620837e-01 0.000000000000000000e+00 1.047828096165957607e-05 1.156114449258893728e-04
7.800000000000624212e-01 0.000000000000000000e+00 1.055295415154443109e-05 1.168103408417664468e-04
7.850000000000628697e-01 0.000000000000000000e+00 1.060627771316652280e-05 1.177762605948373675e-04
7.900000000000632072e-01 0.000000000000000000e+00 1.066497336474129603e-05 1.188046007882803679e-04
7.950000000000636557e-01 0.000000000000000000e+00 1.071189178773600117e-05 1.197042802232317626e-04
8.000000000000639933e-01 0.000000000000000000e+00 1.076812454232378825e-05 1.207104869536124170e-04
8.050000000000644418e-01 0.000000000000000000e+00 1.091244913567402727e-05 1.227100437972694635e-04
8.100000000000648903e-01 0.000000000000000000e+00 1.105177996673072957e-05 1.246621686732396483e-04
8.150000000000652278e-01 0.000000000000000000e+00 1.118801887421138293e-05 1.265878236154094338e-04
8.200000000000656764e-01 0.000000000000000000e+00 1.127682174666053839e-05 1.279833813896402717e-04
8.250000000000660139e-01 0.000000000000000000e+00 1.133889717896909771e-05 1.290796353714540601e-04
8.300000000000664624e-01 0.000000000000000000e+00 1.141955930476591480e-05 1.303912140429019928e-04
8.350000000000667999e-01 0.000000000000000000e+00 1.151317927115530860e-05 1.318555587204173207e-04
8.400000000000672484e-01 0.000000000000000000e+00 1.160538167737304963e-05 1.333088584942743182e-04
8.450000000000675859e-01 0.000000000000000000e+00 1.167458071613607407e-05 1.345022610621526837e-04
8.500000000000680345e-01 0.000000000000000000e+00 1.174403884117297884e-05 1.357021974399685860e-04
8.550000000000684830e-01 0.000000000000000000e+00 1.184605942148094281e-05 1.372830447508022189e-04
8.600000000000688205e-01 0.000000000000000000e+00 1.196158118101142074e-05 1.390265533700585365e-04
8.650000000000692690e-01 0.000000000000000000e+00 1.204973722602964462e-05 1.404577051289379597e-04
8.700000000000696065e-01 0.000000000000000000e+00 1.210529118950548478e-05 1.415125007042661309e-04
8.750000000000700551e-01 0.000000000000000000e+00 1.210883691352829823e-05 1.419601321686059237e-04
8.800000000000703926e-01 0.000000000000000000e+00 1.216811957991199656e-05 1.430621487088501453e-04
8.850000000000708411e-01 0.000000000000000000e+00 1.213828522689651225e-05 1.431162381777539849e-04
8.900000000000712896e-01 0.000000000000000000e+00 1.207959384997396884e-05 1.428260002285242081e-04
8.950000000000716271e-01 0.000000000000000000e+00 1.208327154898041239e-05 1.432702410966157913e-04
9.000000000000720757e-01 0.000000000000000000e+00 1.201806323922769466e-05 1.428945543011650443e-04
9.050000000000724132e-01 0.000000000000000000e+00 1.197047737360638239e-05 1.427235692972317338e-04
9.100000000000728617e-01 0.000000000000000000e+00 1.192264960756595613e-05 1.425454684067517519e-04
9.150000000000731992e-01 0.000000000000000000e+00 1.180928213510157518e-05 1.415774167980998755e-04
9.200000000000736478e-01 0.000000000000000000e+00 1.176263281851751943e-05 1.414029247825965285e-04
9.250000000000740963e-01 0.000000000000000000e+00 1.173763054589084003e-05 1.414852740708738565e-04
9.300000000000744338e-01 0.000000000000000000e+00 1.166284011377053369e-05 1.409631950082257390e-04
9.350000000000748823e-01 0.000000000000000000e+00 1.157695227660182407e-05 1.403007481712847948e-04
9.400000000000752198e-01 0.000000000000000000e+00 1.152226851115264763e-05 1.400109031237661839e-04
9.450000000000756684e-01 0.000000000000000000e+00 1.146029893124910713e-05 1.396277657477185130e-04
9.500000000000760059e-01 0.000000000000000000e+00 1.153507113399200105e-05 1.409100659657269716e-04
9.550000000000764544e-01 0.000000000000000000e+00 1.165428917681542514e-05 1.427405659342184663e-04
9.600000000000767919e-01 2.074434632959309965e-06 1.173491579713621782e-05 1.441038330085575581e-04
9.650000000000772404e-01 2.341892013646429405e-06 1.192887987294589703e-05 1.468666741857305169e-04
9.700000000000776890e-01 0.000000000000000000e+00 1.211883977349630803e-05 1.495914766564965248e-04
9.750000000000780265e-01 0.000000000000000000e+00 1.229923599447940269e-05 1.522090169601142406e-04
9.800000000000784750e-01 0.000000000000000000e+00 1.241389093816321373e-05 1.540213415864855051e-04
9.850000000000788125e-01 0.000000000000000000e+00 1.236365113855532273e-05 1.537888310849666595e-04
9.900000000000792610e-01 1.830444062989045051e-07 1.226225463558206344e-05 1.529142173239961267e-04
9.950000000000795985e-01 0.000000000000000000e+00 1.224452662537492024e-05 1.530782465124502778e-04
1.000000000000079936e+00 0.000000000000000000e+00 1.224696177653003601e-05 1.534929033368825912e-04
1.005000000000080274e+00 3.669292709673754871e-07 1.223224590354065237e-05 1.536912604933604598e-04
1.010000000000080833e+00 0.000000000000000000e+00 1.229848460140104682e-05 1.549074222566559911e-04
1.015000000000081171e+00 0.000000000000000000e+00 1.225912927554249969e-05 1.547934516565874219e-04
1.020000000000081508e+00 1.543931944070209283e-06 1.227221773588714299e-05 1.553399197291582823e-04
1.025000000000081846e+00 0.000000000000000000e+00 1.228974478677755156e-05 1.559425872983410954e-04
1.030000000000082405e+00 0.000000000000000000e+00 1.223339103791657863e-05 1.556056668050587177e-04
1.035000000000082743e+00 0.000000000000000000e+00 1.221120717415603877e-05 1.557000359753146768e-04
1.040000000000083080e+00 0.000000000000000000e+00 1.223266344690868378e-05 1.563499099574983120e-04
1.045000000000083418e+00 0.000000000000000000e+00 1.230822412577173035e-05 1.576933864271268249e-04
1.050000000000083977e+00 0.000000000000000000e+00 1.249184302917265380e-05 1.604283461347222328e-04
1.055000000000084315e+00 0.000000000000000000e+00 1.266273563664851214e-05 1.630097976885735989e-04
1.060000000000084652e+00 0.000000000000000000e+00 1.269098369499744276e-05 1.637601235415786505e-04
1.065000000000085212e+00 0.000000000000000000e+00 1.254871321448561129e-05 1.623057614779099822e-04
1.070000000000085549e+00 0.000000000000000000e+00 1.239711081194370376e-05 1.607208832865580916e-04
1.075000000000085887e+00 0.000000000000000000e+00 1.233716555980312140e-05 1.603169948793947697e-04
1.080000000000086224e+00 0.000000000000000000e+00 1.237171191374696022e-05 1.611393527127802372e-04
1.085000000000086784e+00 0.000000000000000000e+00 1.246126508418161529e-05 1.626810408197343349e-04
1.090000000000087121e+00 0.000000000000000000e+00 1.248162636185272784e-05 1.633218780625611544e-04
1.095000000000087459e+00 0.000000000000000000e+00 1.243943591571590527e-05 1.631427148822695017e-04
1.100000000000088018e+00 0.000000000000000000e+00 1.235589865242488562e-05 1.624166761757805943e-04
1.105000000000088356e+00 0.000000000000000000e+00 1.230605812687556837e-05 1.621287519810721278e-04
1.110000000000088693e+00 0.000000000000000000e+00 1.231190408844372353e-05 1.625723380129784346e-04
1.115000000000089031e+00 0.000000000000000000e+00 1.236381627886970979e-05 1.636250963201746345e-04
1.120000000000089591e+00 0.000000000000000000e+00 1.245604715710451593e-05 1.652148930588737130e-04
1.125000000000089928e+00 0.000000000000000000e+00 1.258035659410356646e-05 1.672357611823827028e-04
1.130000000000090266e+00 0.000000000000000000e+00 1.270279833888433571e-05 1.692382647888734937e-04
1.135000000000090825e+00 0.000000000000000000e+00 1.277214084923920075e-05 1.705381582723930478e-04
1.140000000000091163e+00 0.000000000000000000e+00 1.278465077164693667e-05 1.710807846393436193e-04
1.145000000000091500e+00 0.000000000000000000e+00 1.277995158589623927e-05 1.713925303192809224e-04
1.150000000000091838e+00 0.000000000000000000e+00 1.280165104957712205e-05 1.720579894026741385e-04
1.155000000000092397e+00 0.000000000000000000e+00 1.286094034071180518e-05 1.732302189338952303e-04
1.160000000000092735e+00 0.000000000000000000e+00 1.295123293940789542e-05 1.748235954437404871e-04
1.165000000000093072e+00 0.000000000000000000e+00 1.308568770742850074e-05 1.770188246155157685e-04
1.170000000000093632e+00 0.000000000000000000e+00 1.323306270423309564e-05 1.793962001102045178e-04
1.175000000000093969e+00 0.000000000000000000e+00 1.334573589428414731e-05 1.813098497223109007e-04
1.180000000000094307e+00 0.000000000000000000e+00 1.341172763145602626e-05 1.825936487875878811e-04
1.185000000000094644e+00 0.000000000000000000e+00 1.343863035059005474e-05 1.833471324061974883e-04
1.190000000000095204e+00 0.000000000000000000e+00 1.344865840711889048e-05 1.838706375565379858e-04
1.195000000000095541e+00 0.000000000000000000e+00 1.343750360325068462e-05 1.841036864789202809e-04
1.200000000000095879e+00 0.000000000000000000e+00 1.341534195229238206e-05 1.841841731220483780e-04
1.205000000000096438e+00 0.000000000000000000e+00 1.338398885914699031e-05 1.841361372498795390e-04
1.210000000000096776e+00 0.000000000000000000e+00 1.335246103909543888e-05 1.840831100707873702e-04
1.215000000000097113e+00 0.000000000000000000e+00 1.333141448839812073e-05 1.841722987592220306e-04
1.220000000000097451e+00 0.000000000000000000e+00 1.331535772506548696e-05 1.843285863287746906e-04
1.225000000000098010e+00 0.000000000000000000e+00 1.333078034566882280e-05 1.849198597483336926e-04
1.230000000000098348e+00 0.000000000000000000e+00 1.340123453957471497e-05 1.862761710071936250e-04
1.235000000000098686e+00 0.000000000000000000e+00 1.349979167655264134e-05 1.880271156551316381e-04
1.240000000000099023e+00 0.000000000000000000e+00 1.361479914831212947e-05 1.900124334497377276e-04
1.245000000000099583e+00 0.000000000000000000e+00 1.373519819486126080e-05 1.920788490679115057e-04
1.250000000000099920e+00 0.000000000000000000e+00 1.384808324757829854e-05 1.940459624165669084e-04
1.255000000000100258e+00 0.000000000000000000e+00 1.396122692660880313e-05 1.960222580237314105e-04
1.260000000000100817e+00 0.000000000000000000e+00 1.405739820853125285e-05 1.977653300855308771e-04
1.265000000000101155e+00 0.000000000000000000e+00 1.411582941738047270e-05 1.989809970837086439e-04
1.270000000000101492e+00 0.000000000000000000e+00 1.413894617179018787e-05 1.997003564611077309e-04
1.275000000000101830e+00 0.000000000000000000e+00 1.412360256220792748e-05 1.998759398702532053e-04
1.280000000000102389e+00 0.000000000000000000e+00 1.408168646914154528e-05 1.996731152758002281e-04
1.285000000000102727e+00 0.000000000000000000e+00 1.402014960881247336e-05 1.991884491872042418e-04
1.290000000000103064e+00 0.000000000000000000e+00 1.394196466574055215e-05 1.984626433113589883e-04
1.295000000000103624e+00 0.000000000000000000e+00 1.385861057040482815e-05 1.976580533664673567e-04
1.300000000000103961e+00 0.000000000000000000e+00 1.377528402239029745e-05 1.968485303223133087e-04
1.305000000000104299e+00 0.000000000000000000e+00 1.368647386047308293e-05 1.959551882464438677e-04
1.310000000000104636e+00 0.000000000000000000e+00 1.359362239523414340e-05 1.949982834048569202e-04
1.315000000000105196e+00 0.000000000000000000e+00 1.350063743699541769e-05 1.940336660481989384e-04
1.320000000000105533e+00 0.000000000000000000e+00 1.341271893237804265e-05 1.931362203322350979e-04
1.325000000000105871e+00 0.000000000000000000e+00 1.333036847264173447e-05 1.923136151162907481e-04
1.330000000000106430e+00 0.000000000000000000e+00 1.325555791757887704e-05 1.915948232635855675e-04
1.335000000000106768e+00 0.000000000000000000e+00 1.318646104995711709e-05 1.909540296765044332e-04
1.340000000000107105e+00 0.000000000000000000e+00 1.312016214363865583e-05 1.903494121506810188e-04
1.345000000000107443e+00 0.000000000000000000e+00 1.303699203187974225e-05 1.894953165901824832e-04
1.350000000000108002e+00 0.000000000000000000e+00 1.292915616137961679e-05 1.882768847281113267e-04
1.355000000000108340e+00 0.000000000000000000e+00 1.281123712692407699e-05 1.869048865046352148e-04
1.360000000000108678e+00 0.000000000000000000e+00 1.270822338356868474e-05 1.857437600847333670e-04
1.365000000000109015e+00 0.000000000000000000e+00 1.262083549893193885e-05 1.848052779678255320e-04
1.370000000000109575e+00 0.000000000000000000e+00 1.253738247790544549e-05 1.839192118495702744e-04
1.375000000000109912e+00 0.000000000000000000e+00 1.245769221897141942e-05 1.830833643907681108e-04
1.380000000000110250e+00 0.000000000000000000e+00 1.238146349001201460e-05 1.822936173994094133e-04
1.385000000000110809e+00 0.000000000000000000e+00 1.230737817359306327e-05 1.815308205550536513e-04
1.390000000000111147e+00 0.000000000000000000e+00 1.224153546597937404e-05 1.808852830436080694e-04
1.395000000000111484e+00 0.000000000000000000e+00 1.218466176774128375e-05 1.803684281185269356e-04
1.400000000000111822e+00 0.000000000000000000e+00 1.212061404747646818e-05 1.797415898181498051e-04
1.405000000000112381e+00 0.000000000000000000e+00 1.206359108788958996e-05 1.792151451809331775e-04
1.410000000000112719e+00 0.000000000000000000e+00 1.200167145569674740e-05 1.786122447811067104e-04
1.415000000000113056e+00 0.000000000000000000e+00 1.192035740782554331e-05 1.777163706719875336e-04
1.420000000000113616e+00 0.000000000000000000e+00 1.182271856825657975e-05 1.765718479873612523e-04
1.425000000000113953e+00 0.000000000000000000e+00 1.169302969344535778e-05 1.749421353451907635e-04
1.430000000000114291e+00 0.000000000000000000e+00 1.153723793481003795e-05 1.729138602968305349e-04
1.435000000000114628e+00 0.000000000000000000e+00 1.136706871086156314e-05 1.706610346445813775e-04
1.440000000000115188e+00 0.000000000000000000e+00 1.119942901747668599e-05 1.684368326095864177e-04
1.445000000000115525e+00 0.000000000000000000e+00 1.103557606968276379e-05 1.662604190642014146e-04
1.450000000000115863e+00 0.000000000000000000e+00 1.088095764097510026e-05 1.642143324716016650e-04
1.455000000000116422e+00 0.000000000000000000e+00 1.074327693289667742e-05 1.624157739570364356e-04
1.460000000000116760e+00 0.000000000000000000e+00 1.062936005203753771e-05 1.609694591024890542e-04
1.465000000000117097e+00 0.000000000000000000e+00 1.052658551883523158e-05 1.596857910044491291e-04
1.470000000000117435e+00 0.000000000000000000e+00 1.044768358518819378e-05 1.587590959388762712e-04
1.475000000000117995e+00 0.000000000000000000e+00 1.040261383704055366e-05 1.583428384037688375e-04
1.480000000000118332e+00 0.000000000000000000e+00 1.037312278603387551e-05 1.581613323651254177e-04
1.485000000000118670e+00 0.000000000000000000e+00 1.034356542585551577e-05 1.579768431838601828e-04
1.490000000000119229e+00 0.000000000000000000e+00 1.033412878736993847e-05 1.580982061568647623e-04
1.495000000000119567e+00 0.000000000000000000e+00 1.030210680219560777e-05 1.578725350555032492e-04
1.500000000000119904e+00 0.000000000000000000e+00 1.021599032369579505e-05 1.568144361954182386e-04
1.505000000000120242e+00 0.000000000000000000e+00 1.012647587940991462e-05 1.556992501718923450e-04
1.510000000000120801e+00 0.000000000000000000e+00 1.006739826934177517e-05 1.550478191347792745e-04
1.515000000000121139e+00 0.000000000000000000e+00 1.002447033437383849e-05 1.546420826343819499e-04
1.520000000000121476e+00 0.000000000000000000e+00 9.965842505362311430e-06 1.539911463623866439e-04
1.525000000000122036e+00 0.000000000000000000e+00 9.903455157290499256e-06 1.532786263851448894e-04
1.530000000000122373e+00 0.000000000000000000e+00 9.812355540250473082e-06 1.521174126537516713e-04
1.535000000000122711e+00 0.000000000000000000e+00 9.649947815943765855e-06 1.498439087299630046e-04
1.540000000000123048e+00 0.000000000000000000e+00 9.433759498339776715e-06 1.467253314331173897e-04
1.545000000000123608e+00 0.000000000000000000e+00 9.211856118066289760e-06 1.435064186807721853e-04
1.550000000000123945e+00 0.000000000000000000e+00 8.998780349368501583e-06 1.404136855853721499e-04
1.555000000000124283e+00 0.000000000000000000e+00 8.799659977935608645e-06 1.375279680360108614e-04
1.560000000000124620e+00 0.000000000000000000e+00 8.609734381261731500e-06 1.347758225165307522e-04
1.565000000000125180e+00 0.000000000000000000e+00 8.434510744689392809e-06 1.322443131357431412e-04
1.570000000000125517e+00 0.000000000000000000e+00 8.292251691902372562e-06 1.302213640883564949e-04
1.575000000000125855e+00 0.000000000000000000e+00 8.158513990910357168e-06 1.283250021515414119e-04
1.580000000000126414e+00 0.000000000000000000e+00 8.044764382848837347e-06 1.267365296371281147e-04
1.585000000000126752e+00 0.000000000000000000e+00 7.924848199233721754e-06 1.250447676284238696e-04
1.590000000000127089e+00 0.000000000000000000e+00 7.827613483319132494e-06 1.237051765201613307e-04
1.595000000000127427e+00 0.000000000000000000e+00 7.781786943275336891e-06 1.231741625815629959e-04
1.600000000000127987e+00 0.000000000000000000e+00 7.732146536335338951e-06 1.225801097461953759e-04
1.605000000000128324e+00 0.000000000000000000e+00 7.654724033143637301e-06 1.215421725646592677e-04
1.610000000000128662e+00 0.000000000000000000e+00 7.553601543190747764e-06 1.201232153107412159e-04
1.615000000000129221e+00 8.984090982266934589e-07 7.474220523180204949e-06 1.190452603623270988e-04
1.620000000000129559e+00 0.000000000000000000e+00 7.431868235026575678e-06 1.185537912533618510e-04
1.625000000000129896e+00 0.000000000000000000e+00 7.361616735745380729e-06 1.176142177428118885e-04
1.630000000000130234e+00 0.000000000000000000e+00 7.259639027417036810e-06 1.161632535513490438e-04
1.635000000000130793e+00 0.000000000000000000e+00 7.157759158819460935e-06 1.147085786215029657e-04
1.640000000000131131e+00 0.000000000000000000e+00 7.063084909042734904e-06 1.133642945205792785e-04
1.645000000000131468e+00 0.000000000000000000e+00 6.991788272978060832e-06 1.123909023590385914e-04
1.650000000000132028e+00 0.000000000000000000e+00 6.953420753407361433e-06 1.119438966270536184e-04
1.655000000000132365e+00 0.000000000000000000e+00 6.929921306238615452e-06 1.117344872909598053e-04
1.660000000000132703e+00 0.000000000000000000e+00 6.855170749296524752e-06 1.106960844481363893e-04
1.665000000000133040e+00 0.000000000000000000e+00 6.729218123364668517e-06 1.088257486117072403e-04
1.670000000000133600e+00 0.000000000000000000e+00 6.642000381829337268e-06 1.075764157576486468e-04
1.675000000000133937e+00 0.000000000000000000e+00 6.577915187215540537e-06 1.066978365997783840e-04
1.680000000000134275e+00 0.000000000000000000e+00 6.482240066853198318e-06 1.053027444868348539e-04
1.685000000000134612e+00 0.000000000000000000e+00 6.353399223362774320e-06 1.033632215694524348e-04
1.690000000000135172e+00 0.000000000000000000e+00 6.273293214967289483e-06 1.022112919599749148e-04
1.695000000000135509e+00 0.000000000000000000e+00 6.247703243848442760e-06 1.019448245642706752e-04
1.700000000000135847e+00 0.000000000000000000e+00 6.247708918855526013e-06 1.020951676764525473e-04
1.705000000000136406e+00 0.000000000000000000e+00 6.182293389859567054e-06 1.011746571748517454e-04
1.710000000000136744e+00 0.000000000000000000e+00 6.054780791547892590e-06 9.923306788550689816e-05
1.715000000000137081e+00 0.000000000000000000e+00 5.975256347151247402e-06 9.807279275264590979e-05
1.720000000000137419e+00 0.000000000000000000e+00 5.888691753080297126e-06 9.679278446128591895e-05
1.725000000000137979e+00 0.000000000000000000e+00 5.760620569119232516e-06 9.482519817538559437e-05
1.730000000000138316e+00 0.000000000000000000e+00 5.738804194977632488e-06 9.460288856644183397e-05
1.735000000000138654e+00 0.000000000000000000e+00 5.760638955412795915e-06 9.509996016277000308e-05
1.740000000000139213e+00 0.000000000000000000e+00 5.717679083794695575e-06 9.452666563447564840e-05
1.745000000000139551e+00 0.000000000000000000e+00 5.709483887578403040e-06 9.452670201426371932e-05
1.750000000000139888e+00 0.000000000000000000e+00 5.721219320798415959e-06 9.485660120844841003e-05
1.755000000000140226e+00 0.000000000000000000e+00 5.732317671190752233e-06 9.517628495814278722e-05
1.760000000000140785e+00 0.000000000000000000e+00 5.728831974471994123e-06 9.525381028652191162e-05
1.765000000000141123e+00 0.000000000000000000e+00 5.717327782285432810e-06 9.519746527075767517e-05
1.770000000000141460e+00 0.000000000000000000e+00 5.643433829021148550e-06 9.410008351551368833e-05
1.775000000000142020e+00 0.000000000000000000e+00 5.613486437193599069e-06 9.373284410685300827e-05
1.780000000000142357e+00 0.000000000000000000e+00 5.522713862628211480e-06 9.234693425241857767e-05
1.785000000000142695e+00 0.000000000000000000e+00 5.475240044559693642e-06 9.168160613626241684e-05
1.790000000000143032e+00 0.000000000000000000e+00 5.469954714822549442e-06 9.172129648504778743e-05
1.795000000000143592e+00 0.000000000000000000e+00 5.473513926886045692e-06 9.190907439915463328e-05
1.800000000000143929e+00 0.000000000000000000e+00 5.459394729257667873e-06 9.179957851301878691e-05
1.805000000000144267e+00 0.000000000000000000e+00 5.435493908330477757e-06 9.152454003924503922e-05
1.810000000000144826e+00 0.000000000000000000e+00 5.422720157321681873e-06 9.143583156401291490e-05
1.815000000000145164e+00 0.000000000000000000e+00 5.358435545997868230e-06 9.047659841598942876e-05
1.820000000000145501e+00 0.000000000000000000e+00 5.328417794273352410e-06 9.009359200717881322e-05
1.825000000000145839e+00 0.000000000000000000e+00 5.243647751581369713e-06 8.878199150785803795e-05
1.830000000000146398e+00 0.000000000000000000e+00 5.129890786168632439e-06 8.697483281139284372e-05
1.835000000000146736e+00 0.000000000000000000e+00 5.030422700521823028e-06 8.540483395336195827e-05
1.840000000000147073e+00 0.000000000000000000e+00 4.978834299689339651e-06 8.464406710118055344e-05
1.845000000000147633e+00 0.000000000000000000e+00 4.876900616409733090e-06 8.302368951262906194e-05
1.850000000000147971e+00 0.000000000000000000e+00 4.810247964800803632e-06 8.199988951673731208e-05
1.855000000000148308e+00 0.000000000000000000e+00 4.777864749307310705e-06 8.155784598784521222e-05
1.860000000000148646e+00 0.000000000000000000e+00 4.702898348636797512e-06 8.038629312068223953e-05
1.865000000000149205e+00 0.000000000000000000e+00 4.627535918056423631e-06 7.920437201391905546e-05
1.870000000000149543e+00 0.000000000000000000e+00 4.586768454631939929e-06 7.861176709411665797e-05
1.875000000000149880e+00 0.000000000000000000e+00 4.534267802511575532e-06 7.781579188304021955e-05
1.880000000000150218e+00 0.000000000000000000e+00 4.503105784414908019e-06 7.738397107459604740e-05
1.885000000000150777e+00 0.000000000000000000e+00 4.531274586124359745e-06 7.797151920385658741e-05
1.890000000000151115e+00 0.000000000000000000e+00 4.589660032912120801e-06 7.908085535746067762e-05
1.895000000000151452e+00 0.000000000000000000e+00 4.621497799412229641e-06 7.973468746058642864e-05
1.900000000000152012e+00 0.000000000000000000e+00 4.583697803510592752e-06 7.918678602436557412e-05
1.905000000000152349e+00 0.000000000000000000e+00 4.588301082098530345e-06 7.937054033391177654e-05
1.910000000000152687e+00 0.000000000000000000e+00 4.546511044033718100e-06 7.875078154029324651e-05
1.915000000000153024e+00 0.000000000000000000e+00 4.490585911592820647e-06 7.788383663864806294e-05
1.920000000000153584e+00 0.000000000000000000e+00 4.490628588785143410e-06 7.798618753440678120e-05
1.925000000000153921e+00 0.000000000000000000e+00 4.454408655657480341e-06 7.745783659629523754e-05
1.930000000000154259e+00 0.000000000000000000e+00 4.445510047884048882e-06 7.740342698525637388e-05
1.935000000000154818e+00 0.000000000000000000e+00 4.493331673608463414e-06 7.833735435269773006e-05
1.940000000000155156e+00 0.000000000000000000e+00 4.517355963871045239e-06 7.885788363637402654e-05
1.945000000000155493e+00 0.000000000000000000e+00 4.528785076787653630e-06 7.915921014500781894e-05
1.950000000000155831e+00 0.000000000000000000e+00 4.517157884748577899e-06 7.905739767011255026e-05
1.955000000000156390e+00 0.000000000000000000e+00 4.448007943434633073e-06 7.794690463924780488e-05
1.960000000000156728e+00 0.000000000000000000e+00 4.356775796738483369e-06 7.644572178833186626e-05
1.965000000000157065e+00 0.000000000000000000e+00 4.265526400310256433e-06 7.494002784369513392e-05
1.970000000000157625e+00 0.000000000000000000e+00 4.199140407662225492e-06 7.386750803561881185e-05
1.975000000000157963e+00 0.000000000000000000e+00 4.174194849616361356e-06 7.352181273745372891e-05
1.980000000000158300e+00 0.000000000000000000e+00 4.179081018454866755e-06 7.370099046966060996e-05
1.985000000000158638e+00 0.000000000000000000e+00 4.202495529079859304e-06 7.420744077535346150e-05
1.990000000000159197e+00 0.000000000000000000e+00 4.210819999494783078e-06 7.444802031386643648e-05
1.995000000000159535e+00 0.000000000000000000e+00 4.229664147861623082e-06 7.487507537007331848e-05
2.000000000000159872e+00 0.000000000000000000e+00 4.231160587847845784e-06 7.499536877730861306e-05
2.005000000000160210e+00 0.000000000000000000e+00 4.224249773947227801e-06 7.496641046600416303e-05
2.010000000000160547e+00 0.000000000000000000e+00 4.222296550735779175e-06 7.502512016799300909e-05
2.015000000000161329e+00 0.000000000000000000e+00 4.202695737759772997e-06 7.476966129615902901e-05
2.020000000000161666e+00 0.000000000000000000e+00 4.200198463072949091e-06 7.481788634322583675e-05
2.025000000000162004e+00 0.000000000000000000e+00 4.221465633687389580e-06 7.528972491854801774e-05
2.030000000000162341e+00 0.000000000000000000e+00 4.277039516570418741e-06 7.637499948032200336e-05
2.035000000000162679e+00 0.000000000000000000e+00 4.351446525081573149e-06 7.779931911500170827e-05
2.040000000000163016e+00 0.000000000000000000e+00 4.419424150072014877e-06 7.911169814178720117e-05
2.045000000000163354e+00 0.000000000000000000e+00 4.432399601088147165e-06 7.944114622659981251e-05
2.050000000000164135e+00 0.000000000000000000e+00 4.422820728985942163e-06 7.936631300253793597e-05
2.055000000000164473e+00 0.000000000000000000e+00 4.431857111783276602e-06 7.962539530126377940e-05
2.060000000000164810e+00 0.000000000000000000e+00 4.441801512948448158e-06 7.990108861122280359e-05
2.065000000000165148e+00 0.000000000000000000e+00 4.470120775331022448e-06 8.050803444348275661e-05
2.070000000000165485e+00 0.000000000000000000e+00 4.471322115177717400e-06 8.062710548983886838e-05
2.075000000000165823e+00 0.000000000000000000e+00 4.438546864146426271e-06 8.013270416995510459e-05
2.080000000000166160e+00 0.000000000000000000e+00 4.426163777433038255e-06 8.000536035979166627e-05
2.085000000000166498e+00 0.000000000000000000e+00 4.398846173800928752e-06 7.960708899190649390e-05
2.090000000000167280e+00 0.000000000000000000e+00 4.377311793421322981e-06 7.931230356916785240e-05
2.095000000000167617e+00 0.000000000000000000e+00 4.331268567545522618e-06 7.857186574256047606e-05
2.100000000000167955e+00 0.000000000000000000e+00 4.297494130698268157e-06 7.805215136613696814e-05
2.105000000000168292e+00 0.000000000000000000e+00 4.270206221408851597e-06 7.764881593175232410e-05
2.110000000000168630e+00 0.000000000000000000e+00 4.232333774440729903e-06 7.705149619141593575e-05
2.115000000000168967e+00 0.000000000000000000e+00 4.218798653581559523e-06 7.689603080507367849e-05
2.120000000000169305e+00 0.000000000000000000e+00 4.193857470009192718e-06 7.653173088328912854e-05
2.125000000000170086e+00 0.000000000000000000e+00 4.147318308118195830e-06 7.577165524708107114e-05
2.130000000000170424e+00 0.000000000000000000e+00 4.112486292524283586e-06 7.522361556766554713e-05
2.135000000000170761e+00 0.000000000000000000e+00 4.029908860247472222e-06 7.379961607512086630e-05
2.140000000000171099e+00 0.000000000000000000e+00 3.966148197993178583e-06 7.271696813404560089e-05
2.145000000000171436e+00 0.000000000000000000e+00 3.929427308015220736e-06 7.212782657006755471e-05
2.150000000000171774e+00 0.000000000000000000e+00 3.920536816273075505e-06 7.204846042441204190e-05
2.155000000000172111e+00 0.000000000000000000e+00 3.927489235515201970e-06 7.226010347949340940e-05
2.160000000000172893e+00 0.000000000000000000e+00 3.926253414392076085e-06 7.232111966004595160e-05
2.165000000000173230e+00 0.000000000000000000e+00 3.954513529372893816e-06 7.292592636076733470e-05
2.170000000000173568e+00 0.000000000000000000e+00 3.969361405440700367e-06 7.328421634156256914e-05
2.175000000000173905e+00 0.000000000000000000e+00 3.955396143118097939e-06 7.311046647373586893e-05
2.180000000000174243e+00 0.000000000000000000e+00 3.934284987801191981e-06 7.280379213625565171e-05
2.185000000000174580e+00 0.000000000000000000e+00 3.956760174283116228e-06 7.330361404456198215e-05
2.190000000000174918e+00 0.000000000000000000e+00 3.975729157596059307e-06 7.373926200671121478e-05
2.195000000000175699e+00 0.000000000000000000e+00 3.987486181135679534e-06 7.404170173685997725e-05
2.200000000000176037e+00 0.000000000000000000e+00 4.019931284774158279e-06 7.472912693629041314e-05
2.205000000000176374e+00 0.000000000000000000e+00 4.029421066259800981e-06 7.499061030102893710e-05
2.210000000000176712e+00 0.000000000000000000e+00 4.027904355508694773e-06 7.504732639063149691e-05
2.215000000000177049e+00 0.000000000000000000e+00 4.056608758775540879e-06 7.566759450128301978e-05
2.220000000000177387e+00 0.000000000000000000e+00 4.056927802210881471e-06 7.575890776934102178e-05
2.225000000000177725e+00 0.000000000000000000e+00 4.054284447382444160e-06 7.579475641250610352e-05
2.230000000000178506e+00 0.000000000000000000e+00 3.998929355504920388e-06 7.484384695999324322e-05
2.235000000000178844e+00 0.000000000000000000e+00 3.955608032455603137e-06 7.411599654005840421e-05
2.240000000000179181e+00 0.000000000000000000e+00 3.890137660170319751e-06 7.297076808754354715e-05
2.245000000000179519e+00 0.000000000000000000e+00 3.842794111585372821e-06 7.216310768853873014e-05
2.250000000000179856e+00 0.000000000000000000e+00 3.792147475068613512e-06 7.129128061933442950e-05
2.255000000000180194e+00 0.000000000000000000e+00 3.733855484532024181e-06 7.027335959719493985e-05
2.260000000000180531e+00 0.000000000000000000e+00 3.729862232950861259e-06 7.027598621789366007e-05
2.265000000000181313e+00 0.000000000000000000e+00 3.735496581016116334e-06 7.045995880616828799e-05
2.270000000000181650e+00 0.000000000000000000e+00 3.734383484723518177e-06 7.051666761981323361e-05
2.275000000000181988e+00 0.000000000000000000e+00 3.789696453674538980e-06 7.163991540437564254e-05
2.280000000000182325e+00 0.000000000000000000e+00 3.771319554455758565e-06 7.137082138797268271e-05
2.285000000000182663e+00 0.000000000000000000e+00 3.816164723269529299e-06 7.229864422697573900e-05
2.290000000000183000e+00 0.000000000000000000e+00 3.899620472693072473e-06 7.396053115371614695e-05
2.295000000000183338e+00 0.000000000000000000e+00 3.860238112208583646e-06 7.329348591156303883e-05
2.300000000000184119e+00 0.000000000000000000e+00 3.862629352198444405e-06 7.341873424593359232e-05
2.305000000000184457e+00 0.000000000000000000e+00 3.883269791086045789e-06 7.389124220935627818e-05
2.310000000000184794e+00 0.000000000000000000e+00 3.885109828821826038e-06 7.400639151455834508e-05
2.315000000000185132e+00 0.000000000000000000e+00 3.844314571370129048e-06 7.330850348807871342e-05
2.320000000000185469e+00 0.000000000000000000e+00 3.818457650389578676e-06 7.289402128662914038e-05
2.325000000000185807e+00 0.000000000000000000e+00 3.872547038092195659e-06 7.400620233966037631e-05
2.330000000000186144e+00 0.000000000000000000e+00 3.916021329648494399e-06 7.491744327126070857e-05
2.335000000000186926e+00 0.000000000000000000e+00 3.879112214174654272e-06 7.429091783706098795e-05
2.340000000000187264e+00 0.000000000000000000e+00 3.897577184139156495e-06 7.472442666767165065e-05
2.345000000000187601e+00 0.000000000000000000e+00 3.942580506454401379e-06 7.566794374724850059e-05
2.350000000000187939e+00 0.000000000000000000e+00 3.950101043113195960e-06 7.589306187583133578e-05
2.355000000000188276e+00 0.000000000000000000e+00 3.894330158342693069e-06 7.490109419450163841e-05
2.360000000000188614e+00 0.000000000000000000e+00 3.805949578713063584e-06 7.327890489250421524e-05
2.365000000000188951e+00 0.000000000000000000e+00 3.713308858166468480e-06 7.157091749832034111e-05
2.370000000000189733e+00 0.000000000000000000e+00 3.701026483104377165e-06 7.140955131035298109e-05
2.375000000000190070e+00 0.000000000000000000e+00 3.694678540595922875e-06 7.136222848203033209e-05
2.380000000000190408e+00 0.000000000000000000e+00 3.659121439160687435e-06 7.074980385368689895e-05
2.385000000000190745e+00 0.000000000000000000e+00 3.639836147678851392e-06 7.045080565148964524e-05
2.390000000000191083e+00 0.000000000000000000e+00 3.663351393806753686e-06 7.098024070728570223e-05
2.395000000000191420e+00 0.000000000000000000e+00 3.690872113670826010e-06 7.158824155339971185e-05
2.400000000000191758e+00 0.000000000000000000e+00 3.703487947000847240e-06 7.190788164734840393e-05
2.405000000000192539e+00 0.000000000000000000e+00 3.696780282177511593e-06 7.185237336670979857e-05
2.410000000000192877e+00 0.000000000000000000e+00 3.679035246953422410e-06 7.158176595112308860e-05
2.415000000000193214e+00 0.000000000000000000e+00 3.670949990340688665e-06 7.149850716814398766e-05
2.420000000000193552e+00 0.000000000000000000e+00 3.675439655114339238e-06 7.166001887526363134e-05
2.425000000000193889e+00 0.000000000000000000e+00 3.678923752881287617e-06 7.180200918810442090e-05
2.430000000000194227e+00 0.000000000000000000e+00 3.682514070307523258e-06 7.194613863248378038e-05
2.435000000000194564e+00 0.000000000000000000e+00 3.692973827732598028e-06 7.222468411782756448e-05
2.440000000000194902e+00 0.000000000000000000e+00 3.707863565551425620e-06 7.259030098794028163e-05
2.445000000000195683e+00 0.000000000000000000e+00 3.709008626619060100e-06 7.268707850016653538e-05
2.450000000000196021e+00 0.000000000000000000e+00 3.687201473263670536e-06 7.233356154756620526e-05
2.455000000000196358e+00 0.000000000000000000e+00 3.658486216346465033e-06 7.184343849075958133e-05
2.460000000000196696e+00 0.000000000000000000e+00 3.631887804469823051e-06 7.139370427466928959e-05
2.465000000000197034e+00 0.000000000000000000e+00 3.610756388591134124e-06 7.105041004251688719e-05
2.470000000000197371e+00 0.000000000000000000e+00 3.593399357296816729e-06 7.078054477460682392e-05
2.475000000000197709e+00 0.000000000000000000e+00 3.572825294854491893e-06 7.044648373266682029e-05
2.480000000000198490e+00 0.000000000000000000e+00 3.545857332564358596e-06 6.998533353907987475e-05
2.485000000000198828e+00 0.000000000000000000e+00 3.521437163512835348e-06 6.957337609492242336e-05
2.490000000000199165e+00 0.000000000000000000e+00 3.509030090725164260e-06 6.939796003280207515e-05
2.495000000000199503e+00 0.000000000000000000e+00 3.517556282978233288e-06 6.963639316381886601e-05
2.500000000000199840e+00 0.000000000000000000e+00 3.536367152736822096e-06 7.007890235399827361e-05
2.505000000000200178e+00 0.000000000000000000e+00 3.562961892875294053e-06 7.067649130476638675e-05
2.510000000000200515e+00 0.000000000000000000e+00 3.582797778364068327e-06 7.114085747161880136e-05
2.515000000000201297e+00 0.000000000000000000e+00 3.596035247303488539e-06 7.147478754632174969e-05
2.520000000000201634e+00 0.000000000000000000e+00 3.604767172942147246e-06 7.171952893259003758e-05
2.525000000000201972e+00 0.000000000000000000e+00 3.609989012384276095e-06 7.189463940449059010e-05
2.530000000000202309e+00 0.000000000000000000e+00 3.617259263744557425e-06 7.211072079371660948e-05
2.535000000000202647e+00 0.000000000000000000e+00 3.626107706407673251e-06 7.235851080622524023e-05
2.540000000000202984e+00 0.000000000000000000e+00 3.632213553425747203e-06 7.255179662024602294e-05
2.545000000000203322e+00 0.000000000000000000e+00 3.623864663791800867e-06 7.245624146889895201e-05
2.550000000000204103e+00 0.000000000000000000e+00 3.611113472736054468e-06 7.227218156913295388e-05
2.555000000000204441e+00 0.000000000000000000e+00 3.597638559020482825e-06 7.207305316114798188e-05
2.560000000000204778e+00 0.000000000000000000e+00 3.587811266965898964e-06 7.194647332653403282e-05
