5.000000000000399958e-03 -5.948988822917205845e-06 8.470329472543003391e-22 8.470329472543003391e-22
1.000000000000079992e-02 -5.801463966831710337e-06 1.928100032497228110e-07 2.416515028887348068e-07
1.500000000000119987e-02 -5.339379667300786595e-06 3.204704653737295740e-07 4.919189794874864424e-07
2.000000000000159983e-02 -4.712417399905085292e-06 4.369284276148978973e-07 7.744354740961488123e-07
2.500000000000199979e-02 -4.071169132510430869e-06 5.828922948057812354e-07 1.155096471784027854e-06
3.000000000000239975e-02 -3.520905839649426236e-06 7.770112716501610488e-07 1.686738992915981718e-06
3.500000000000279970e-02 -3.103405361630847773e-06 1.000592084288334758e-06 2.346124331292917686e-06
4.000000000000319966e-02 -2.778227605268731378e-06 1.215697612072679960e-06 3.047302007822891030e-06
4.500000000000359962e-02 -2.477893557075822843e-06 1.381014238407425148e-06 3.671676007531030188e-06
5.000000000000399958e-02 -2.144766652660005041e-06 1.463679694086101207e-06 4.101955914486466083e-06
5.500000000000439954e-02 -1.770583937150012398e-06 1.454546244201461114e-06 4.275321871330464605e-06
6.000000000000479949e-02 -1.397645087523445759e-06 1.370251722934475365e-06 4.206645554065790277e-06
6.500000000000519251e-02 -1.085554854183749565e-06 1.250281294988005307e-06 3.995069608947655333e-06
7.000000000000558553e-02 -8.760377439131285891e-07 1.145848287367907318e-06 3.799584247543683490e-06
7.500000000000600631e-02 -7.632307916128462804e-07 1.088004912487212536e-06 3.734405091421116115e-06
8.000000000000639933e-02 -6.917207390739768236e-07 1.067203957830619971e-06 3.783139529517131791e-06
8.500000000000679234e-02 -5.795879016697154669e-07 1.049468862846603490e-06 3.834766804009333853e-06
9.000000000000718536e-02 -3.448768101197582007e-07 1.010290096984971369e-06 3.798632584023488619e-06
9.500000000000760614e-02 6.235002426749152922e-08 9.516173067627895009e-07 3.676072541981270802e-06
1.000000000000079992e-01 6.508894259210294865e-07 8.996059052395175861e-07 3.565432641323488999e-06
1.050000000000083922e-01 1.397889095661652513e-06 8.856703017157238838e-07 3.596885973031524945e-06
1.100000000000087852e-01 2.275543006666206665e-06 9.202991787276881075e-07 3.825474536868774595e-06
1.150000000000092060e-01 3.274856906591494473e-06 9.853818331692123858e-07 4.188064965943101353e-06
1.200000000000095990e-01 4.424817879225425671e-06 1.051413239877605820e-06 4.564823636607833050e-06
1.250000000000099920e-01 5.794416485477427086e-06 1.095306596097825442e-06 4.853450985439702174e-06
1.300000000000103850e-01 7.473581232557398084e-06 1.106410064478801665e-06 4.999743590919689430e-06
1.350000000000107780e-01 9.546531984464065606e-06 1.084671337762679970e-06 4.994879171744886028e-06
1.400000000000111988e-01 1.206715649207510852e-05 1.038359192998190499e-06 4.869356465172136858e-06
1.450000000000115918e-01 1.504913754398995194e-05 9.819390223077056452e-07 4.686282430483875545e-06
1.500000000000119849e-01 1.847844415015767374e-05 9.351085925007300796e-07 4.539077685632445334e-06
1.550000000000124056e-01 2.232958754774888669e-05 9.161180623240067101e-07 4.520403821954775693e-06
1.600000000000127987e-01 2.658898918805806076e-05 9.304066306880778269e-07 4.664367134773984161e-06
1.650000000000131917e-01 3.124757435765995099e-05 9.651533556836673744e-07 4.913582310734154212e-06
1.700000000000135847e-01 3.628309256604749005e-05 9.958291501482376788e-07 5.145993509385463950e-06
1.750000000000139777e-01 4.162447641280917962e-05 1.000057516784433413e-06 5.243290756789227374e-06
1.800000000000143985e-01 4.712450439483646333e-05 9.680798635904215661e-07 5.147630646614993412e-06
1.850000000000147915e-01 5.255545233027977315e-05 9.076986549897051614e-07 4.893138342482650558e-06
1.900000000000151845e-01 5.764462544211504917e-05 8.406574043637574700e-07 4.592569967858205188e-06
1.950000000000156053e-01 6.212318623670490562e-05 7.902909798703969439e-07 4.373853870545074506e-06
2.000000000000159983e-01 6.578776890174815146e-05 7.642619926375242336e-07 4.283681755760273216e-06
2.050000000000163913e-01 6.854251095032501406e-05 7.496192569728160291e-07 4.253805257256172991e-06
2.100000000000167844e-01 7.040936378035684054e-05 7.287247475348092883e-07 4.185362745966281259e-06
2.150000000000171774e-01 7.151252395163452285e-05 6.947453870363947750e-07 4.037428462331860516e-06
2.200000000000175981e-01 7.203191343642037633e-05 6.577381744030785802e-07 3.866556204513458154e-06
2.250000000000179912e-01 7.216385679635613324e-05 6.371076036899739333e-07 3.787598935825389994e-06
2.300000000000183842e-01 7.209562181435209068e-05 6.450558009443338900e-07 3.877226225999164791e-06
2.350000000000188050e-01 7.197256696871102890e-05 6.744592279611112064e-07 4.097788796346435187e-06
2.400000000000191980e-01 7.189911117670496504e-05 7.065841395613357195e-07 4.338398528547197258e-06
2.450000000000195910e-01 7.193569110018015720e-05 7.266937625248141950e-07 4.508109052356619818e-06
2.500000000000199840e-01 7.210082836834226787e-05 7.313893069430349836e-07 4.583302791365639856e-06
2.550000000000203770e-01 7.237873561119434419e-05 7.268790822031684887e-07 4.600364038198922536e-06
2.600000000000207701e-01 7.273626060271059731e-05 7.224832240413966080e-07 4.617154208277577289e-06
2.650000000000211631e-01 7.314470409867304538e-05 7.248165067147171688e-07 4.676392450624824185e-06
2.700000000000216116e-01 7.361146348145652604e-05 7.335044180061989932e-07 4.776882453840048884e-06
2.750000000000220046e-01 7.419938827984146469e-05 7.429606486885778569e-07 4.883060410410492551e-06
2.800000000000223976e-01 7.503650465839968218e-05 7.480377658685585549e-07 4.960922912911533140e-06
2.850000000000227907e-01 7.630922768946992992e-05 7.446055519944113362e-07 4.982056387669524059e-06
2.900000000000231837e-01 7.823889695947769895e-05 7.308180137385816750e-07 4.932512347456585273e-06
2.950000000000235767e-01 8.106061492252401943e-05 7.078184617147273244e-07 4.818288857155926713e-06
3.000000000000239697e-01 8.500326745442244550e-05 6.809445140504847761e-07 4.674469078328348668e-06
3.050000000000244182e-01 9.026136615284850121e-05 6.591104969900809598e-07 4.562134516143471466e-06
3.100000000000248113e-01 9.697290741008577047e-05 6.500220442324969349e-07 4.535956391097478409e-06
3.150000000000252043e-01 1.051867092620884517e-04 6.554498564262570652e-07 4.610570721827623551e-06
3.200000000000255973e-01 1.148316584496283162e-04 6.727371629805368304e-07 4.769582300688607924e-06
3.250000000000259903e-01 1.257072707923441901e-04 6.954047675579099776e-07 4.968660038167087046e-06
3.300000000000263833e-01 1.374939884539957437e-04 7.208751387538577075e-07 5.190114708744999428e-06
3.350000000000267764e-01 1.498029355570759690e-04 7.454877556732700106e-07 5.407827834152932735e-06
3.400000000000271694e-01 1.622308466992488773e-04 7.674260053235728831e-07 5.608360331465077572e-06
3.450000000000275624e-01 1.744245633798003671e-04 7.826428141267815780e-07 5.761467125187403380e-06
3.500000000000280109e-01 1.861164202373797303e-04 7.891121517467077419e-07 5.851034945267680617e-06
3.550000000000284039e-01 1.971393267825936988e-04 7.869606711680770647e-07 5.876613707722398453e-06
3.600000000000287970e-01 2.074056598445031443e-04 7.789490292806306397e-07 5.857606983873833984e-06
3.650000000000291900e-01 2.168814804873028172e-04 7.681816163241041601e-07 5.816614484164720754e-06
3.700000000000295830e-01 2.255464223190527468e-04 7.558891186964360522e-07 5.762605562439273144e-06
3.750000000000299760e-01 2.333686610726683056e-04 7.416378084344816908e-07 5.692033327454526529e-06
3.800000000000303690e-01 2.402953791419016466e-04 7.238706831345957840e-07 5.592586690690825074e-06
3.850000000000308176e-01 2.462501685613502573e-04 7.018646250866756190e-07 5.458127258551937552e-06
3.900000000000312106e-01 2.511567310541143721e-04 6.770092755173106711e-07 5.298913875772467612e-06
3.950000000000316036e-01 2.549608925871913183e-04 6.517019071326006535e-07 5.133428036995855265e-06
4.000000000000319966e-01 2.576493463839446248e-04 6.296065026855907450e-07 4.990673277688308154e-06
4.050000000000323896e-01 2.592717459807640772e-04 6.134141818054470286e-07 4.892617479335239494e-06
4.100000000000327827e-01 2.599411248002604278e-04 6.036089314829839337e-07 4.844037808202082209e-06
4.150000000000331757e-01 2.598105977272496619e-04 5.994369997940758047e-07 4.839801310372312175e-06
4.200000000000335687e-01 2.590697932550990951e-04 6.004647544378930098e-07 4.877217285830849951e-06
4.250000000000339617e-01 2.579042358333432402e-04 6.039882767585441468e-07 4.934951771214322034e-06
4.300000000000344103e-01 2.564853835419884064e-04 6.072294402135011646e-07 4.990533618472055368e-06
4.350000000000348033e-01 2.549422059071759393e-04 6.070425996638924790e-07 5.017920033929979486e-06
4.400000000000351963e-01 2.533671386101857227e-04 6.027263263815829013e-07 5.010792723863666473e-06
4.450000000000355893e-01 2.518192061879801239e-04 5.958180607330207786e-07 4.981425133505951281e-06
4.500000000000359823e-01 2.503290921724330787e-04 5.904848079466366611e-07 4.964493242936172486e-06
4.550000000000363753e-01 2.489143203604191100e-04 5.889137098106825863e-07 4.978715403673904015e-06
4.600000000000367684e-01 2.475768764451038864e-04 5.888733156411996657e-07 5.005652874041067687e-06
4.650000000000372169e-01 2.463185607517188579e-04 5.858658988114422512e-07 5.007081206094948688e-06
4.700000000000376099e-01 2.451438757197994854e-04 5.768211921485340390e-07 4.956214286917517548e-06
4.750000000000380029e-01 2.440580116330508731e-04 5.608988427725850325e-07 4.844972176168497788e-06
4.800000000000383960e-01 2.430691476835506099e-04 5.401109976492235437e-07 4.689899945996535844e-06
4.850000000000387890e-01 2.421828975057758820e-04 5.168136946703920477e-07 4.510916841837540969e-06
4.900000000000391820e-01 2.413996889798135197e-04 4.927841600039687716e-07 4.323293480646995774e-06
4.950000000000395750e-01 2.407274242849791808e-04 4.709750799380406974e-07 4.152985994370003155e-06
5.000000000000399680e-01 2.401619679981659107e-04 4.575260906962138596e-07 4.054719406721415205e-06
5.050000000000404166e-01 2.397152637358491230e-04 4.607379351354468766e-07 4.103548768949887794e-06
5.100000000000408651e-01 2.394122666924463835e-04 4.814695453667129883e-07 4.309370637902479601e-06
5.150000000000412026e-01 2.392962483813652333e-04 5.132680114039199702e-07 4.616445910621974872e-06
5.200000000000416511e-01 2.394268015398148754e-04 5.476384983660969075e-07 4.949434500375038867e-06
5.250000000000419886e-01 2.398930940196912043e-04 5.752401482514618099e-07 5.223826927706228776e-06
5.300000000000424372e-01 2.407857940945150581e-04 5.919535624920194234e-07 5.401140961991754119e-06
5.350000000000428857e-01 2.421810936298150058e-04 5.969597612420356411e-07 5.472451074509651137e-06
5.400000000000432232e-01 2.441373355139460908e-04 5.918722206716878345e-07 5.451107859944641658e-06
5.450000000000436717e-01 2.466678076561953968e-04 5.771540335098750511e-07 5.340106578011041769e-06
5.500000000000440092e-01 2.497555541792519638e-04 5.556316431308331696e-07 5.164499670256971297e-06
5.550000000000444578e-01 2.533492559572859005e-04 5.294522775476565313e-07 4.943485343902539081e-06
5.600000000000447953e-01 2.574136664496286210e-04 5.024828121952706015e-07 4.712758256872641495e-06
5.650000000000452438e-01 2.619250526913722448e-04 4.786894792975902258e-07 4.509600241072944269e-06
5.700000000000456923e-01 2.669033257994999839e-04 4.623383160206410038e-07 4.374790427734931658e-06
5.750000000000460298e-01 2.723942625704725475e-04 4.543317911008853871e-07 4.317844399350643893e-06
5.800000000000464784e-01 2.784756380345892795e-04 4.540725391677486689e-07 4.334102452647428507e-06
5.850000000000468159e-01 2.852201626486689304e-04 4.602565532531136243e-07 4.412023859570304431e-06
5.900000000000472644e-01 2.926814090778094265e-04 4.724274453338627994e-07 4.548006367301227180e-06
5.950000000000476019e-01 3.008845172777574266e-04 4.874113274019602175e-07 4.712095018314518251e-06
6.000000000000480505e-01 3.098073006149768644e-04 5.032964695065681762e-07 4.886067334458956320e-06
6.050000000000484990e-01 3.194024623364549709e-04 5.170475396156834280e-07 5.040435964811923927e-06
6.100000000000488365e-01 3.295897385697639731e-04 5.279908212953432548e-07 5.168341817210155329e-06
6.150000000000492850e-01 3.402823402784728446e-04 5.359176241566429751e-07 5.267390739264319311e-06
6.200000000000496225e-01 3.513934628550897336e-04 5.396820310965222976e-07 5.325908998716412779e-06
6.250000000000500711e-01 3.628343534287125412e-04 5.395015335895203556e-07 5.345552887939345135e-06
6.300000000000504086e-01 3.745308823361163681e-04 5.349151723767535161e-07 5.321267968389211683e-06
6.350000000000508571e-01 3.864149053951408761e-04 5.258547736193424077e-07 5.251853728621352379e-06
6.400000000000511946e-01 3.984378140723608664e-04 5.142138865440372560e-07 5.155772268876930277e-06
6.450000000000516431e-01 4.105596338823446823e-04 5.018358189585806445e-07 5.051280107982146742e-06
6.500000000000520917e-01 4.227467676040001050e-04 4.907188682738661461e-07 4.958489225554674682e-06
6.550000000000524292e-01 4.349752181909429492e-04 4.817073109519672266e-07 4.886116596328400776e-06
6.600000000000528777e-01 4.472132403359417021e-04 4.748981443421405772e-07 4.835399696221570336e-06
6.650000000000532152e-01 4.594281811934735347e-04 4.701120522222306324e-07 4.804764946802072267e-06
6.700000000000536637e-01 4.715825832129259907e-04 4.665209207675324200e-07 4.785953381650455004e-06
6.750000000000540012e-01 4.836340435299479683e-04 4.635864383022947101e-07 4.773561779842288582e-06
6.800000000000544498e-01 4.955299794287431649e-04 4.618865630233811682e-07 4.773640649175339090e-06
6.850000000000547873e-01 5.072258282317678195e-04 4.611067021476542856e-07 4.783069142753184316e-06
6.900000000000552358e-01 5.186787144496365605e-04 4.608110622063357397e-07 4.797416009363870910e-06
6.950000000000556843e-01 5.298586760327851121e-04 4.595517349537624859e-07 4.801608543844535129e-06
7.000000000000560219e-01 5.407537164300432655e-04 4.559202183857744513e-07 4.780769559298746233e-06
7.050000000000564704e-01 5.513668435184581728e-04 4.495423776307846755e-07 4.730697030102729746e-06
7.100000000000568079e-01 5.617067962164260485e-04 4.410490702447107401e-07 4.657748383378563759e-06
7.150000000000572564e-01 5.717772338824038793e-04 4.314613386300904022e-07 4.572511916528199028e-06
7.200000000000575939e-01 5.815763790624879854e-04 4.234019596343920015e-07 4.502762603009699672e-06
7.250000000000580425e-01 5.910884592675174926e-04 4.212480173131471243e-07 4.495384166531526444e-06
7.300000000000584910e-01 6.002865957075919842e-04 4.279095461481209351e-07 4.582192643592367023e-06
7.350000000000588285e-01 6.091418170011797095e-04 4.423638649068068310e-07 4.753168954690652357e-06
7.400000000000592770e-01 6.176300795792399878e-04 4.593773669595305186e-07 4.952738434902485979e-06
7.450000000000596145e-01 6.257331692150855818e-04 4.731833512550291651e-07 5.118792567219642261e-06
7.500000000000600631e-01 6.334414978168053517e-04 4.810467381924376886e-07 5.221290348858364999e-06
7.550000000000604006e-01 6.407565938088695097e-04 4.834788136536497346e-07 5.265151378441041185e-06
7.600000000000608491e-01 6.476802283548513915e-04 4.818601982598488816e-07 5.264871667690241232e-06
7.650000000000612976e-01 6.542163901261659632e-04 4.774011264608799786e-07 5.233281491505576419e-06
7.700000000000616351e-01 6.603623952081540214e-04 4.710085649268991669e-07 5.180051835106937538e-06
7.750000000000620837e-01 6.660881873632729100e-04 4.631063758069321327e-07 5.109654671156241125e-06
7.800000000000624212e-01 6.713311913697662253e-04 4.541298122497500571e-07 5.026749609021776735e-06
7.850000000000628697e-01 6.760035196521732874e-04 4.433761139640443803e-07 4.923421972529651215e-06
7.900000000000632072e-01 6.799906519126040858e-04 4.304502700901796471e-07 4.795086752522026679e-06
7.950000000000636557e-01 6.831790538478167349e-04 4.162071502994100837e-07 4.651071756288096937e-06
8.000000000000639933e-01 6.854947854485148560e-04 4.031548531881460638e-07 4.519358821935690935e-06
8.050000000000644418e-01 6.869194418264066519e-04 3.943788766397547346e-07 4.434774322748132646e-06
8.100000000000648903e-01 6.874984954756859076e-04 3.901519436675845078e-07 4.400846520297514869e-06
8.150000000000652278e-01 6.873357376981057993e-04 3.898837380064468223e-07 4.411373846628005490e-06
8.200000000000656764e-01 6.865590016524087845e-04 3.914674662980312593e-07 4.442859093316238910e-06
8.250000000000660139e-01 6.853119297277332489e-04 3.934291298517354758e-07 4.478714977675420270e-06
8.300000000000664624e-01 6.837190227727482639e-04 3.946083598296219079e-07 4.505731065137407636e-06
8.350000000000667999e-01 6.818742194744651427e-04 3.938334944103367424e-07 4.510407961629732172e-06
8.400000000000672484e-01 6.798527745937531751e-04 3.900828065640969676e-07 4.480808568553123632e-06
8.450000000000675859e-01 6.776934330038447392e-04 3.835559267968522469e-07 4.418928666676823969e-06
8.500000000000680345e-01 6.754223371870190411e-04 3.756447262683761276e-07 4.340569330598598099e-06
8.550000000000684830e-01 6.730392749399825153e-04 3.689286351642627507e-07 4.275484743835272960e-06
8.600000000000688205e-01 6.705409156333469890e-04 3.657686943692699422e-07 4.251240713021365389e-06
8.650000000000692690e-01 6.679125669222336567e-04 3.675658401226639226e-07 4.284529481347917005e-06
8.700000000000696065e-01 6.651452980276183332e-04 3.733825674645604278e-07 4.364893005390629843e-06
8.750000000000700551e-01 6.622334983901237947e-04 3.814471321218598674e-07 4.471964209118784299e-06
8.800000000000703926e-01 6.591893186766032472e-04 3.907217049295531548e-07 4.593765395491903271e-06
8.850000000000708411e-01 6.560346974235225798e-04 4.004073882993245803e-07 4.720996259422230966e-06
8.900000000000712896e-01 6.527978869255723644e-04 4.085153587468608231e-07 4.830180173802824507e-06
8.950000000000716271e-01 6.495048430570091527e-04 4.132164053315789609e-07 4.899468970547771277e-06
9.000000000000720757e-01 6.461670448945176911e-04 4.126772746577749476e-07 4.906725323258635184e-06
9.050000000000724132e-01 6.427817688402677476e-04 4.073147201021431024e-07 4.856398693711138389e-06
9.100000000000728617e-01 6.393389160800016071e-04 3.996059343845272663e-07 4.777630557792523408e-06
9.150000000000731992e-01 6.358190311220391147e-04 3.925118726621914323e-07 4.705689673457852460e-06
9.200000000000736478e-01 6.322048471780817355e-04 3.873420361152398384e-07 4.656380730657206283e-06
9.250000000000740963e-01 6.284785776069488385e-04 3.855022400222340097e-07 4.646839911278020525e-06
9.300000000000744338e-01 6.246266702955192637e-04 3.869003848873373890e-07 4.676280723357979918e-06
9.350000000000748823e-01 6.206400445765076265e-04 3.918471237679402906e-07 4.748783904423700508e-06
9.400000000000752198e-01 6.165051124150487801e-04 3.999322817284349651e-07 4.859709691624357232e-06
9.450000000000756684e-01 6.122137890101518251e-04 4.105379396827160302e-07 5.001832466713975871e-06
9.500000000000760059e-01 6.077641080260328928e-04 4.214123916095484710e-07 5.147887447827629300e-06
9.550000000000764544e-01 6.031572956437743259e-04 4.299789743854200816e-07 5.266339389079818807e-06
9.600000000000767919e-01 5.984035538906485804e-04 4.347044858755672755e-07 5.338136525527594815e-06
9.650000000000772404e-01 5.935250222906249869e-04 4.346413586369834231e-07 5.351242655343873296e-06
9.700000000000776890e-01 5.885419040692534218e-04 4.311218216089872546e-07 5.321643913006448838e-06
9.750000000000780265e-01 5.834782314494508723e-04 4.256413648247915195e-07 5.267518547218926264e-06
9.800000000000784750e-01 5.783581371029203333e-04 4.184735427277040030e-07 5.192075296168758588e-06
9.850000000000788125e-01 5.731993257960196504e-04 4.104591543078601457e-07 5.105614259228098383e-06
9.900000000000792610e-01 5.680135542962369728e-04 4.024705972782243018e-07 5.018936419745908650e-06
9.950000000000795985e-01 5.628070529980046602e-04 3.954182992467227512e-07 4.943428336558520239e-06
1.000000000000079936e+00 5.575651985875678231e-04 3.899947101139293189e-07 4.887858836640674123e-06
1.005000000000080274e+00 5.522683014158652134e-04 3.866638141993660531e-07 4.858212421503875738e-06
1.010000000000080833e+00 5.468892991247937835e-04 3.844566962090137659e-07 4.842482444728521246e-06
1.015000000000081171e+00 5.414036652284784021e-04 3.832294764426370012e-07 4.838958143091896359e-06
1.020000000000081508e+00 5.357943978548438237e-04 3.832966655221868885e-07 4.851712586597648008e-06
1.025000000000081846e+00 5.300538133701748712e-04 3.846828740857783620e-07 4.881178878412461625e-06
1.030000000000082405e+00 5.241870392768770669e-04 3.868440867017999772e-07 4.920559791987090156e-06
1.035000000000082743e+00 5.182015615999777114e-04 3.879964764190258310e-07 4.947182082422812432e-06
1.040000000000083080e+00 5.121090853401156833e-04 3.866389914315396947e-07 4.941766914355496236e-06
1.045000000000083418e+00 5.059054073053824169e-04 3.830921508405095644e-07 4.908189675649397077e-06
1.050000000000083977e+00 4.995865118908031800e-04 3.790416259371314745e-07 4.867898277564049414e-06
1.055000000000084315e+00 4.931398270691376463e-04 3.758224906957173066e-07 4.838034207854577668e-06
1.060000000000084652e+00 4.865665626132090757e-04 3.737151870552954738e-07 4.822293265230744483e-06
1.065000000000085212e+00 4.798758554529923472e-04 3.712531281595857291e-07 4.801808809961529358e-06
1.070000000000085549e+00 4.730931174749591277e-04 3.672209458993284063e-07 4.760792710621246402e-06
1.075000000000085887e+00 4.662455263869950332e-04 3.607026365203688947e-07 4.687200025946882225e-06
1.080000000000086224e+00 4.593618977448648655e-04 3.519747818051226304e-07 4.584409086367249585e-06
1.085000000000086784e+00 4.524561377968595952e-04 3.427309161974105971e-07 4.474330799596951661e-06
1.090000000000087121e+00 4.455252139115384400e-04 3.347527696958311496e-07 4.380234550239475037e-06
1.095000000000087459e+00 4.385421629175192547e-04 3.295489174540484893e-07 4.322021146637519904e-06
1.100000000000088018e+00 4.314740650997487756e-04 3.283204970310782418e-07 4.315730109821094983e-06
1.105000000000088356e+00 4.242825163673482410e-04 3.308739062453193549e-07 4.359167893535362109e-06
1.110000000000088693e+00 4.169470091148661200e-04 3.359639613245795520e-07 4.436230682783264177e-06
1.115000000000089031e+00 4.094559104570750499e-04 3.409481227878347767e-07 4.512172307727161898e-06
1.120000000000089591e+00 4.018304869069334396e-04 3.441039518614196460e-07 4.564136350069476177e-06
1.125000000000089928e+00 3.941046980319982442e-04 3.436334220033109322e-07 4.568057865972248433e-06
1.130000000000090266e+00 3.863194273017458926e-04 3.402336123763824748e-07 4.532902486940240622e-06
1.135000000000090825e+00 3.785141586515526580e-04 3.371405806216094746e-07 4.501620705311854934e-06
1.140000000000091163e+00 3.707134728193292074e-04 3.375258463138800741e-07 4.516680795966585925e-06
1.145000000000091500e+00 3.629308039196468046e-04 3.433906913073920401e-07 4.605228672087620693e-06
1.150000000000091838e+00 3.551621684665823850e-04 3.529832272929005864e-07 4.744199333795293899e-06
1.155000000000092397e+00 3.474018010881099131e-04 3.628638838178133398e-07 4.887588960970510220e-06
1.160000000000092735e+00 3.396496762396348460e-04 3.704427933418815498e-07 5.000461449596246019e-06
1.165000000000093072e+00 3.319001868526909706e-04 3.750470679126375695e-07 5.073511810900242777e-06
1.170000000000093632e+00 3.241598093037582570e-04 3.773206247849644179e-07 5.115209367819114268e-06
1.175000000000093969e+00 3.164351156155903455e-04 3.786385599192563447e-07 5.144032591521244979e-06
1.180000000000094307e+00 3.087271071284322784e-04 3.788681445752787260e-07 5.158091397944173894e-06
1.185000000000094644e+00 3.010342714180087734e-04 3.774782825248181508e-07 5.150045714554761105e-06
1.190000000000095204e+00 2.933513327221013529e-04 3.738399774813263006e-07 5.111156289554317440e-06
1.195000000000095541e+00 2.856637253430796726e-04 3.677834101047784092e-07 5.038903327973687290e-06
1.200000000000095879e+00 2.779702590170079254e-04 3.603794268687130044e-07 4.947781948761239135e-06
1.205000000000096438e+00 2.702726105528994744e-04 3.538609953525333952e-07 4.868398912561995477e-06
1.210000000000096776e+00 2.625739320707178026e-04 3.492072192128676499e-07 4.814329791613512714e-06
1.215000000000097113e+00 2.548879228417010338e-04 3.475329117456366057e-07 4.801136091476409682e-06
1.220000000000097451e+00 2.472263570697778466e-04 3.486711134221040715e-07 4.826761305089925067e-06
1.225000000000098010e+00 2.395986603707904320e-04 3.514365584952269549e-07 4.875003369813151374e-06
1.230000000000098348e+00 2.320152103085504347e-04 3.550620767933214939e-07 4.935336661679006067e-06
1.235000000000098686e+00 2.244692152407226876e-04 3.580532477038403130e-07 4.987019135535099006e-06
1.240000000000099023e+00 2.169484118942755337e-04 3.596150688186168345e-07 5.018901387163801327e-06
1.245000000000099583e+00 2.094326433048825185e-04 3.589157403078867279e-07 5.019230253007110521e-06
1.250000000000099920e+00 2.018756716230763956e-04 3.572541488231871284e-07 5.006015915439405370e-06
1.255000000000100258e+00 1.942105851070682096e-04 3.604199864767763134e-07 5.060467819730617083e-06
1.260000000000100817e+00 1.863467400018422411e-04 3.859861636972472227e-07 5.430214036741687248e-06
1.265000000000101155e+00 1.781777073277682547e-04 4.655931359379478180e-07 6.563141540247932704e-06
1.270000000000101492e+00 1.696033535753854369e-04 6.248332020500901261e-07 8.825227259659305568e-06
1.275000000000101830e+00 1.605628306581339637e-04 8.663711328373320627e-07 1.226080553382881163e-05
1.280000000000102389e+00 1.510642823202188140e-04 1.174022337791223145e-06 1.664720330933786585e-05
1.285000000000102727e+00 1.340023907803551868e-04 2.999899406098506151e-06 4.262046605000453916e-05
1.290000000000103064e+00 1.209361038074438781e-04 3.541328036977567008e-06 5.041049377913212526e-05
1.295000000000103624e+00 1.106460767936803531e-04 3.708085980237345073e-06 5.288647464662777573e-05
1.300000000000103961e+00 1.017303118977806503e-04 3.742890749803843999e-06 5.348583318197318282e-05
1.305000000000104299e+00 9.373637486349465460e-05 3.712878734841396577e-06 5.315889679395593081e-05
1.310000000000104636e+00 8.656021071496701154e-05 3.638004984384660550e-06 5.218658473417915860e-05
1.315000000000105196e+00 7.985635498241377343e-05 3.547953402096559541e-06 5.099184455472528793e-05
1.320000000000105533e+00 7.384599753680350760e-05 3.431101067123708968e-06 4.940608201984307351e-05
1.325000000000105871e+00 6.821992367685722827e-05 3.308471756821401514e-06 4.773042585959202130e-05
1.330000000000106430e+00 6.295033420209908545e-05 3.182313024445567524e-06 4.599690977016372267e-05
1.335000000000106768e+00 5.827593469091481586e-05 3.043976175222178084e-06 4.408002379833659727e-05
1.340000000000107105e+00 5.391198636065586472e-05 2.908093345307612774e-06 4.219108366941970304e-05
1.345000000000107443e+00 4.984932693790460870e-05 2.775716587138991420e-06 4.034560212649640270e-05
1.350000000000108002e+00 4.609449904619591096e-05 2.647772776192902658e-06 3.855738174611915550e-05
1.355000000000108340e+00 4.262430858695658302e-05 2.523965585179318874e-06 3.682247831071166323e-05
1.360000000000108678e+00 3.958660056368955532e-05 2.398113015479140125e-06 3.505088911005185007e-05
1.365000000000109015e+00 3.674429856371919773e-05 2.276540996901511766e-06 3.333509828039026712e-05
1.370000000000109575e+00 3.393793806704011978e-05 2.163132506939077959e-06 3.173243111179979004e-05
1.375000000000109912e+00 3.141794003738399455e-05 2.046781342898411755e-06 3.008033974859556284e-05
1.380000000000110250e+00 2.902799597614979138e-05 1.933407531619015797e-06 2.846576684011620302e-05
1.385000000000110809e+00 2.674724054449689834e-05 1.821868691233940241e-06 2.687211799283694628e-05
1.390000000000111147e+00 2.459815780893348332e-05 1.713453360835339015e-06 2.531859643082163224e-05
1.395000000000111484e+00 2.270971286052456928e-05 1.606138679381271956e-06 2.377552323260499417e-05
1.400000000000111822e+00 2.080797636819717436e-05 1.505178256165109706e-06 2.232090978749997143e-05
1.405000000000112381e+00 1.906721041575158032e-05 1.409569691779002523e-06 2.094038459314273584e-05
1.410000000000112719e+00 1.754427008917669797e-05 1.316953996857337355e-06 1.959927919377325037e-05
1.415000000000113056e+00 1.606896822268022584e-05 1.231652704071654497e-06 1.836227228826705911e-05
1.420000000000113616e+00 1.475273764032600135e-05 1.148983658054720172e-06 1.716002682790050194e-05
1.425000000000113953e+00 1.354196019552602507e-05 1.071712123335615290e-06 1.603413420191338550e-05
1.430000000000114291e+00 1.230025463490842523e-05 9.982709797427177784e-07 1.496154362984926785e-05
1.435000000000114628e+00 1.125737899521193371e-05 9.292491427187574280e-07 1.395140859731403631e-05
1.440000000000115188e+00 1.025266636654106799e-05 8.626415044763649804e-07 1.297392951594460607e-05
1.445000000000115525e+00 9.277879308819919044e-06 8.006890536040472635e-07 1.206306736972676895e-05
1.450000000000115863e+00 8.427011381182645343e-06 7.412556517770349468e-07 1.118695670581246783e-05
1.455000000000116422e+00 7.649750632536880473e-06 6.854560050554774935e-07 1.036265454850993817e-05
1.460000000000116760e+00 6.913304345364898760e-06 6.320178607375651987e-07 9.571185159593543091e-06
1.465000000000117097e+00 6.252392139424192428e-06 5.818278118587258828e-07 8.826189099856277291e-06
1.470000000000117435e+00 5.618905847143646024e-06 5.346443985127322776e-07 8.124256507633957752e-06
1.475000000000117995e+00 5.042784245413721962e-06 4.915872389898623523e-07 7.482669256409812985e-06
1.480000000000118332e+00 4.521467002343937072e-06 4.540178860876369862e-07 6.922512657220164896e-06
1.485000000000118670e+00 4.028802692087301458e-06 4.201190947884646175e-07 6.416461406048792773e-06
1.490000000000119229e+00 3.612570777644767959e-06 3.925027385680362624e-07 6.004761519432958716e-06
1.495000000000119567e+00 3.271268379644706938e-06 3.678757349827810606e-07 5.637436689625516905e-06
1.500000000000119904e+00 2.926853722932574734e-06 3.431419436856288023e-07 5.267194733852817760e-06
1.505000000000120242e+00 2.642384212556666884e-06 3.212402939943790275e-07 4.939218094778855121e-06
1.510000000000120801e+00 2.380799932300774943e-06 2.998577679724921712e-07 4.618104075244588756e-06
1.515000000000121139e+00 2.178892861566122782e-06 2.835238506720474051e-07 4.373769115172268966e-06
1.520000000000121476e+00 2.000977426369332671e-06 2.697971785839793225e-07 4.168877522711170983e-06
1.525000000000122036e+00 1.798275263593185592e-06 2.577392106533521638e-07 3.989103958879923042e-06
1.530000000000122373e+00 1.661540426708691712e-06 2.481354100222499903e-07 3.846753861040685092e-06
1.535000000000122711e+00 1.522256751725089578e-06 2.370653388946088762e-07 3.681138766954812401e-06
1.540000000000123048e+00 1.382220327777713697e-06 2.253277151888561232e-07 3.504571395737867314e-06
1.545000000000123608e+00 1.270979867236848528e-06 2.135159472557118722e-07 3.326247015713468975e-06
1.550000000000123945e+00 1.162465695494987903e-06 2.033573482750175731e-07 3.173113872500194640e-06
1.555000000000124283e+00 1.080174573707537456e-06 1.956609267398186307e-07 3.057941982535878373e-06
1.560000000000124620e+00 9.937280714709575009e-07 1.888138842639327022e-07 2.955671502432959718e-06
1.565000000000125180e+00 9.301569278757517405e-07 1.851120611218453253e-07 2.902363648254695821e-06
1.570000000000125517e+00 8.398641788785187165e-07 1.799303200611367403e-07 2.825622350814151202e-06
1.575000000000125855e+00 7.785947746151476646e-07 1.758385210526554590e-07 2.765758398839007651e-06
1.580000000000126414e+00 7.014242581398541171e-07 1.689151844971531835e-07 2.661075361240529944e-06
1.585000000000126752e+00 6.093067583374692422e-07 1.582241446459972418e-07 2.496590584836430733e-06
1.590000000000127089e+00 5.171421697702579508e-07 1.456197462818788351e-07 2.301329320489456661e-06
1.595000000000127427e+00 4.358048713557711084e-07 1.346326653011120743e-07 2.131035702399797992e-06
1.600000000000127987e+00 3.573543037985577800e-07 1.256189694462109230e-07 1.991476362813292582e-06
1.605000000000128324e+00 3.055026266719388220e-07 1.187420824188825004e-07 1.885393988020207438e-06
1.610000000000128662e+00 2.608350656820456366e-07 1.159621270966959847e-07 1.844119455001571253e-06
1.615000000000129221e+00 2.378981817825465277e-07 1.158854560961544471e-07 1.845759601337510297e-06
1.620000000000129559e+00 2.326795016089792933e-07 1.148272050846029104e-07 1.831733296568370169e-06
1.625000000000129896e+00 2.209724356874797776e-07 1.167246057968694900e-07 1.864872037615912622e-06
1.630000000000130234e+00 2.014836866989091776e-07 1.181850187324022397e-07 1.891107291303936668e-06
1.635000000000130793e+00 1.861923456758303946e-07 1.184599696689473505e-07 1.898411841299289111e-06
1.640000000000131131e+00 1.682860702705129069e-07 1.189665755930861725e-07 1.909443548720869385e-06
1.645000000000131468e+00 1.409308661806439871e-07 1.175618078644548322e-07 1.889770850171660994e-06
1.650000000000132028e+00 1.440379429017714031e-07 1.138127910025916670e-07 1.832284822486446378e-06
1.655000000000132365e+00 1.176620233386069950e-07 1.087457774024967007e-07 1.753360990143750348e-06
1.660000000000132703e+00 8.184059343651673933e-08 9.968430756143809045e-08 1.609684562431552199e-06
1.665000000000133040e+00 7.568712602083526533e-08 8.916093491078072521e-08 1.441921678076594419e-06
1.670000000000133600e+00 3.615727146790966343e-08 7.919753493491198939e-08 1.282714010141697406e-06
1.675000000000133937e+00 -7.902472502336242889e-09 7.067762141140184539e-08 1.146434559580716098e-06
1.680000000000134275e+00 -3.929736256327520331e-08 7.038700073170307882e-08 1.143423303796786604e-06
1.685000000000134612e+00 -7.038232661104143453e-08 7.409357814221233802e-08 1.205425735915498834e-06
1.690000000000135172e+00 -9.919538419955476762e-08 7.760110223622283195e-08 1.264361260551056758e-06
1.695000000000135509e+00 -1.300257001014251010e-07 8.114165340465221426e-08 1.324002004950667231e-06
1.700000000000135847e+00 -1.242938017366425915e-07 7.933994926554035030e-08 1.296511333820334812e-06
1.705000000000136406e+00 -1.271288710713719837e-07 7.745411257268214793e-08 1.267554415838148491e-06
1.710000000000136744e+00 -1.062664460484086311e-07 7.161941042035041596e-08 1.173785486352135698e-06
1.715000000000137081e+00 -8.571270786383698627e-08 6.763621163092647545e-08 1.110123445836163602e-06
1.720000000000137419e+00 -6.438103360854224460e-08 6.528280638193395933e-08 1.073057458619575158e-06
1.725000000000137979e+00 -4.709644404770581830e-08 6.379154472835057509e-08 1.050068442835262781e-06
1.730000000000138316e+00 -1.826224263670246328e-08 6.347138787615191570e-08 1.046311466709383027e-06
1.735000000000138654e+00 -1.577633291982186503e-08 6.519413836806476588e-08 1.076262548241021804e-06
1.740000000000139213e+00 -1.842649620685207803e-08 6.485861548282073600e-08 1.072265261727613551e-06
1.745000000000139551e+00 -1.687553524235734410e-08 6.250860199234028730e-08 1.034897743859693550e-06
1.750000000000139888e+00 -1.796438542574972386e-08 6.088033969535422674e-08 1.009383101767051255e-06
1.755000000000140226e+00 -2.953504979002030291e-08 5.799699611087371288e-08 9.629505804095082591e-07
1.760000000000140785e+00 -2.666447688935553007e-08 6.045551129863856021e-08 1.005199284893662824e-06
1.765000000000141123e+00 -2.303673373041812366e-08 6.256340896633862328e-08 1.041724067447544545e-06
1.770000000000141460e+00 -2.453734079445933852e-08 6.401655870943263836e-08 1.067428750551727657e-06
1.775000000000142020e+00 -2.522569363123443784e-08 6.307045325238742657e-08 1.053137480351714692e-06
1.780000000000142357e+00 -2.369444080718656022e-08 5.942742196427865082e-08 9.937035242876612655e-07
1.785000000000142695e+00 -1.822356867655897671e-08 4.968618778340452948e-08 8.319835224935411973e-07
1.790000000000143032e+00 -5.953165967842328392e-09 4.338507266744259731e-08 7.274895900641727577e-07
1.795000000000143592e+00 2.849158892575518582e-09 3.545101163099887271e-08 5.952793231262396729e-07
1.800000000000143929e+00 -3.157138700195248660e-09 2.531921134874261299e-08 4.257418716474922708e-07
1.805000000000144267e+00 -7.685564533246868982e-09 7.321947985499144305e-09 1.232892415787694474e-07
1.810000000000144826e+00 0.000000000000000000e+00 0.000000000000000000e+00 0.000000000000000000e+00
1.815000000000145164e+00 0.000000000000000000e+00 0.000000000000000000e+00 0.000000000000000000e+00
1.820000000000145501e+00 0.000000000000000000e+00 0.000000000000000000e+00 0.000000000000000000e+00
1.825000000000145839e+00 0.000000000000000000e+00 0.000000000000000000e+00 0.000000000000000000e+00
1.830000000000146398e+00 0.000000000000000000e+00 0.000000000000000000e+00 0.000000000000000000e+00
1.835000000000146736e+00 0.000000000000000000e+00 0.000000000000000000e+00 0.000000000000000000e+00
1.840000000000147073e+00 0.000000000000000000e+00 0.000000000000000000e+00 0.000000000000000000e+00
1.845000000000147633e+00 0.000000000000000000e+00 0.000000000000000000e+00 0.000000000000000000e+00
1.850000000000147971e+00 0.000000000000000000e+00 0.000000000000000000e+00 0.000000000000000000e+00
1.855000000000148308e+00 0.000000000000000000e+00 0.000000000000000000e+00 0.000000000000000000e+00
1.860000000000148646e+00 0.000000000000000000e+00 0.000000000000000000e+00 0.000000000000000000e+00
1.865000000000149205e+00 0.000000000000000000e+00 0.000000000000000000e+00 0.000000000000000000e+00
1.870000000000149543e+00 0.000000000000000000e+00 0.000000000000000000e+00 0.000000000000000000e+00
1.875000000000149880e+00 0.000000000000000000e+00 0.000000000000000000e+00 0.000000000000000000e+00
1.880000000000150218e+00 0.000000000000000000e+00 0.000000000000000000e+00 0.000000000000000000e+00
1.885000000000150777e+00 0.000000000000000000e+00 0.000000000000000000e+00 0.000000000000000000e+00
1.890000000000151115e+00 0.000000000000000000e+00 0.000000000000000000e+00 0.000000000000000000e+00
1.895000000000151452e+00 0.000000000000000000e+00 0.000000000000000000e+00 0.000000000000000000e+00
1.900000000000152012e+00 0.000000000000000000e+00 0.000000000000000000e+00 0.000000000000000000e+00
1.905000000000152349e+00 0.000000000000000000e+00 0.000000000000000000e+00 0.000000000000000000e+00
1.910000000000152687e+00 0.000000000000000000e+00 0.000000000000000000e+00 0.000000000000000000e+00
1.915000000000153024e+00 0.000000000000000000e+00 0.000000000000000000e+00 0.000000000000000000e+00
1.920000000000153584e+00 0.000000000000000000e+00 0.000000000000000000e+00 0.000000000000000000e+00
1.925000000000153921e+00 0.000000000000000000e+00 0.000000000000000000e+00 0.000000000000000000e+00
1.930000000000154259e+00 0.000000000000000000e+00 0.000000000000000000e+00 0.000000000000000000e+00
1.935000000000154818e+00 0.000000000000000000e+00 0.000000000000000000e+00 0.000000000000000000e+00
1.940000000000155156e+00 0.000000000000000000e+00 0.000000000000000000e+00 0.000000000000000000e+00
1.945000000000155493e+00 0.000000000000000000e+00 0.000000000000000000e+00 0.000000000000000000e+00
1.950000000000155831e+00 0.000000000000000000e+00 0.000000000000000000e+00 0.000000000000000000e+00
1.955000000000156390e+00 0.000000000000000000e+00 0.000000000000000000e+00 0.000000000000000000e+00
1.960000000000156728e+00 0.000000000000000000e+00 0.000000000000000000e+00 0.000000000000000000e+00
1.965000000000157065e+00 0.000000000000000000e+00 0.000000000000000000e+00 0.000000000000000000e+00
1.970000000000157625e+00 0.000000000000000000e+00 0.000000000000000000e+00 0.000000000000000000e+00
1.975000000000157963e+00 0.000000000000000000e+00 0.000000000000000000e+00 0.000000000000000000e+00
1.980000000000158300e+00 0.000000000000000000e+00 0.000000000000000000e+00 0.000000000000000000e+00
1.985000000000158638e+00 0.000000000000000000e+00 0.000000000000000000e+00 0.000000000000000000e+00
1.990000000000159197e+00 0.000000000000000000e+00 0.000000000000000000e+00 0.000000000000000000e+00
1.995000000000159535e+00 0.000000000000000000e+00 0.000000000000000000e+00 0.000000000000000000e+00
2.000000000000159872e+00 0.000000000000000000e+00 0.000000000000000000e+00 0.000000000000000000e+00
2.005000000000160210e+00 0.000000000000000000e+00 0.000000000000000000e+00 0.000000000000000000e+00
2.010000000000160547e+00 0.000000000000000000e+00 0.000000000000000000e+00 0.000000000000000000e+00
2.015000000000161329e+00 0.000000000000000000e+00 0.000000000000000000e+00 0.000000000000000000e+00
2.020000000000161666e+00 0.000000000000000000e+00 0.000000000000000000e+00 0.000000000000000000e+00
2.025000000000162004e+00 0.000000000000000000e+00 0.000000000000000000e+00 0.000000000000000000e+00
2.030000000000162341e+00 0.000000000000000000e+00 0.000000000000000000e+00 0.000000000000000000e+00
2.035000000000162679e+00 0.000000000000000000e+00 0.000000000000000000e+00 0.000000000000000000e+00
2.040000000000163016e+00 0.000000000000000000e+00 0.000000000000000000e+00 0.000000000000000000e+00
2.045000000000163354e+00 0.000000000000000000e+00 0.000000000000000000e+00 0.000000000000000000e+00
2.050000000000164135e+00 0.000000000000000000e+00 0.000000000000000000e+00 0.000000000000000000e+00
2.055000000000164473e+00 0.000000000000000000e+00 0.000000000000000000e+00 0.000000000000000000e+00
2.060000000000164810e+00 0.000000000000000000e+00 0.000000000000000000e+00 0.000000000000000000e+00
2.065000000000165148e+00 0.000000000000000000e+00 0.000000000000000000e+00 0.000000000000000000e+00
2.070000000000165485e+00 0.000000000000000000e+00 0.000000000000000000e+00 0.000000000000000000e+00
2.075000000000165823e+00 0.000000000000000000e+00 0.000000000000000000e+00 0.000000000000000000e+00
2.080000000000166160e+00 0.000000000000000000e+00 0.000000000000000000e+00 0.000000000000000000e+00
2.085000000000166498e+00 0.000000000000000000e+00 0.000000000000000000e+00 0.000000000000000000e+00
2.090000000000167280e+00 0.000000000000000000e+00 0.000000000000000000e+00 0.000000000000000000e+00
2.095000000000167617e+00 0.000000000000000000e+00 0.000000000000000000e+00 0.000000000000000000e+00
2.100000000000167955e+00 0.000000000000000000e+00 0.000000000000000000e+00 0.000000000000000000e+00
2.105000000000168292e+00 0.000000000000000000e+00 0.000000000000000000e+00 0.000000000000000000e+00
2.110000000000168630e+00 0.000000000000000000e+00 0.000000000000000000e+00 0.000000000000000000e+00
2.115000000000168967e+00 0.000000000000000000e+00 0.000000000000000000e+00 0.000000000000000000e+00
2.120000000000169305e+00 0.000000000000000000e+00 0.000000000000000000e+00 0.000000000000000000e+00
2.125000000000170086e+00 0.000000000000000000e+00 0.000000000000000000e+00 0.000000000000000000e+00
2.130000000000170424e+00 0.000000000000000000e+00 0.000000000000000000e+00 0.000000000000000000e+00
2.135000000000170761e+00 0.000000000000000000e+00 0.000000000000000000e+00 0.000000000000000000e+00
2.140000000000171099e+00 0.000000000000000000e+00 0.000000000000000000e+00 0.000000000000000000e+00
2.145000000000171436e+00 0.000000000000000000e+00 0.000000000000000000e+00 0.000000000000000000e+00
2.150000000000171774e+00 0.000000000000000000e+00 0.000000000000000000e+00 0.000000000000000000e+00
2.155000000000172111e+00 0.000000000000000000e+00 0.000000000000000000e+00 0.000000000000000000e+00
2.160000000000172893e+00 0.000000000000000000e+00 0.000000000000000000e+00 0.000000000000000000e+00
2.165000000000173230e+00 0.000000000000000000e+00 0.000000000000000000e+00 0.000000000000000000e+00
2.170000000000173568e+00 0.000000000000000000e+00 0.000000000000000000e+00 0.000000000000000000e+00
2.175000000000173905e+00 0.000000000000000000e+00 0.000000000000000000e+00 0.000000000000000000e+00
2.180000000000174243e+00 0.000000000000000000e+00 0.000000000000000000e+00 0.000000000000000000e+00
2.185000000000174580e+00 0.000000000000000000e+00 0.000000000000000000e+00 0.000000000000000000e+00
2.190000000000174918e+00 0.000000000000000000e+00 0.000000000000000000e+00 0.000000000000000000e+00
2.195000000000175699e+00 0.000000000000000000e+00 0.000000000000000000e+00 0.000000000000000000e+00
2.200000000000176037e+00 0.000000000000000000e+00 0.000000000000000000e+00 0.000000000000000000e+00
2.205000000000176374e+00 0.000000000000000000e+00 0.000000000000000000e+00 0.000000000000000000e+00
2.210000000000176712e+00 0.000000000000000000e+00 0.000000000000000000e+00 0.000000000000000000e+00
2.215000000000177049e+00 0.000000000000000000e+00 0.000000000000000000e+00 0.000000000000000000e+00
2.220000000000177387e+00 0.000000000000000000e+00 0.000000000000000000e+00 0.000000000000000000e+00
2.225000000000177725e+00 0.000000000000000000e+00 0.000000000000000000e+00 0.000000000000000000e+00
2.230000000000178506e+00 0.000000000000000000e+00 0.000000000000000000e+00 0.000000000000000000e+00
2.235000000000178844e+00 0.000000000000000000e+00 0.000000000000000000e+00 0.000000000000000000e+00
2.240000000000179181e+00 0.000000000000000000e+00 0.000000000000000000e+00 0.000000000000000000e+00
2.245000000000179519e+00 0.000000000000000000e+00 0.000000000000000000e+00 0.000000000000000000e+00
2.250000000000179856e+00 0.000000000000000000e+00 0.000000000000000000e+00 0.000000000000000000e+00
2.255000000000180194e+00 0.000000000000000000e+00 0.000000000000000000e+00 0.000000000000000000e+00
2.260000000000180531e+00 0.000000000000000000e+00 0.000000000000000000e+00 0.000000000000000000e+00
2.265000000000181313e+00 0.000000000000000000e+00 0.000000000000000000e+00 0.000000000000000000e+00
2.270000000000181650e+00 0.000000000000000000e+00 0.000000000000000000e+00 0.000000000000000000e+00
2.275000000000181988e+00 0.000000000000000000e+00 0.000000000000000000e+00 0.000000000000000000e+00
2.280000000000182325e+00 0.000000000000000000e+00 0.000000000000000000e+00 0.000000000000000000e+00
2.285000000000182663e+00 0.000000000000000000e+00 0.000000000000000000e+00 0.000000000000000000e+00
2.290000000000183000e+00 0.000000000000000000e+00 0.000000000000000000e+00 0.000000000000000000e+00
2.295000000000183338e+00 0.000000000000000000e+00 0.000000000000000000e+00 0.000000000000000000e+00
2.300000000000184119e+00 0.000000000000000000e+00 0.000000000000000000e+00 0.000000000000000000e+00
2.305000000000184457e+00 0.000000000000000000e+00 0.000000000000000000e+00 0.000000000000000000e+00
2.310000000000184794e+00 0.000000000000000000e+00 0.000000000000000000e+00 0.000000000000000000e+00
2.315000000000185132e+00 0.000000000000000000e+00 0.000000000000000000e+00 0.000000000000000000e+00
2.320000000000185469e+00 0.000000000000000000e+00 0.000000000000000000e+00 0.000000000000000000e+00
2.325000000000185807e+00 0.000000000000000000e+00 0.000000000000000000e+00 0.000000000000000000e+00
2.330000000000186144e+00 0.000000000000000000e+00 0.000000000000000000e+00 0.000000000000000000e+00
2.335000000000186926e+00 0.000000000000000000e+00 0.000000000000000000e+00 0.000000000000000000e+00
2.340000000000187264e+00 0.000000000000000000e+00 0.000000000000000000e+00 0.000000000000000000e+00
2.345000000000187601e+00 0.000000000000000000e+00 0.000000000000000000e+00 0.000000000000000000e+00
2.350000000000187939e+00 0.000000000000000000e+00 0.000000000000000000e+00 0.000000000000000000e+00
2.355000000000188276e+00 0.000000000000000000e+00 0.000000000000000000e+00 0.000000000000000000e+00
2.360000000000188614e+00 0.000000000000000000e+00 0.000000000000000000e+00 0.000000000000000000e+00
2.365000000000188951e+00 0.000000000000000000e+00 0.000000000000000000e+00 0.000000000000000000e+00
2.370000000000189733e+00 0.000000000000000000e+00 0.000000000000000000e+00 0.000000000000000000e+00
2.375000000000190070e+00 0.000000000000000000e+00 0.000000000000000000e+00 0.000000000000000000e+00
2.380000000000190408e+00 0.000000000000000000e+00 0.000000000000000000e+00 0.000000000000000000e+00
2.385000000000190745e+00 0.000000000000000000e+00 0.000000000000000000e+00 0.000000000000000000e+00
2.390000000000191083e+00 0.000000000000000000e+00 0.000000000000000000e+00 0.000000000000000000e+00
2.395000000000191420e+00 0.000000000000000000e+00 0.000000000000000000e+00 0.000000000000000000e+00
2.400000000000191758e+00 0.000000000000000000e+00 0.000000000000000000e+00 0.000000000000000000e+00
2.405000000000192539e+00 0.000000000000000000e+00 0.000000000000000000e+00 0.000000000000000000e+00
2.410000000000192877e+00 0.000000000000000000e+00 0.000000000000000000e+00 0.000000000000000000e+00
2.415000000000193214e+00 0.000000000000000000e+00 0.000000000000000000e+00 0.000000000000000000e+00
2.420000000000193552e+00 0.000000000000000000e+00 0.000000000000000000e+00 0.000000000000000000e+00
2.425000000000193889e+00 0.000000000000000000e+00 0.000000000000000000e+00 0.000000000000000000e+00
2.430000000000194227e+00 0.000000000000000000e+00 0.000000000000000000e+00 0.000000000000000000e+00
2.435000000000194564e+00 0.000000000000000000e+00 0.000000000000000000e+00 0.000000000000000000e+00
2.440000000000194902e+00 0.000000000000000000e+00 0.000000000000000000e+00 0.000000000000000000e+00
2.445000000000195683e+00 0.000000000000000000e+00 0.000000000000000000e+00 0.000000000000000000e+00
2.450000000000196021e+00 0.000000000000000000e+00 0.000000000000000000e+00 0.000000000000000000e+00
2.455000000000196358e+00 0.000000000000000000e+00 0.000000000000000000e+00 0.000000000000000000e+00
2.460000000000196696e+00 0.000000000000000000e+00 0.000000000000000000e+00 0.000000000000000000e+00
2.465000000000197034e+00 0.000000000000000000e+00 0.000000000000000000e+00 0.000000000000000000e+00
2.470000000000197371e+00 0.000000000000000000e+00 0.000000000000000000e+00 0.000000000000000000e+00
2.475000000000197709e+00 0.000000000000000000e+00 0.000000000000000000e+00 0.000000000000000000e+00
2.480000000000198490e+00 0.000000000000000000e+00 0.000000000000000000e+00 0.000000000000000000e+00
2.485000000000198828e+00 0.000000000000000000e+00 0.000000000000000000e+00 0.000000000000000000e+00
2.490000000000199165e+00 0.000000000000000000e+00 0.000000000000000000e+00 0.000000000000000000e+00
2.495000000000199503e+00 0.000000000000000000e+00 0.000000000000000000e+00 0.000000000000000000e+00
2.500000000000199840e+00 0.000000000000000000e+00 0.000000000000000000e+00 0.000000000000000000e+00
2.505000000000200178e+00 0.000000000000000000e+00 0.000000000000000000e+00 0.000000000000000000e+00
2.510000000000200515e+00 0.000000000000000000e+00 0.000000000000000000e+00 0.000000000000000000e+00
2.515000000000201297e+00 0.000000000000000000e+00 0.000000000000000000e+00 0.000000000000000000e+00
2.520000000000201634e+00 0.000000000000000000e+00 0.000000000000000000e+00 0.000000000000000000e+00
2.525000000000201972e+00 0.000000000000000000e+00 0.000000000000000000e+00 0.000000000000000000e+00
2.530000000000202309e+00 0.000000000000000000e+00 0.000000000000000000e+00 0.000000000000000000e+00
2.535000000000202647e+00 0.000000000000000000e+00 0.000000000000000000e+00 0.000000000000000000e+00
2.540000000000202984e+00 0.000000000000000000e+00 0.000000000000000000e+00 0.000000000000000000e+00
2.545000000000203322e+00 0.000000000000000000e+00 0.000000000000000000e+00 0.000000000000000000e+00
2.550000000000204103e+00 0.000000000000000000e+00 0.000000000000000000e+00 0.000000000000000000e+00
2.555000000000204441e+00 0.000000000000000000e+00 0.000000000000000000e+00 0.000000000000000000e+00
2.560000000000204778e+00 0.000000000000000000e+00 0.000000000000000000e+00 0.000000000000000000e+00
