5.000000000000399958e-03 1.052686341569029534e-05 3.388131789017201356e-21 3.388131789017201356e-21
1.000000000000079992e-02 1.029411409269488478e-05 4.080426570153945024e-07 5.114056306651941125e-07
1.500000000000119987e-02 9.548389191573873500e-06 6.471853128581801141e-07 9.934230234577593342e-07
2.000000000000159983e-02 8.487005954827710869e-06 8.659635376336138103e-07 1.534880407022523967e-06
2.500000000000199979e-02 7.318972914792330223e-06 1.127338663310819960e-06 2.234006048973311625e-06
3.000000000000239975e-02 6.223017891122896183e-06 1.403557622484261024e-06 3.046848169423413901e-06
3.500000000000279970e-02 5.308635029815640419e-06 1.629285978669107928e-06 3.820245569810522326e-06
4.000000000000319966e-02 4.601624681661430427e-06 1.753192460086524383e-06 4.394601791322939427e-06
4.500000000000359962e-02 4.066367151938859469e-06 1.762609438200776459e-06 4.686215829572248525e-06
5.000000000000399958e-02 3.661916442911442359e-06 1.684473439641072468e-06 4.720729416722097651e-06
5.500000000000439954e-02 3.370711707664475732e-06 1.563153569491892091e-06 4.594549448351088831e-06
6.000000000000479949e-02 3.220599558395142999e-06 1.434627916552847221e-06 4.404279188922640605e-06
6.500000000000519251e-02 3.291437905785840020e-06 1.315935075227810403e-06 4.204855537282358576e-06
7.000000000000558553e-02 3.694132985053764180e-06 1.222343721141304177e-06 4.053239856561579618e-06
7.500000000000600631e-02 4.534172681249961157e-06 1.178300525913956287e-06 4.044330528929458744e-06
8.000000000000639933e-02 5.900780371796363811e-06 1.199202789005166210e-06 4.251063202777854045e-06
8.500000000000679234e-02 7.846753972270853494e-06 1.272317087827651902e-06 4.649055827479520648e-06
9.000000000000718536e-02 1.040021566326377255e-05 1.366563450113735081e-06 5.138199874698773764e-06
9.500000000000760614e-02 1.357900252958574964e-05 1.453392047671274227e-06 5.614415123820466495e-06
1.000000000000079992e-01 1.741153760406919212e-05 1.513061780897847323e-06 5.996759059197043315e-06
1.050000000000083922e-01 2.195756779197710439e-05 1.531161263594159555e-06 6.218355138251872172e-06
1.100000000000087852e-01 2.731826404162442605e-05 1.498110155452021878e-06 6.227303452589519578e-06
1.150000000000092060e-01 3.364125246871922843e-05 1.417467160059720979e-06 6.024511873055363619e-06
1.200000000000095990e-01 4.112055160960345921e-05 1.311987245959292020e-06 5.696133702843768530e-06
1.250000000000099920e-01 4.998890913375003589e-05 1.225622470038122570e-06 5.430898166938718629e-06
1.300000000000103850e-01 6.051720733072670752e-05 1.203473050824431212e-06 5.438360392661900973e-06
1.350000000000107780e-01 7.301839688396809789e-05 1.252941641896593128e-06 5.769758905430219590e-06
1.400000000000111988e-01 8.784759392460822578e-05 1.337161129551645675e-06 6.270579810016214722e-06
1.450000000000115918e-01 1.053770925056304929e-04 1.411649230517464740e-06 6.737064967061717278e-06
1.500000000000119849e-01 1.259669843292529872e-04 1.454390946476623090e-06 7.059707871663833065e-06
1.550000000000124056e-01 1.499242692157340255e-04 1.468093638571043753e-06 7.244018394254657950e-06
1.600000000000127987e-01 1.774475025254120810e-04 1.466654745395064559e-06 7.352716507858293172e-06
1.650000000000131917e-01 2.085587714033454074e-04 1.461426241699369800e-06 7.440100671431812026e-06
1.700000000000135847e-01 2.430199468777868160e-04 1.455781422256809643e-06 7.522818295590480408e-06
1.750000000000139777e-01 2.802292000735314217e-04 1.447525301558832415e-06 7.589359518326561301e-06
1.800000000000143985e-01 3.191492464551142546e-04 1.432839846928645612e-06 7.618927513258948325e-06
1.850000000000147915e-01 3.583251126714984288e-04 1.408067469257330474e-06 7.590480480224681338e-06
1.900000000000151845e-01 3.960282232374550890e-04 1.370303589453822920e-06 7.486063976962028652e-06
1.950000000000156053e-01 4.305215599362186550e-04 1.316004088019297301e-06 7.283405379345587472e-06
2.000000000000159983e-01 4.603909488336772383e-04 1.244188655800248900e-06 6.973666487302619373e-06
2.050000000000163913e-01 4.848176395819569660e-04 1.157237315820989072e-06 6.566883297277485922e-06
2.100000000000167844e-01 5.037042536949359363e-04 1.061757423331582027e-06 6.098104915330713261e-06
2.150000000000171774e-01 5.176328496267090145e-04 9.681869328804940615e-07 5.626500805344271988e-06
2.200000000000175981e-01 5.276665571445304749e-04 8.924191160115823444e-07 5.246143228911009506e-06
2.250000000000179912e-01 5.351117586430545253e-04 8.502304338017556412e-07 5.054612231313049682e-06
2.300000000000183842e-01 5.413155172460392978e-04 8.449973317494076511e-07 5.079011475847263558e-06
2.350000000000188050e-01 5.475583455761887227e-04 8.577183246246034075e-07 5.211209803879193368e-06
2.400000000000191980e-01 5.550552969641653258e-04 8.621396614434353572e-07 5.293503249210277246e-06
2.450000000000195910e-01 5.650045274879555773e-04 8.441551122042173276e-07 5.236790927858009863e-06
2.500000000000199840e-01 5.786609377415377880e-04 8.139239580866573298e-07 5.100512016849184501e-06
2.550000000000203770e-01 5.973401346351528765e-04 8.028049497590728321e-07 5.080893247561434286e-06
2.600000000000207701e-01 6.223331961392542314e-04 8.440125189883740270e-07 5.393808221715669990e-06
2.650000000000211631e-01 6.547157446386651231e-04 9.440425551623679364e-07 6.090801516151821529e-06
2.700000000000216116e-01 6.951067897687870662e-04 1.079685672032396177e-06 7.031357161301335422e-06
2.750000000000220046e-01 7.434453448349977091e-04 1.221275817456813241e-06 8.026755663225961876e-06
2.800000000000223976e-01 7.989098104026538284e-04 1.343694436167662848e-06 8.911267345701383242e-06
2.850000000000227907e-01 8.599888304132633334e-04 1.432925715262509567e-06 9.587514750135906052e-06
2.900000000000231837e-01 9.247295780290579973e-04 1.486477406952848612e-06 1.003268669651717260e-05
2.950000000000235767e-01 9.910658317054650904e-04 1.508994632372305797e-06 1.027208587503321045e-05
3.000000000000239697e-01 1.057115568724659345e-03 1.509310340962258356e-06 1.036093892065077110e-05
3.050000000000244182e-01 1.121380210163560112e-03 1.495748040068673534e-06 1.035304974236199567e-05
3.100000000000248113e-01 1.182812254312944717e-03 1.473318540690403491e-06 1.028104925065700285e-05
3.150000000000252043e-01 1.240769566665510812e-03 1.441801906527615802e-06 1.014193472122511541e-05
3.200000000000255973e-01 1.294922966325536950e-03 1.396952404183638501e-06 9.904134673308431441e-06
3.250000000000259903e-01 1.345152575075315125e-03 1.334744142148558928e-06 9.536733410040768927e-06
3.300000000000263833e-01 1.391473847654112975e-03 1.253352552134572759e-06 9.023814480995538060e-06
3.350000000000267764e-01 1.433984487500921702e-03 1.156926124592903362e-06 8.392434685908170764e-06
3.400000000000271694e-01 1.472830921210260694e-03 1.055618036654114730e-06 7.714471859021498635e-06
3.450000000000275624e-01 1.508178346381263074e-03 9.637190561813121338e-07 7.094469609741812592e-06
3.500000000000280109e-01 1.540169088846484510e-03 8.939642335597944351e-07 6.628482350448886667e-06
3.550000000000284039e-01 1.568900297271711829e-03 8.521782070341604210e-07 6.363624405074830127e-06
3.600000000000287970e-01 1.594395645022765639e-03 8.359758337493738838e-07 6.286441985353466647e-06
3.650000000000291900e-01 1.616607642836240342e-03 8.389495965291149546e-07 6.352464405496185235e-06
3.700000000000295830e-01 1.635423959315976047e-03 8.514310066213440273e-07 6.490979871824102622e-06
3.750000000000299760e-01 1.650707602691934509e-03 8.650620274097957966e-07 6.639308075091124516e-06
3.800000000000303690e-01 1.662348085026569460e-03 8.740008312101791172e-07 6.752484290581374314e-06
3.850000000000308176e-01 1.670315189238819834e-03 8.737109321524797468e-07 6.794508918706871306e-06
3.900000000000312106e-01 1.674703310552269273e-03 8.634674580541885944e-07 6.758311680833581394e-06
3.950000000000316036e-01 1.675743714161762217e-03 8.472936516838115723e-07 6.674095839706188330e-06
4.000000000000319966e-01 1.673809528056154636e-03 8.287788040778199772e-07 6.569443315758038422e-06
4.050000000000323896e-01 1.669372173438656796e-03 8.113050945035992248e-07 6.471003775555015160e-06
4.100000000000327827e-01 1.662942211255713162e-03 7.954465807627296911e-07 6.383559140109172990e-06
4.150000000000331757e-01 1.655033023167133341e-03 7.762078987576921854e-07 6.267033911519227989e-06
4.200000000000335687e-01 1.646097958931136331e-03 7.514997369213097110e-07 6.103984422268114676e-06
4.250000000000339617e-01 1.636507052997191640e-03 7.242214740180238645e-07 5.917330159349215487e-06
4.300000000000344103e-01 1.626553654964281795e-03 6.997572645266994219e-07 5.750976356091523466e-06
4.350000000000348033e-01 1.616449156017471132e-03 6.838416938238554405e-07 5.652754744683929614e-06
4.400000000000351963e-01 1.606360492729484637e-03 6.762654405606949241e-07 5.622163493845241219e-06
4.450000000000355893e-01 1.596402482170217619e-03 6.707130864779554131e-07 5.607596087708642368e-06
4.500000000000359823e-01 1.586661355499300197e-03 6.629850416451306737e-07 5.574038002536480931e-06
4.550000000000363753e-01 1.577180883392302526e-03 6.510458137663317263e-07 5.503984314676334429e-06
4.600000000000367684e-01 1.567977674623632477e-03 6.371742034837592903e-07 5.416229260550588108e-06
4.650000000000372169e-01 1.559029351617048599e-03 6.250727148652139500e-07 5.342160807437036062e-06
4.700000000000376099e-01 1.550313010685016885e-03 6.155729864888357681e-07 5.289180896618008214e-06
4.750000000000380029e-01 1.541836621559617999e-03 6.117172496480211808e-07 5.283935048924012581e-06
4.800000000000383960e-01 1.533620432206870849e-03 6.159314694089457256e-07 5.348265407834978485e-06
4.850000000000387890e-01 1.525739605992273203e-03 6.274609673801320770e-07 5.476681973676938726e-06
4.900000000000391820e-01 1.518302417242419671e-03 6.455065623278445096e-07 5.663157502068142577e-06
4.950000000000395750e-01 1.511397819797003980e-03 6.675320240012713758e-07 5.886194969881305099e-06
5.000000000000399680e-01 1.505131691790058228e-03 6.914031247168646963e-07 6.127400654662812624e-06
5.050000000000404166e-01 1.499566556077132178e-03 7.135565580839387413e-07 6.355270343955212234e-06
5.100000000000408651e-01 1.494761230447121288e-03 7.301560550859347264e-07 6.535227607132408617e-06
5.150000000000412026e-01 1.490762487851242553e-03 7.387292304994709346e-07 6.644293934991475230e-06
5.200000000000416511e-01 1.487649566523717220e-03 7.377577160749923630e-07 6.667689550230340572e-06
5.250000000000419886e-01 1.485507810427892390e-03 7.294217546281845015e-07 6.623969163250684982e-06
5.300000000000424372e-01 1.484445282244421880e-03 7.181917124533270213e-07 6.552971250590226410e-06
5.350000000000428857e-01 1.484563512705378745e-03 7.080390780053380247e-07 6.490737675791426017e-06
5.400000000000432232e-01 1.485954342915399469e-03 7.000668884543905420e-07 6.447574298739616090e-06
5.450000000000436717e-01 1.488669557049500033e-03 6.937765001984310389e-07 6.419153704685547043e-06
5.500000000000440092e-01 1.492737479507022687e-03 6.870290738735335946e-07 6.385815979600967720e-06
5.550000000000444578e-01 1.498162378028007917e-03 6.792087006468138413e-07 6.341758076196745385e-06
5.600000000000447953e-01 1.504919980050076862e-03 6.738960962863110516e-07 6.320433883444670130e-06
5.650000000000452438e-01 1.512978605879069030e-03 6.774577418185491258e-07 6.382140673541728291e-06
5.700000000000456923e-01 1.522293319632684987e-03 6.896844878266761945e-07 6.526011344832402499e-06
5.750000000000460298e-01 1.532813529240855191e-03 7.105219238355835234e-07 6.752604967430245582e-06
5.800000000000464784e-01 1.544484368122560260e-03 7.337197813582372669e-07 7.003323102888353421e-06
5.850000000000468159e-01 1.557241273960255096e-03 7.518536095823748706e-07 7.207276117929024980e-06
5.900000000000472644e-01 1.571022382707184780e-03 7.586741652925581101e-07 7.303671640031569434e-06
5.950000000000476019e-01 1.585752923476726030e-03 7.531492235862142227e-07 7.281141214802581769e-06
6.000000000000480505e-01 1.601352091791214500e-03 7.369512928527846381e-07 7.154418632472238117e-06
6.050000000000484990e-01 1.617729939189358705e-03 7.142918091439209794e-07 6.963270972831036777e-06
6.100000000000488365e-01 1.634793472956575650e-03 6.901156703945718270e-07 6.755332733364211868e-06
6.150000000000492850e-01 1.652450126292863723e-03 6.688396752928812139e-07 6.573845966036992196e-06
6.200000000000496225e-01 1.670610140291520045e-03 6.526598785736438023e-07 6.440842792808949954e-06
6.250000000000500711e-01 1.689186598500999484e-03 6.435344746695173634e-07 6.376344376020861024e-06
6.300000000000504086e-01 1.708098416487639857e-03 6.417530353980520533e-07 6.384077414941931149e-06
6.350000000000508571e-01 1.727258020653453952e-03 6.450609555935821644e-07 6.442398081707926061e-06
6.400000000000511946e-01 1.746578810886931102e-03 6.485111260975413859e-07 6.502305300355808623e-06
6.450000000000516431e-01 1.765968303604183599e-03 6.474883643610710650e-07 6.517360801056968110e-06
6.500000000000520917e-01 1.785327724290585154e-03 6.396968705539009622e-07 6.463843649256896726e-06
6.550000000000524292e-01 1.804549043175827407e-03 6.259190341910090255e-07 6.348903808153927642e-06
6.600000000000528777e-01 1.823528494942979221e-03 6.113519590650813439e-07 6.224768642216487709e-06
6.650000000000532152e-01 1.842163080225753952e-03 6.006707817593840083e-07 6.139136197685444607e-06
6.700000000000536637e-01 1.860366726770640647e-03 5.965861011455882497e-07 6.120268440536136654e-06
6.750000000000540012e-01 1.878086309956110639e-03 5.986815106249674143e-07 6.164639301967784663e-06
6.800000000000544498e-01 1.895292454250791306e-03 6.043655799047381868e-07 6.246174559205874905e-06
6.850000000000547873e-01 1.911980568038428334e-03 6.093356480854791418e-07 6.320650995447681164e-06
6.900000000000552358e-01 1.928152865323532047e-03 6.108615174596423254e-07 6.359562657488874828e-06
6.950000000000556843e-01 1.943803750742047979e-03 6.086418658388244749e-07 6.359371014989684029e-06
7.000000000000560219e-01 1.958911759547882735e-03 6.037930393977113980e-07 6.331360765463070304e-06
7.050000000000564704e-01 1.973434348676333071e-03 5.985931502962576152e-07 6.299212219480914959e-06
7.100000000000568079e-01 1.987321733369916237e-03 5.942844872215248668e-07 6.276008263858735276e-06
7.150000000000572564e-01 2.000528530794708649e-03 5.905891594097725862e-07 6.258906018665989748e-06
7.200000000000575939e-01 2.013021170720797996e-03 5.866129013783524898e-07 6.238465776233760778e-06
7.250000000000580425e-01 2.024779632332341858e-03 5.808995996518135001e-07 6.199119652302192769e-06
7.300000000000584910e-01 2.035790684016970230e-03 5.723228455077322770e-07 6.128616564066101200e-06
7.350000000000588285e-01 2.046042947369089079e-03 5.607569981841046915e-07 6.025294935552037297e-06
7.400000000000592770e-01 2.055515846735547943e-03 5.476903881057253098e-07 5.904877842701493079e-06
7.450000000000596145e-01 2.064178638982939757e-03 5.354218526776256770e-07 5.792074874451896427e-06
7.500000000000600631e-01 2.071998307963857783e-03 5.263008629043332418e-07 5.712479470090343905e-06
7.550000000000604006e-01 2.078944064335461542e-03 5.213962757293387092e-07 5.678077802674837555e-06
7.600000000000608491e-01 2.084994039134184345e-03 5.205219956359373969e-07 5.687295852884268880e-06
7.650000000000612976e-01 2.090135213715383841e-03 5.227148032996308170e-07 5.730010998765613245e-06
7.700000000000616351e-01 2.094365813420311952e-03 5.286082548859485915e-07 5.813520952001386691e-06
7.750000000000620837e-01 2.097688196895166300e-03 5.402785327018213111e-07 5.961128743984736956e-06
7.800000000000624212e-01 2.100099651071588806e-03 5.574888240762815308e-07 6.170827487798343519e-06
7.850000000000628697e-01 2.101594564370168252e-03 5.770600581884579542e-07 6.407900832891266424e-06
7.900000000000632072e-01 2.102143725045678771e-03 5.940915340216868499e-07 6.618001294263493981e-06
7.950000000000636557e-01 2.101704030879260766e-03 6.043650350228258375e-07 6.753716611693482428e-06
8.000000000000639933e-01 2.100239505112239200e-03 6.055938906090677635e-07 6.788696875136416881e-06
8.050000000000644418e-01 2.097732718331176381e-03 5.991134403434437565e-07 6.737006110181135002e-06
8.100000000000648903e-01 2.094209529215029092e-03 5.873726470621914534e-07 6.625461981919514797e-06
8.150000000000652278e-01 2.089744137054558824e-03 5.750101723498324957e-07 6.506003171148343222e-06
8.200000000000656764e-01 2.084446936591665116e-03 5.648416364249808078e-07 6.410524543472060416e-06
8.250000000000660139e-01 2.078474380141797674e-03 5.603539058203665922e-07 6.378951735837074568e-06
8.300000000000664624e-01 2.071986327905447206e-03 5.598563399646926457e-07 6.392571368944639843e-06
8.350000000000667999e-01 2.065141272338750882e-03 5.613592706230720272e-07 6.429009618249749079e-06
8.400000000000672484e-01 2.058073172538750755e-03 5.622131190293410506e-07 6.458037418487729024e-06
8.450000000000675859e-01 2.050869267322036772e-03 5.617303206775635028e-07 6.471666955359955015e-06
8.500000000000680345e-01 2.043585559566610602e-03 5.604863572401524008e-07 6.476411679256268188e-06
8.550000000000684830e-01 2.036248168809036245e-03 5.595452014232791587e-07 6.484525038579070585e-06
8.600000000000688205e-01 2.028874056981630741e-03 5.616475375484171089e-07 6.527892940951015574e-06
8.650000000000692690e-01 2.021474646851763660e-03 5.671862607356946726e-07 6.611403972487186601e-06
8.700000000000696065e-01 2.014066927393534483e-03 5.749298884478293810e-07 6.721008604436614972e-06
8.750000000000700551e-01 2.006666001161675622e-03 5.815329982443407516e-07 6.817706926000491167e-06
8.800000000000703926e-01 1.999276363067850441e-03 5.833832909972046327e-07 6.858912470640274123e-06
8.850000000000708411e-01 1.991877039308041601e-03 5.763806236608535308e-07 6.795805591559640456e-06
8.900000000000712896e-01 1.984424439333823918e-03 5.591307021043672275e-07 6.611017123452817316e-06
8.950000000000716271e-01 1.976861123211280918e-03 5.343989414991510009e-07 6.336319173164662140e-06
9.000000000000720757e-01 1.969128158832018395e-03 5.085035464397704330e-07 6.046097959602866724e-06
9.050000000000724132e-01 1.961175455726577033e-03 4.882289171814597762e-07 5.821135742497732128e-06
9.100000000000728617e-01 1.952978688917764594e-03 4.786734900745638255e-07 5.722950778765966865e-06
9.150000000000731992e-01 1.944549746196563801e-03 4.797271258806322777e-07 5.751283310293493650e-06
9.200000000000736478e-01 1.935918760513016725e-03 4.877129976321423133e-07 5.862976884826729594e-06
9.250000000000740963e-01 1.927137064994158700e-03 4.977368749823609114e-07 5.999715010344519161e-06
9.300000000000744338e-01 1.918244167595326444e-03 5.054560085252979105e-07 6.109206094123159618e-06
9.350000000000748823e-01 1.909250815956666739e-03 5.093153094914650207e-07 6.172377433149170295e-06
9.400000000000752198e-01 1.900159697528398979e-03 5.084874957142657619e-07 6.178800071634032933e-06
9.450000000000756684e-01 1.890961481664805294e-03 5.021071805525189846e-07 6.117476010618611338e-06
9.500000000000760059e-01 1.881623998281438002e-03 4.918583987233226974e-07 6.008441439573033049e-06
9.550000000000764544e-01 1.872122237110532099e-03 4.795382564327066665e-07 5.873336509144096753e-06
9.600000000000767919e-01 1.862441989127629682e-03 4.681798139829570761e-07 5.749210893242376326e-06
9.650000000000772404e-01 1.852571278551468905e-03 4.611308850978004703e-07 5.677377941598067493e-06
9.700000000000776890e-01 1.842507888080788551e-03 4.594505181588802209e-07 5.671325204933430912e-06
9.750000000000780265e-01 1.832258281831697540e-03 4.633504620504360590e-07 5.734186933917499328e-06
9.800000000000784750e-01 1.821834090736692939e-03 4.708334442815158874e-07 5.841713860163397946e-06
9.850000000000788125e-01 1.811244106763866459e-03 4.807384752034868830e-07 5.979803807999743515e-06
9.900000000000792610e-01 1.800495222255624975e-03 4.924125674095088725e-07 6.140541408056507452e-06
9.950000000000795985e-01 1.789582152728009775e-03 5.052070065207241459e-07 6.315981421750430124e-06
1.000000000000079936e+00 1.778498003296061876e-03 5.186426889379841164e-07 6.500222142613268050e-06
1.005000000000080274e+00 1.767226018995219240e-03 5.303065431591929025e-07 6.663002175456728148e-06
1.010000000000080833e+00 1.755742544814153450e-03 5.389531791128418710e-07 6.788466254117940949e-06
1.015000000000081171e+00 1.744036142805903411e-03 5.435007060285193707e-07 6.862669311415980968e-06
1.020000000000081508e+00 1.732089673041500811e-03 5.434323169353656459e-07 6.878686013214532136e-06
1.025000000000081846e+00 1.719904515005359069e-03 5.391081115513423660e-07 6.840655783128160115e-06
1.030000000000082405e+00 1.707482886257558410e-03 5.314993303884679637e-07 6.760538223228808334e-06
1.035000000000082743e+00 1.694835178396497232e-03 5.214338885614026376e-07 6.648587158490313035e-06
1.040000000000083080e+00 1.681967784497440891e-03 5.104340503708475142e-07 6.524034455872406529e-06
1.045000000000083418e+00 1.668891707300067511e-03 5.012018317884121654e-07 6.421414927983227889e-06
1.050000000000083977e+00 1.655610999872187718e-03 4.955017193789635451e-07 6.363554293888948000e-06
1.055000000000084315e+00 1.642126997412772862e-03 4.932874118684508873e-07 6.350182418581932128e-06
1.060000000000084652e+00 1.628436952733390043e-03 4.938555594020934093e-07 6.372543639092473113e-06
1.065000000000085212e+00 1.614534544639389078e-03 4.951436963939934966e-07 6.404216377456550794e-06
1.070000000000085549e+00 1.600400564780030122e-03 4.965355211685664680e-07 6.437276294124800939e-06
1.075000000000085887e+00 1.586021584311954682e-03 4.973200524206544410e-07 6.462493828980821394e-06
1.080000000000086224e+00 1.571377628958646553e-03 4.974945397467979180e-07 6.479778115740335287e-06
1.085000000000086784e+00 1.556465567147916019e-03 4.965289668009421469e-07 6.482154786905368586e-06
1.090000000000087121e+00 1.541272973374330354e-03 4.943259014688706546e-07 6.468246385712239707e-06
1.095000000000087459e+00 1.525810417487141919e-03 4.900036420564417724e-07 6.426378576080879152e-06
1.100000000000088018e+00 1.510078631217849025e-03 4.824223379838721341e-07 6.341378709262269060e-06
1.105000000000088356e+00 1.494089307146611624e-03 4.725169150746216749e-07 6.225273514976082427e-06
1.110000000000088693e+00 1.477843010592918638e-03 4.621418802502618381e-07 6.102344968437445577e-06
1.115000000000089031e+00 1.461330992669745499e-03 4.547906379822693203e-07 6.018785807464737069e-06
1.120000000000089591e+00 1.444560758401510544e-03 4.529243357054691884e-07 6.007511431478489059e-06
1.125000000000089928e+00 1.427524472538639622e-03 4.563508191645876997e-07 6.066455750941444149e-06
1.130000000000090266e+00 1.410230983505604378e-03 4.635412592483942593e-07 6.175719418697599329e-06
1.135000000000090825e+00 1.392685549491264399e-03 4.725329733127503405e-07 6.309427991982605332e-06
1.140000000000091163e+00 1.374900498310605533e-03 4.822930956411922580e-07 6.453917490763338334e-06
1.145000000000091500e+00 1.356890535827249243e-03 4.916614427459086348e-07 6.593694676092938817e-06
1.150000000000091838e+00 1.338662707897603395e-03 4.990479933150004729e-07 6.707353138488690139e-06
1.155000000000092397e+00 1.320218265234389962e-03 5.019570779091726218e-07 6.761102392051971977e-06
1.160000000000092735e+00 1.301547470673815798e-03 4.989080539666765530e-07 6.734563434875697380e-06
1.165000000000093072e+00 1.282626586472076884e-03 4.897053558769491921e-07 6.624570939137557090e-06
1.170000000000093632e+00 1.263432117755568847e-03 4.774273225161012851e-07 6.472322349139908165e-06
1.175000000000093969e+00 1.243940610136291553e-03 4.652972166073495464e-07 6.321342568709153118e-06
1.180000000000094307e+00 1.224155329313242899e-03 4.567589568354853403e-07 6.218534020135725174e-06
1.185000000000094644e+00 1.204103784179900039e-03 4.521321920512979796e-07 6.168570659248310337e-06
1.190000000000095204e+00 1.183828562957466501e-03 4.502076174617114035e-07 6.155257955817825784e-06
1.195000000000095541e+00 1.163384767067461145e-03 4.497400835700558593e-07 6.161770056943835932e-06
1.200000000000095879e+00 1.142817216195092175e-03 4.498063062381494767e-07 6.175556528799453905e-06
1.205000000000096438e+00 1.122149267436157657e-03 4.514499450898523500e-07 6.211021984952077351e-06
1.210000000000096776e+00 1.101386483769534186e-03 4.551682981477833592e-07 6.275157492191239748e-06
1.215000000000097113e+00 1.080511840828075713e-03 4.603046841976908823e-07 6.359068041287262998e-06
1.220000000000097451e+00 1.059511518723589649e-03 4.652769395210261736e-07 6.440971567128344679e-06
1.225000000000098010e+00 1.038371984693029762e-03 4.675103821271879707e-07 6.485138307896414235e-06
1.230000000000098348e+00 1.017082429987277003e-03 4.679471227343609361e-07 6.504430468654142285e-06
1.235000000000098686e+00 9.956178042228509308e-04 4.700036596565173289e-07 6.546281201217653799e-06
1.240000000000099023e+00 9.739368429723675898e-04 4.809480795191165777e-07 6.712263174571674096e-06
1.245000000000099583e+00 9.519349166436536511e-04 5.171516289021962572e-07 7.232068169958642894e-06
1.250000000000099920e+00 9.293949232014808107e-04 6.130372651077385350e-07 8.590171215634049708e-06
1.255000000000100258e+00 9.059649299960545465e-04 8.323320952224725868e-07 1.168633799800023570e-05
1.260000000000100817e+00 8.811447578256558985e-04 1.256569973086505982e-06 1.767794949083852993e-05
1.265000000000101155e+00 8.543380606085149024e-04 1.961809722477812040e-06 2.765426268090946077e-05
1.270000000000101492e+00 8.249593440321988883e-04 3.003291390404733102e-06 4.241888708912619499e-05
1.275000000000101830e+00 7.925959887784414992e-04 4.399474494929673707e-06 6.226096321644215739e-05
1.280000000000102389e+00 7.571734906775372123e-04 6.114381620183108290e-06 8.669967398879914282e-05
1.285000000000102727e+00 6.837647370573718495e-04 1.532376619330881319e-05 2.177093190099720966e-04
1.290000000000103064e+00 6.280757049305732984e-04 1.838428348306266245e-05 2.616986617674928964e-04
1.295000000000103624e+00 5.848386092239909843e-04 1.959960207727610325e-05 2.795387873604560959e-04
1.300000000000103961e+00 5.475425050552999197e-04 2.015152493505951214e-05 2.879648841194341674e-04
1.305000000000104299e+00 5.138782226404856393e-04 2.036529486827066184e-05 2.915787682268933061e-04
1.310000000000104636e+00 4.834413534418563300e-04 2.032580132943531174e-05 2.915702858906560942e-04
1.315000000000105196e+00 4.544130356531631216e-04 2.018684191859443440e-05 2.901290373643314910e-04
1.320000000000105533e+00 4.280886989989937490e-04 1.987915865054769987e-05 2.862496101281475250e-04
1.325000000000105871e+00 4.028941541337685149e-04 1.951699405792553386e-05 2.815663866445997131e-04
1.330000000000106430e+00 3.787520375760233967e-04 1.910904743464966266e-05 2.762007143525718245e-04
1.335000000000106768e+00 3.569767839474574656e-04 1.859994150308815145e-05 2.693470043483343771e-04
1.340000000000107105e+00 3.361187509515896994e-04 1.807212741998761224e-05 2.621933169000314188e-04
1.345000000000107443e+00 3.161542295701902459e-04 1.752951385196179236e-05 2.547950300902761256e-04
1.350000000000108002e+00 2.970450471054170193e-04 1.697501405826597095e-05 2.471934537114585297e-04
1.355000000000108340e+00 2.787578116698738104e-04 1.641007063343792821e-05 2.394087595826248078e-04
1.360000000000108678e+00 2.624107171573173943e-04 1.579728751727480106e-05 2.308936106987330655e-04
1.365000000000109015e+00 2.467223518616041980e-04 1.518476276616641202e-05 2.223485366015865491e-04
1.370000000000109575e+00 2.305992223229870659e-04 1.460581934130755062e-05 2.142624895112300019e-04
1.375000000000109912e+00 2.162406100992800458e-04 1.399545411225205971e-05 2.056829451241073677e-04
1.380000000000110250e+00 2.024763337795904374e-04 1.339001138139877571e-05 1.971425763766539553e-04
1.385000000000110809e+00 1.893201802252485536e-04 1.279118490120796501e-05 1.886668515614323572e-04
1.390000000000111147e+00 1.767683311938328015e-04 1.220075664713566684e-05 1.802827207090686298e-04
1.395000000000111484e+00 1.656707572424763832e-04 1.160191093659063407e-05 1.717420211321890264e-04
1.400000000000111822e+00 1.542379045449509796e-04 1.103450139870935724e-05 1.636351769378842672e-04
1.405000000000112381e+00 1.433891570284728583e-04 1.047957639552529387e-05 1.556832282755450528e-04
1.410000000000112719e+00 1.338234711584812987e-04 9.924306928334405788e-06 1.476963225422330244e-04
1.415000000000113056e+00 1.240214800435892272e-04 9.397273528105865896e-06 1.401006101151425882e-04
1.420000000000113616e+00 1.154492833634191670e-04 8.875349618116264337e-06 1.325530058553872365e-04
1.425000000000113953e+00 1.073257527585190176e-04 8.371058010065402939e-06 1.252413447816879571e-04
1.430000000000114291e+00 9.909544835196533517e-05 7.894632454953306750e-06 1.183204663996640396e-04
1.435000000000114628e+00 9.188373434712793436e-05 7.427488459461853391e-06 1.115136098448349784e-04
1.440000000000115188e+00 8.510776472545232498e-05 6.980897053908323138e-06 1.049910836256933230e-04
1.445000000000115525e+00 7.819305338269040030e-05 6.557868587659541365e-06 9.879991517140445235e-05
1.450000000000115863e+00 7.224799848380643362e-05 6.150464065430033764e-06 9.282219306614775860e-05
1.455000000000116422e+00 6.662294560592411604e-05 5.760100393231418896e-06 8.708061509354262774e-05
1.460000000000116760e+00 6.138961930720827681e-05 5.388714678532002606e-06 8.160589939698812138e-05
1.465000000000117097e+00 5.642453523524535998e-05 5.031892301848797288e-06 7.633260576586597642e-05
1.470000000000117435e+00 5.181505173247787088e-05 4.693053877600006258e-06 7.131389314436190811e-05
1.475000000000117995e+00 4.747975866575632008e-05 4.369830014268543219e-06 6.651513731457619582e-05
1.480000000000118332e+00 4.346567676215454094e-05 4.064459341408290638e-06 6.197172423780814617e-05
1.485000000000118670e+00 3.973104338260683604e-05 3.776024074135893110e-06 5.767105813698744957e-05
1.490000000000119229e+00 3.628737372365299689e-05 3.505512326285866177e-06 5.362960166743021060e-05
1.495000000000119567e+00 3.337553713505823157e-05 3.252796707761165859e-06 4.984681989173380713e-05
1.500000000000119904e+00 3.047241949724260266e-05 3.018601363354663454e-06 4.633523093646949449e-05
1.505000000000120242e+00 2.777283969775924284e-05 2.799129202112296520e-06 4.303790608826571181e-05
1.510000000000120801e+00 2.532900299982817678e-05 2.597137248518434242e-06 3.999846391324026666e-05
1.515000000000121139e+00 2.327988096441798753e-05 2.410030295593080717e-06 3.717823403043156504e-05
1.520000000000121476e+00 2.119647487578277180e-05 2.235119101067252444e-06 3.453682440241415553e-05
1.525000000000122036e+00 1.930706958082493762e-05 2.073098113470539864e-06 3.208593628663801173e-05
1.530000000000122373e+00 1.771535618683946209e-05 1.921468740206242618e-06 2.978783759478168124e-05
1.535000000000122711e+00 1.611532656046710764e-05 1.778672019167272539e-06 2.761913046413441052e-05
1.540000000000123048e+00 1.458962817926690673e-05 1.641448646045250971e-06 2.552981095859147386e-05
1.545000000000123608e+00 1.332775752711450391e-05 1.514164615092175726e-06 2.358833425316688795e-05
1.550000000000123945e+00 1.201619026587253879e-05 1.392238158999611235e-06 2.172397630879471586e-05
1.555000000000124283e+00 1.093386905767335427e-05 1.281327239400128348e-06 2.002558417776859669e-05
1.560000000000124620e+00 9.846131328391748274e-06 1.177633076434173503e-06 1.843453694047978320e-05
1.565000000000125180e+00 8.912282860524520356e-06 1.079681320866561306e-06 1.692827468070862674e-05
1.570000000000125517e+00 7.970565861986646963e-06 9.875516368679535799e-07 1.550849226950216735e-05
1.575000000000125855e+00 7.191052829201131732e-06 9.019946984230871745e-07 1.418744537850648162e-05
1.580000000000126414e+00 6.372311361469062266e-06 8.189229376239296472e-07 1.290124187800583342e-05
1.585000000000126752e+00 5.687279409973437272e-06 7.423300676996029275e-07 1.171309386444329502e-05
1.590000000000127089e+00 4.963902276652553571e-06 6.685393913608154858e-07 1.056538925883486139e-05
1.595000000000127427e+00 4.432940260147115520e-06 6.078471357663041595e-07 9.621319945069464679e-06
1.600000000000127987e+00 3.935893252879011365e-06 5.534077901746244785e-07 8.773344806027985585e-06
1.605000000000128324e+00 3.435405188678658405e-06 5.042398530245470316e-07 8.006350975545077400e-06
1.610000000000128662e+00 3.098731738261486071e-06 4.659269678101478386e-07 7.409531089681656086e-06
1.615000000000129221e+00 2.801122722023056031e-06 4.317758179891057694e-07 6.877086983352654209e-06
1.620000000000129559e+00 2.441835406965484541e-06 3.942380962549841714e-07 6.288919486927506798e-06
1.625000000000129896e+00 2.178569540165122963e-06 3.616448738695539082e-07 5.777885547115314607e-06
1.630000000000130234e+00 1.963011258431626454e-06 3.295286188342987891e-07 5.272867749692250124e-06
1.635000000000130793e+00 1.654284983424127010e-06 2.885711321463871186e-07 4.624573650109996198e-06
1.640000000000131131e+00 1.459357404361325428e-06 2.599674274320501204e-07 4.172542789544134354e-06
1.645000000000131468e+00 1.316166651080078111e-06 2.380942193714283560e-07 3.827293264163419651e-06
1.650000000000132028e+00 1.194652580620223897e-06 2.229252741180816147e-07 3.588898863800733558e-06
1.655000000000132365e+00 1.100811010487735791e-06 2.138369808145483515e-07 3.447797508703437261e-06
1.660000000000132703e+00 1.021713384935487064e-06 2.082046978294626152e-07 3.362052625136147370e-06
1.665000000000133040e+00 9.779953651252670846e-07 2.063145749669931097e-07 3.336544849442753973e-06
1.670000000000133600e+00 9.285725670608460861e-07 2.034885084960671139e-07 3.295778851769298090e-06
1.675000000000133937e+00 8.702819270904641084e-07 1.992590735783068457e-07 3.232104925129183445e-06
1.680000000000134275e+00 7.818291711155363701e-07 1.904961153218838036e-07 3.094572794372449889e-06
1.685000000000134612e+00 6.894797123123800514e-07 1.801594346548686255e-07 2.931007309218348700e-06
1.690000000000135172e+00 5.871313932007865276e-07 1.666313285320232772e-07 2.714938196995138462e-06
1.695000000000135509e+00 4.914907066695950387e-07 1.519083609222406272e-07 2.478714273010915377e-06
1.700000000000135847e+00 3.961713341145653899e-07 1.366224501098040394e-07 2.232577114825532509e-06
1.705000000000136406e+00 3.388109647328713859e-07 1.255558945654102174e-07 2.054751172076898855e-06
1.710000000000136744e+00 3.048286226302310409e-07 1.198812401567474805e-07 1.964758700972234920e-06
1.715000000000137081e+00 2.570595708155245149e-07 1.188216872466686928e-07 1.950238455194980029e-06
1.720000000000137419e+00 1.946417373113491967e-07 1.171584416212856909e-07 1.925740429822532578e-06
1.725000000000137979e+00 1.646018532856949255e-07 1.194805225349384395e-07 1.966761061856643014e-06
1.730000000000138316e+00 1.281082711241747407e-07 1.187237940305783844e-07 1.957134879543276629e-06
1.735000000000138654e+00 9.318418433947939835e-08 1.150744865045168097e-07 1.899716188956432820e-06
1.740000000000139213e+00 5.908676612745841083e-08 1.079303332102867201e-07 1.784341927846583759e-06
1.745000000000139551e+00 5.230791164417800844e-08 9.995229398009411861e-08 1.654818700732991489e-06
1.750000000000139888e+00 3.716908260675384701e-08 8.883741313503681741e-08 1.472905441591142022e-06
1.755000000000140226e+00 2.026559335185486272e-08 7.642349656360178157e-08 1.268894172245703792e-06
1.760000000000140785e+00 2.023947032021454334e-08 6.723425138984176791e-08 1.117910012927997041e-06
1.765000000000141123e+00 3.238577842727687474e-08 5.743208755619056509e-08 9.562840139230293614e-07
1.770000000000141460e+00 2.825481743314750471e-08 5.024553294575554561e-08 8.378070851407820869e-07
1.775000000000142020e+00 1.931937651032574693e-08 3.990860810868873100e-08 6.663857451561522679e-07
1.780000000000142357e+00 2.217137215072760708e-08 3.267901848280381366e-08 5.464355471476313392e-07
1.785000000000142695e+00 3.145139440400691733e-08 2.817879252233243602e-08 4.718472498744475456e-07
1.790000000000143032e+00 3.106471379685738071e-08 2.473067750914888525e-08 4.146889549096267038e-07
1.795000000000143592e+00 1.059034536310702515e-08 1.509716979686426152e-08 2.535056858558269120e-07
1.800000000000143929e+00 9.272097739183664683e-09 1.394192372700591725e-08 2.344330800886834674e-07
1.805000000000144267e+00 2.649254986599710957e-09 8.314209668455445713e-09 1.399972529688580106e-07
1.810000000000144826e+00 0.000000000000000000e+00 0.000000000000000000e+00 0.000000000000000000e+00
1.815000000000145164e+00 0.000000000000000000e+00 0.000000000000000000e+00 0.000000000000000000e+00
1.820000000000145501e+00 0.000000000000000000e+00 0.000000000000000000e+00 0.000000000000000000e+00
1.825000000000145839e+00 0.000000000000000000e+00 0.000000000000000000e+00 0.000000000000000000e+00
1.830000000000146398e+00 0.000000000000000000e+00 0.000000000000000000e+00 0.000000000000000000e+00
1.835000000000146736e+00 0.000000000000000000e+00 0.000000000000000000e+00 0.000000000000000000e+00
1.840000000000147073e+00 0.000000000000000000e+00 0.000000000000000000e+00 0.000000000000000000e+00
1.845000000000147633e+00 0.000000000000000000e+00 0.000000000000000000e+00 0.000000000000000000e+00
1.850000000000147971e+00 0.000000000000000000e+00 0.000000000000000000e+00 0.000000000000000000e+00
1.855000000000148308e+00 0.000000000000000000e+00 0.000000000000000000e+00 0.000000000000000000e+00
1.860000000000148646e+00 0.000000000000000000e+00 0.000000000000000000e+00 0.000000000000000000e+00
1.865000000000149205e+00 0.000000000000000000e+00 0.000000000000000000e+00 0.000000000000000000e+00
1.870000000000149543e+00 0.000000000000000000e+00 0.000000000000000000e+00 0.000000000000000000e+00
1.875000000000149880e+00 0.000000000000000000e+00 0.000000000000000000e+00 0.000000000000000000e+00
1.880000000000150218e+00 0.000000000000000000e+00 0.000000000000000000e+00 0.000000000000000000e+00
1.885000000000150777e+00 0.000000000000000000e+00 0.000000000000000000e+00 0.000000000000000000e+00
1.890000000000151115e+00 0.000000000000000000e+00 0.000000000000000000e+00 0.000000000000000000e+00
1.895000000000151452e+00 0.000000000000000000e+00 0.000000000000000000e+00 0.000000000000000000e+00
1.900000000000152012e+00 0.000000000000000000e+00 0.000000000000000000e+00 0.000000000000000000e+00
1.905000000000152349e+00 0.000000000000000000e+00 0.000000000000000000e+00 0.000000000000000000e+00
1.910000000000152687e+00 0.000000000000000000e+00 0.000000000000000000e+00 0.000000000000000000e+00
1.915000000000153024e+00 0.000000000000000000e+00 0.000000000000000000e+00 0.000000000000000000e+00
1.920000000000153584e+00 0.000000000000000000e+00 0.000000000000000000e+00 0.000000000000000000e+00
1.925000000000153921e+00 0.000000000000000000e+00 0.000000000000000000e+00 0.000000000000000000e+00
1.930000000000154259e+00 0.000000000000000000e+00 0.000000000000000000e+00 0.000000000000000000e+00
1.935000000000154818e+00 0.000000000000000000e+00 0.000000000000000000e+00 0.000000000000000000e+00
1.940000000000155156e+00 0.000000000000000000e+00 0.000000000000000000e+00 0.000000000000000000e+00
1.945000000000155493e+00 0.000000000000000000e+00 0.000000000000000000e+00 0.000000000000000000e+00
1.950000000000155831e+00 0.000000000000000000e+00 0.000000000000000000e+00 0.000000000000000000e+00
1.955000000000156390e+00 0.000000000000000000e+00 0.000000000000000000e+00 0.000000000000000000e+00
1.960000000000156728e+00 0.000000000000000000e+00 0.000000000000000000e+00 0.000000000000000000e+00
1.965000000000157065e+00 0.000000000000000000e+00 0.000000000000000000e+00 0.000000000000000000e+00
1.970000000000157625e+00 0.000000000000000000e+00 0.000000000000000000e+00 0.000000000000000000e+00
1.975000000000157963e+00 0.000000000000000000e+00 0.000000000000000000e+00 0.000000000000000000e+00
1.980000000000158300e+00 0.000000000000000000e+00 0.000000000000000000e+00 0.000000000000000000e+00
1.985000000000158638e+00 0.000000000000000000e+00 0.000000000000000000e+00 0.000000000000000000e+00
1.990000000000159197e+00 0.000000000000000000e+00 0.000000000000000000e+00 0.000000000000000000e+00
1.995000000000159535e+00 0.000000000000000000e+00 0.000000000000000000e+00 0.000000000000000000e+00
2.000000000000159872e+00 0.000000000000000000e+00 0.000000000000000000e+00 0.000000000000000000e+00
2.005000000000160210e+00 0.000000000000000000e+00 0.000000000000000000e+00 0.000000000000000000e+00
2.010000000000160547e+00 0.000000000000000000e+00 0.000000000000000000e+00 0.000000000000000000e+00
2.015000000000161329e+00 0.000000000000000000e+00 0.000000000000000000e+00 0.000000000000000000e+00
2.020000000000161666e+00 0.000000000000000000e+00 0.000000000000000000e+00 0.000000000000000000e+00
2.025000000000162004e+00 0.000000000000000000e+00 0.000000000000000000e+00 0.000000000000000000e+00
2.030000000000162341e+00 0.000000000000000000e+00 0.000000000000000000e+00 0.000000000000000000e+00
2.035000000000162679e+00 0.000000000000000000e+00 0.000000000000000000e+00 0.000000000000000000e+00
2.040000000000163016e+00 0.000000000000000000e+00 0.000000000000000000e+00 0.000000000000000000e+00
2.045000000000163354e+00 0.000000000000000000e+00 0.000000000000000000e+00 0.000000000000000000e+00
2.050000000000164135e+00 0.000000000000000000e+00 0.000000000000000000e+00 0.000000000000000000e+00
2.055000000000164473e+00 0.000000000000000000e+00 0.000000000000000000e+00 0.000000000000000000e+00
2.060000000000164810e+00 0.000000000000000000e+00 0.000000000000000000e+00 0.000000000000000000e+00
2.065000000000165148e+00 0.000000000000000000e+00 0.000000000000000000e+00 0.000000000000000000e+00
2.070000000000165485e+00 0.000000000000000000e+00 0.000000000000000000e+00 0.000000000000000000e+00
2.075000000000165823e+00 0.000000000000000000e+00 0.000000000000000000e+00 0.000000000000000000e+00
2.080000000000166160e+00 0.000000000000000000e+00 0.000000000000000000e+00 0.000000000000000000e+00
2.085000000000166498e+00 0.000000000000000000e+00 0.000000000000000000e+00 0.000000000000000000e+00
2.090000000000167280e+00 0.000000000000000000e+00 0.000000000000000000e+00 0.000000000000000000e+00
2.095000000000167617e+00 0.000000000000000000e+00 0.000000000000000000e+00 0.000000000000000000e+00
2.100000000000167955e+00 0.000000000000000000e+00 0.000000000000000000e+00 0.000000000000000000e+00
2.105000000000168292e+00 0.000000000000000000e+00 0.000000000000000000e+00 0.000000000000000000e+00
2.110000000000168630e+00 0.000000000000000000e+00 0.000000000000000000e+00 0.000000000000000000e+00
2.115000000000168967e+00 0.000000000000000000e+00 0.000000000000000000e+00 0.000000000000000000e+00
2.120000000000169305e+00 0.000000000000000000e+00 0.000000000000000000e+00 0.000000000000000000e+00
2.125000000000170086e+00 0.000000000000000000e+00 0.000000000000000000e+00 0.000000000000000000e+00
2.130000000000170424e+00 0.000000000000000000e+00 0.000000000000000000e+00 0.000000000000000000e+00
2.135000000000170761e+00 0.000000000000000000e+00 0.000000000000000000e+00 0.000000000000000000e+00
2.140000000000171099e+00 0.000000000000000000e+00 0.000000000000000000e+00 0.000000000000000000e+00
2.145000000000171436e+00 0.000000000000000000e+00 0.000000000000000000e+00 0.000000000000000000e+00
2.150000000000171774e+00 0.000000000000000000e+00 0.000000000000000000e+00 0.000000000000000000e+00
2.155000000000172111e+00 0.000000000000000000e+00 0.000000000000000000e+00 0.000000000000000000e+00
2.160000000000172893e+00 0.000000000000000000e+00 0.000000000000000000e+00 0.000000000000000000e+00
2.165000000000173230e+00 0.000000000000000000e+00 0.000000000000000000e+00 0.000000000000000000e+00
2.170000000000173568e+00 0.000000000000000000e+00 0.000000000000000000e+00 0.000000000000000000e+00
2.175000000000173905e+00 0.000000000000000000e+00 0.000000000000000000e+00 0.000000000000000000e+00
2.180000000000174243e+00 0.000000000000000000e+00 0.000000000000000000e+00 0.000000000000000000e+00
2.185000000000174580e+00 0.000000000000000000e+00 0.000000000000000000e+00 0.000000000000000000e+00
2.190000000000174918e+00 0.000000000000000000e+00 0.000000000000000000e+00 0.000000000000000000e+00
2.195000000000175699e+00 0.000000000000000000e+00 0.000000000000000000e+00 0.000000000000000000e+00
2.200000000000176037e+00 0.000000000000000000e+00 0.000000000000000000e+00 0.000000000000000000e+00
2.205000000000176374e+00 0.000000000000000000e+00 0.000000000000000000e+00 0.000000000000000000e+00
2.210000000000176712e+00 0.000000000000000000e+00 0.000000000000000000e+00 0.000000000000000000e+00
2.215000000000177049e+00 0.000000000000000000e+00 0.000000000000000000e+00 0.000000000000000000e+00
2.220000000000177387e+00 0.000000000000000000e+00 0.000000000000000000e+00 0.000000000000000000e+00
2.225000000000177725e+00 0.000000000000000000e+00 0.000000000000000000e+00 0.000000000000000000e+00
2.230000000000178506e+00 0.000000000000000000e+00 0.000000000000000000e+00 0.000000000000000000e+00
2.235000000000178844e+00 0.000000000000000000e+00 0.000000000000000000e+00 0.000000000000000000e+00
2.240000000000179181e+00 0.000000000000000000e+00 0.000000000000000000e+00 0.000000000000000000e+00
2.245000000000179519e+00 0.000000000000000000e+00 0.000000000000000000e+00 0.000000000000000000e+00
2.250000000000179856e+00 0.000000000000000000e+00 0.000000000000000000e+00 0.000000000000000000e+00
2.255000000000180194e+00 0.000000000000000000e+00 0.000000000000000000e+00 0.000000000000000000e+00
2.260000000000180531e+00 0.000000000000000000e+00 0.000000000000000000e+00 0.000000000000000000e+00
2.265000000000181313e+00 0.000000000000000000e+00 0.000000000000000000e+00 0.000000000000000000e+00
2.270000000000181650e+00 0.000000000000000000e+00 0.000000000000000000e+00 0.000000000000000000e+00
2.275000000000181988e+00 0.000000000000000000e+00 0.000000000000000000e+00 0.000000000000000000e+00
2.280000000000182325e+00 0.000000000000000000e+00 0.000000000000000000e+00 0.000000000000000000e+00
2.285000000000182663e+00 0.000000000000000000e+00 0.000000000000000000e+00 0.000000000000000000e+00
2.290000000000183000e+00 0.000000000000000000e+00 0.000000000000000000e+00 0.000000000000000000e+00
2.295000000000183338e+00 0.000000000000000000e+00 0.000000000000000000e+00 0.000000000000000000e+00
2.300000000000184119e+00 0.000000000000000000e+00 0.000000000000000000e+00 0.000000000000000000e+00
2.305000000000184457e+00 0.000000000000000000e+00 0.000000000000000000e+00 0.000000000000000000e+00
2.310000000000184794e+00 0.000000000000000000e+00 0.000000000000000000e+00 0.000000000000000000e+00
2.315000000000185132e+00 0.000000000000000000e+00 0.000000000000000000e+00 0.000000000000000000e+00
2.320000000000185469e+00 0.000000000000000000e+00 0.000000000000000000e+00 0.000000000000000000e+00
2.325000000000185807e+00 0.000000000000000000e+00 0.000000000000000000e+00 0.000000000000000000e+00
2.330000000000186144e+00 0.000000000000000000e+00 0.000000000000000000e+00 0.000000000000000000e+00
2.335000000000186926e+00 0.000000000000000000e+00 0.000000000000000000e+00 0.000000000000000000e+00
2.340000000000187264e+00 0.000000000000000000e+00 0.000000000000000000e+00 0.000000000000000000e+00
2.345000000000187601e+00 0.000000000000000000e+00 0.000000000000000000e+00 0.000000000000000000e+00
2.350000000000187939e+00 0.000000000000000000e+00 0.000000000000000000e+00 0.000000000000000000e+00
2.355000000000188276e+00 0.000000000000000000e+00 0.000000000000000000e+00 0.000000000000000000e+00
2.360000000000188614e+00 0.000000000000000000e+00 0.000000000000000000e+00 0.000000000000000000e+00
2.365000000000188951e+00 0.000000000000000000e+00 0.000000000000000000e+00 0.000000000000000000e+00
2.370000000000189733e+00 0.000000000000000000e+00 0.000000000000000000e+00 0.000000000000000000e+00
2.375000000000190070e+00 0.000000000000000000e+00 0.000000000000000000e+00 0.000000000000000000e+00
2.380000000000190408e+00 0.000000000000000000e+00 0.000000000000000000e+00 0.000000000000000000e+00
2.385000000000190745e+00 0.000000000000000000e+00 0.000000000000000000e+00 0.000000000000000000e+00
2.390000000000191083e+00 0.000000000000000000e+00 0.000000000000000000e+00 0.000000000000000000e+00
2.395000000000191420e+00 0.000000000000000000e+00 0.000000000000000000e+00 0.000000000000000000e+00
2.400000000000191758e+00 0.000000000000000000e+00 0.000000000000000000e+00 0.000000000000000000e+00
2.405000000000192539e+00 0.000000000000000000e+00 0.000000000000000000e+00 0.000000000000000000e+00
2.410000000000192877e+00 0.000000000000000000e+00 0.000000000000000000e+00 0.000000000000000000e+00
2.415000000000193214e+00 0.000000000000000000e+00 0.000000000000000000e+00 0.000000000000000000e+00
2.420000000000193552e+00 0.000000000000000000e+00 0.000000000000000000e+00 0.000000000000000000e+00
2.425000000000193889e+00 0.000000000000000000e+00 0.000000000000000000e+00 0.000000000000000000e+00
2.430000000000194227e+00 0.000000000000000000e+00 0.000000000000000000e+00 0.000000000000000000e+00
2.435000000000194564e+00 0.000000000000000000e+00 0.000000000000000000e+00 0.000000000000000000e+00
2.440000000000194902e+00 0.000000000000000000e+00 0.000000000000000000e+00 0.000000000000000000e+00
2.445000000000195683e+00 0.000000000000000000e+00 0.000000000000000000e+00 0.000000000000000000e+00
2.450000000000196021e+00 0.000000000000000000e+00 0.000000000000000000e+00 0.000000000000000000e+00
2.455000000000196358e+00 0.000000000000000000e+00 0.000000000000000000e+00 0.000000000000000000e+00
2.460000000000196696e+00 0.000000000000000000e+00 0.000000000000000000e+00 0.000000000000000000e+00
2.465000000000197034e+00 0.000000000000000000e+00 0.000000000000000000e+00 0.000000000000000000e+00
2.470000000000197371e+00 0.000000000000000000e+00 0.000000000000000000e+00 0.000000000000000000e+00
2.475000000000197709e+00 0.000000000000000000e+00 0.000000000000000000e+00 0.000000000000000000e+00
2.480000000000198490e+00 0.000000000000000000e+00 0.000000000000000000e+00 0.000000000000000000e+00
2.485000000000198828e+00 0.000000000000000000e+00 0.000000000000000000e+00 0.000000000000000000e+00
2.490000000000199165e+00 0.000000000000000000e+00 0.000000000000000000e+00 0.000000000000000000e+00
2.495000000000199503e+00 0.000000000000000000e+00 0.000000000000000000e+00 0.000000000000000000e+00
2.500000000000199840e+00 0.000000000000000000e+00 0.000000000000000000e+00 0.000000000000000000e+00
2.505000000000200178e+00 0.000000000000000000e+00 0.000000000000000000e+00 0.000000000000000000e+00
2.510000000000200515e+00 0.000000000000000000e+00 0.000000000000000000e+00 0.000000000000000000e+00
2.515000000000201297e+00 0.000000000000000000e+00 0.000000000000000000e+00 0.000000000000000000e+00
2.520000000000201634e+00 0.000000000000000000e+00 0.000000000000000000e+00 0.000000000000000000e+00
2.525000000000201972e+00 0.000000000000000000e+00 0.000000000000000000e+00 0.000000000000000000e+00
2.530000000000202309e+00 0.000000000000000000e+00 0.000000000000000000e+00 0.000000000000000000e+00
2.535000000000202647e+00 0.000000000000000000e+00 0.000000000000000000e+00 0.000000000000000000e+00
2.540000000000202984e+00 0.000000000000000000e+00 0.000000000000000000e+00 0.000000000000000000e+00
2.545000000000203322e+00 0.000000000000000000e+00 0.000000000000000000e+00 0.000000000000000000e+00
2.550000000000204103e+00 0.000000000000000000e+00 0.000000000000000000e+00 0.000000000000000000e+00
2.555000000000204441e+00 0.000000000000000000e+00 0.000000000000000000e+00 0.000000000000000000e+00
2.560000000000204778e+00 0.000000000000000000e+00 0.000000000000000000e+00 0.000000000000000000e+00
