5.000000000000399958e-03 3.163613450610171577e-06 1.270549420881450509e-21 1.270549420881450509e-21
1.000000000000079992e-02 3.129158208390425498e-06 2.190620735994092032e-06 2.745535937917991476e-06
1.500000000000119987e-02 3.058495940463366529e-06 3.459920197206977161e-06 5.310943117748284860e-06
2.000000000000159983e-02 3.062865153822997590e-06 4.233097545632452458e-06 7.502970046015228771e-06
2.500000000000199979e-02 3.252397369501053517e-06 4.629259395525648389e-06 9.173635064993319630e-06
3.000000000000239975e-02 3.661794456434730382e-06 4.720575071847996926e-06 1.024744213267749536e-05
3.500000000000279970e-02 4.203647065339294107e-06 4.576110817162199893e-06 1.072977200141749971e-05
4.000000000000319966e-02 4.693529127328583910e-06 4.278750033920817904e-06 1.072523581510470369e-05
4.500000000000359962e-02 4.945267362712195345e-06 3.919146484144280147e-06 1.041975941712693066e-05
5.000000000000399958e-02 4.838473108355192883e-06 3.582575592065882845e-06 1.004015236280584239e-05
5.500000000000439954e-02 4.394055823934379345e-06 3.320018622217301198e-06 9.758471609531109634e-06
6.000000000000479949e-02 3.784056343246850428e-06 3.134332026483729213e-06 9.622337022818907231e-06
6.500000000000519251e-02 3.266670666371919139e-06 2.996788045266970794e-06 9.575746587665764695e-06
7.000000000000558553e-02 3.107151455361497843e-06 2.877224404015225595e-06 9.540753904914115268e-06
7.500000000000600631e-02 3.486744146515769218e-06 2.767037909930769478e-06 9.497420774855331417e-06
8.000000000000639933e-02 4.451646664692787133e-06 2.675830990976234950e-06 9.485573888656680515e-06
8.500000000000679234e-02 5.904375999462602418e-06 2.619988300516100799e-06 9.573456171400969566e-06
9.000000000000718536e-02 7.639214110257026429e-06 2.607736229209962165e-06 9.804938047376369329e-06
9.500000000000760614e-02 9.413266804138304821e-06 2.630697627857746683e-06 1.016231550991929791e-05
1.000000000000079992e-01 1.101589724723036980e-05 2.668817654912310023e-06 1.057739786404724032e-05
1.050000000000083922e-01 1.232402996515684026e-05 2.701316042356013705e-06 1.097059002955487411e-05
1.100000000000087852e-01 1.333012582810029352e-05 2.710796503082394781e-06 1.126816500207165036e-05
1.150000000000092060e-01 1.414549764692845617e-05 2.682220447686218739e-06 1.139996000510987689e-05
1.200000000000095990e-01 1.498475255025827910e-05 2.604332336523271734e-06 1.130698887596987549e-05
1.250000000000099920e-01 1.613272358826192392e-05 2.477928744623262623e-06 1.098003586419287150e-05
1.300000000000103850e-01 1.789391097732526511e-05 2.321476732903746048e-06 1.049049424751239116e-05
1.350000000000107780e-01 2.053969731647753774e-05 2.168664512511840094e-06 9.986635423031427975e-06
1.400000000000111988e-01 2.424802909032592815e-05 2.053710013637651199e-06 9.630815810105397730e-06
1.450000000000115918e-01 2.909037470462987054e-05 1.998448669475228729e-06 9.537552409288897116e-06
1.500000000000119849e-01 3.504285119471676959e-05 2.003358150057990602e-06 9.724430240705997749e-06
1.550000000000124056e-01 4.202853107402093261e-05 2.049143820377989436e-06 1.011109587106428176e-05
1.600000000000127987e-01 4.997387886622152919e-05 2.099473223397017826e-06 1.052519788719572316e-05
1.650000000000131917e-01 5.885438092571674011e-05 2.111568631676267781e-06 1.074996653682691776e-05
1.700000000000135847e-01 6.871599459007588818e-05 2.056488581723091806e-06 1.062700051720420793e-05
1.750000000000139777e-01 7.966625023623340608e-05 1.932072720436850290e-06 1.012983640089453868e-05
1.800000000000143985e-01 9.186635577174300286e-05 1.766195568703041942e-06 9.391500411600268219e-06
1.850000000000147915e-01 1.055086986225526647e-04 1.604020416769238860e-06 8.646805589358928307e-06
1.900000000000151845e-01 1.208151800797544948e-04 1.491656214685317875e-06 8.149021823126148932e-06
1.950000000000156053e-01 1.380243715406857417e-04 1.453405903211184640e-06 8.043853716103160567e-06
2.000000000000159983e-01 1.573799094251137189e-04 1.486869634252361894e-06 8.333891239913622479e-06
2.050000000000163913e-01 1.791127236756361691e-04 1.576608335562897998e-06 8.946654937247117356e-06
2.100000000000167844e-01 2.034177100113569530e-04 1.705577889836321973e-06 9.795827827466143111e-06
2.150000000000171774e-01 2.304595467469577907e-04 1.851251366721326206e-06 1.075832254290288949e-05
2.200000000000175981e-01 2.603815909811344311e-04 1.982261555869079143e-06 1.165285217749437365e-05
2.250000000000179912e-01 2.933341130186338606e-04 2.068529133119217650e-06 1.229738696877753171e-05
2.300000000000183842e-01 3.294988721241456963e-04 2.090220031407252851e-06 1.256365094619212256e-05
2.350000000000188050e-01 3.690923104295634662e-04 2.052674044348580027e-06 1.247136128140829972e-05
2.400000000000191980e-01 4.123462914239222244e-04 1.982318131653056766e-06 1.217135452660342675e-05
2.450000000000195910e-01 4.594802255970888193e-04 1.918055480522566574e-06 1.189882687945976196e-05
2.500000000000199840e-01 5.106899529399699239e-04 1.886754132821422837e-06 1.182347814151815268e-05
2.550000000000203770e-01 5.661416869596014399e-04 1.888443325589763768e-06 1.195181836418797417e-05
2.600000000000207701e-01 6.259965208583314830e-04 1.901865293461997334e-06 1.215419964240164418e-05
2.650000000000211631e-01 6.904373118809685505e-04 1.905045454577733541e-06 1.229102828005939546e-05
2.700000000000216116e-01 7.597038523056241083e-04 1.890948089896423258e-06 1.231463169138299832e-05
2.750000000000220046e-01 8.341018112239949496e-04 1.873082387924719703e-06 1.231071183925674669e-05
2.800000000000223976e-01 9.139950921278681799e-04 1.867261022749337180e-06 1.238351646776550329e-05
2.850000000000227907e-01 9.997833236025498865e-04 1.881896039856707402e-06 1.259151528105777560e-05
2.900000000000231837e-01 1.091866153270841695e-03 1.919981456588274869e-06 1.295853695923940838e-05
2.950000000000235767e-01 1.190623318104807064e-03 1.972165746220336971e-06 1.342500196513359619e-05
3.000000000000239697e-01 1.296387358241473352e-03 2.040370430704036075e-06 1.400649875263463370e-05
3.050000000000244182e-01 1.409455192024785392e-03 2.119675543724059557e-06 1.467165976753400252e-05
3.100000000000248113e-01 1.530079941613447098e-03 2.208157188390636784e-06 1.540886928389436730e-05
3.150000000000252043e-01 1.658478813152707183e-03 2.289815697935161809e-06 1.610704024384651423e-05
3.200000000000255973e-01 1.794835411159378946e-03 2.354773982577113776e-06 1.669491285372436305e-05
3.250000000000259903e-01 1.939322039673254750e-03 2.389555629607009900e-06 1.707335083062516836e-05
3.300000000000263833e-01 2.092089605403255406e-03 2.405089084601142523e-06 1.731601988023704218e-05
3.350000000000267764e-01 2.253313283031003859e-03 2.412065667457135877e-06 1.749731736706923156e-05
3.400000000000271694e-01 2.423173572732145818e-03 2.438325585683387422e-06 1.781931859890155024e-05
3.450000000000275624e-01 2.601841033217718209e-03 2.499195150756282811e-06 1.839795937636702858e-05
3.500000000000280109e-01 2.789377318887348821e-03 2.600857770723630273e-06 1.928459683517786807e-05
3.550000000000284039e-01 2.985650772548009788e-03 2.735922311342473283e-06 2.043044734908339104e-05
3.600000000000287970e-01 3.190076144415747612e-03 2.881070498529302587e-06 2.166531831845721194e-05
3.650000000000291900e-01 3.401314538475614692e-03 3.001244620144041582e-06 2.272520268265043481e-05
3.700000000000295830e-01 3.616880320650955709e-03 3.061331185916762143e-06 2.333840200115044574e-05
3.750000000000299760e-01 3.832804653674163394e-03 3.033387121662744219e-06 2.328109542853900571e-05
3.800000000000303690e-01 4.043506475137316307e-03 2.906214659728971101e-06 2.245326106578720990e-05
3.850000000000308176e-01 4.242063364577922449e-03 2.686625909256377497e-06 2.089284113305071877e-05
3.900000000000312106e-01 4.420974643327701264e-03 2.397215208895704945e-06 1.876286986455837208e-05
3.950000000000316036e-01 4.573347221784655053e-03 2.082003714200489583e-06 1.639985417049219716e-05
4.000000000000319966e-01 4.694217277747695163e-03 1.786913502797351767e-06 1.416424612819560563e-05
4.050000000000323896e-01 4.781503151294688031e-03 1.556908400316664382e-06 1.241796730341837925e-05
4.100000000000327827e-01 4.836383939193470913e-03 1.420764101473346282e-06 1.140181111496221007e-05
4.150000000000331757e-01 4.862805312693082790e-03 1.368908584234066271e-06 1.105244681598217487e-05
4.200000000000335687e-01 4.866441548929765354e-03 1.365455602015435250e-06 1.109078195841562187e-05
4.250000000000339617e-01 4.853464610504829024e-03 1.379433346935477718e-06 1.127080988271025470e-05
4.300000000000344103e-01 4.829467473293862917e-03 1.383714469848141984e-06 1.137209944517089433e-05
4.350000000000348033e-01 4.798868842422875786e-03 1.361768793912812904e-06 1.125661842569072335e-05
4.400000000000351963e-01 4.764752338074897640e-03 1.310852312837795667e-06 1.089783031489661544e-05
4.450000000000355893e-01 4.729053295297819606e-03 1.236648235939890525e-06 1.033918071606948971e-05
4.500000000000359823e-01 4.692899627970360983e-03 1.151246422114248154e-06 9.679089125790240705e-06
4.550000000000363753e-01 4.656967901196061056e-03 1.076187286914658369e-06 9.098158411565044240e-06
4.600000000000367684e-01 4.621764939572922497e-03 1.031872653033900618e-06 8.771320034563560481e-06
4.650000000000372169e-01 4.587868731747256693e-03 1.028961796751406872e-06 8.793983887363673272e-06
4.700000000000376099e-01 4.556086380118357787e-03 1.056926833456598009e-06 9.081420626541721676e-06
4.750000000000380029e-01 4.527671301669286379e-03 1.093719384404205199e-06 9.447407592750184865e-06
4.800000000000383960e-01 4.504655959961964724e-03 1.120601072838651331e-06 9.730420105985054026e-06
4.850000000000387890e-01 4.490366104051572889e-03 1.130206064804788631e-06 9.864803555034217864e-06
4.900000000000391820e-01 4.489961729595207812e-03 1.139457895480300611e-06 9.996690824968997328e-06
4.950000000000395750e-01 4.511062506809359815e-03 1.205438901521862832e-06 1.062937528615664070e-05
5.000000000000399680e-01 4.564369923140175825e-03 1.427329421598409058e-06 1.264937764911472054e-05
5.050000000000404166e-01 4.663752724677130979e-03 1.879011491681274526e-06 1.673536018097714046e-05
5.100000000000408651e-01 4.825625901521479050e-03 2.603803495632415162e-06 2.330522135600464348e-05
5.150000000000412026e-01 5.066937542680907680e-03 3.549922170908856026e-06 3.192878442607988116e-05
5.200000000000416511e-01 5.401735816012512292e-03 4.638804308359211761e-06 4.192447783123719082e-05
5.250000000000419886e-01 5.836966736489502053e-03 5.752428315975563933e-06 5.223851295503970148e-05
5.300000000000424372e-01 6.368170486843799036e-03 6.722458822979754891e-06 6.133749336898084109e-05
5.350000000000428857e-01 6.977232871355668054e-03 7.386942129261734230e-06 6.771759508297732271e-05
5.400000000000432232e-01 7.633135569074470800e-03 7.635133496200966535e-06 7.031912422859650099e-05
5.450000000000436717e-01 8.296449257182130638e-03 7.412759844961671249e-06 6.858641768223670832e-05
5.500000000000440092e-01 8.926432671432872612e-03 6.763631504889300592e-06 6.286678073249222360e-05
5.550000000000444578e-01 9.488543296908315966e-03 5.805270508742294239e-06 5.420369482644073032e-05
5.600000000000447953e-01 9.960138154276876321e-03 4.703456354541807815e-06 4.411345469483031310e-05
5.650000000000452438e-01 1.033245713910749784e-02 3.609230254387622977e-06 3.400155284205788760e-05
5.700000000000456923e-01 1.060919688100232447e-02 2.658960115966447363e-06 2.515991614793970820e-05
5.750000000000460298e-01 1.080249218545900960e-02 1.945173814755930860e-06 1.848639700395171179e-05
5.800000000000464784e-01 1.092858375599766937e-02 1.453955047630097073e-06 1.387793710124519862e-05
5.850000000000468159e-01 1.100392058295713085e-02 1.180151066364449576e-06 1.131293976347541679e-05
5.900000000000472644e-01 1.104300033398280916e-02 1.057585759639140732e-06 1.018126024707724828e-05
5.950000000000476019e-01 1.105735510827958110e-02 9.921950451564570731e-07 9.592139260281145203e-06
6.000000000000480505e-01 1.105564949953454466e-02 9.526183626795046570e-07 9.248142488774916125e-06
6.050000000000484990e-01 1.104407548054185326e-02 9.293856304075165666e-07 9.060112267756656657e-06
6.100000000000488365e-01 1.102684048285702476e-02 9.096094362150501998e-07 8.903890554357750118e-06
6.150000000000492850e-01 1.100655913504870048e-02 8.937193285788716691e-07 8.784127826111391005e-06
6.200000000000496225e-01 1.098467894300576495e-02 8.860391335553480892e-07 8.743970565463080857e-06
6.250000000000500711e-01 1.096188389641462174e-02 8.950876625479766817e-07 8.868813416817238637e-06
6.300000000000504086e-01 1.093837636086339785e-02 9.236326054606036452e-07 9.188179456864799870e-06
6.350000000000508571e-01 1.091412504999955679e-02 9.657968581115213804e-07 9.645674214294535048e-06
6.400000000000511946e-01 1.088898845550695729e-02 1.007683712998054157e-06 1.010355394754469475e-05
6.450000000000516431e-01 1.086280267794474327e-02 1.037257294176856975e-06 1.044062009724217687e-05
6.500000000000520917e-01 1.083544626362306987e-02 1.049709743723194363e-06 1.060683578872774153e-05
6.550000000000524292e-01 1.080687778873162114e-02 1.049085799292878463e-06 1.064122428361587847e-05
6.600000000000528777e-01 1.077717111633121928e-02 1.042098007365017431e-06 1.061061292464345321e-05
6.650000000000532152e-01 1.074646108414573260e-02 1.030076311438811594e-06 1.052786145417255392e-05
6.700000000000536637e-01 1.071489999385702094e-02 1.012539517149936618e-06 1.038745897651437973e-05
6.750000000000540012e-01 1.068257895093585770e-02 9.894830831585880235e-07 1.018873339967366319e-05
6.800000000000544498e-01 1.064944376995681508e-02 9.648151275751391677e-07 9.971454206817509039e-06
6.850000000000547873e-01 1.061528344000296775e-02 9.463156590305973666e-07 9.816151461108012935e-06
6.900000000000552358e-01 1.057976141892710484e-02 9.411025516963632748e-07 9.797639028769061578e-06
6.950000000000556843e-01 1.054247313833728619e-02 9.522178544709600962e-07 9.949211455134863012e-06
7.000000000000560219e-01 1.050299535872451992e-02 9.751793102256852712e-07 1.022570917712643992e-05
7.050000000000564704e-01 1.046091340109006791e-02 1.005921036240363648e-06 1.058567088544551083e-05
7.100000000000568079e-01 1.041581236342865001e-02 1.040253980530025942e-06 1.098571932920870028e-05
7.150000000000572564e-01 1.036717433354184849e-02 1.075062863324554599e-06 1.139322880973796245e-05
7.200000000000575939e-01 1.031427929242210301e-02 1.108164038679508917e-06 1.178501770675550034e-05
7.250000000000580425e-01 1.025611116411571759e-02 1.141497415132631427e-06 1.218158708224676856e-05
7.300000000000584910e-01 1.019128830615358659e-02 1.178826966282806124e-06 1.262325718505848162e-05
7.350000000000588285e-01 1.011805371687722437e-02 1.223162088898036089e-06 1.314279155402878836e-05
7.400000000000592770e-01 1.003433706094716653e-02 1.277447021040469580e-06 1.377268758697071748e-05
7.450000000000596145e-01 9.937929443970639626e-03 1.345801664399484662e-06 1.455858397893429338e-05
7.500000000000600631e-01 9.826579975640820086e-03 1.434007644337290999e-06 1.556474595732976939e-05
7.550000000000604006e-01 9.698238521730209033e-03 1.548945470580416716e-06 1.686823113907697254e-05
7.600000000000608491e-01 9.551261687127894640e-03 1.688344471801873659e-06 1.844708694968343355e-05
7.650000000000612976e-01 9.384753800214706149e-03 1.843121676187848450e-06 2.020433974693814470e-05
7.700000000000616351e-01 9.198953161174201754e-03 1.997086116635560522e-06 2.196352757396285521e-05
7.750000000000620837e-01 8.995569050886271026e-03 2.130437670337870037e-06 2.350604820519115604e-05
7.800000000000624212e-01 8.778024875872873084e-03 2.226173245411763257e-06 2.464144654047534212e-05
7.850000000000628697e-01 8.551436663509656005e-03 2.269100446286542497e-06 2.519697981752344292e-05
7.900000000000632072e-01 8.322094807668409949e-03 2.251968451045096676e-06 2.508625232002206066e-05
7.950000000000636557e-01 8.096741457219688506e-03 2.178911664375287657e-06 2.434911196103243207e-05
8.000000000000639933e-01 7.881557436928084831e-03 2.060581638789961037e-06 2.309908397217808480e-05
8.050000000000644418e-01 7.681276686506634428e-03 1.915245461477247532e-06 2.153685680807328404e-05
8.100000000000648903e-01 7.498610129476722917e-03 1.761958680766526342e-06 1.987458951573489640e-05
8.150000000000652278e-01 7.334313992133165844e-03 1.614133332576855833e-06 1.826325356555986011e-05
8.200000000000656764e-01 7.187507255201150240e-03 1.479813691578258815e-06 1.679476401504326996e-05
8.250000000000660139e-01 7.056399443034646821e-03 1.362321533027504365e-06 1.550838357261285179e-05
8.300000000000664624e-01 6.938915737241689932e-03 1.263873186029277287e-06 1.443120130335065657e-05
8.350000000000667999e-01 6.833178976221634428e-03 1.184620743344775256e-06 1.356695890047123520e-05
8.400000000000672484e-01 6.737717582024184762e-03 1.120983722927206917e-06 1.287653130663031040e-05
8.450000000000675859e-01 6.651460505535215784e-03 1.065777923953141494e-06 1.227877420588589862e-05
8.500000000000680345e-01 6.573675157418195844e-03 1.011725534021456688e-06 1.169047378245256896e-05
8.550000000000684830e-01 6.503826515029791262e-03 9.597769762840616287e-07 1.112277939000260932e-05
8.600000000000688205e-01 6.441498613746150619e-03 9.143432736310998254e-07 1.062718983438605797e-05
8.650000000000692690e-01 6.386331006772983515e-03 8.815702841493207350e-07 1.027601985825866797e-05
8.700000000000696065e-01 6.338038976508868390e-03 8.616798983721843426e-07 1.007315522743960065e-05
8.750000000000700551e-01 6.296375505000677449e-03 8.487301293654388608e-07 9.950240654871310100e-06
8.800000000000703926e-01 6.261129363543929162e-03 8.342200936410182636e-07 9.808033057910284184e-06
8.850000000000708411e-01 6.232113147868591566e-03 8.140744791451119159e-07 9.598330808177190843e-06
8.900000000000712896e-01 6.209146836941038632e-03 7.885666721285347857e-07 9.323808821095370947e-06
8.950000000000716271e-01 6.192041405913495215e-03 7.644804161786411022e-07 9.064374089051819265e-06
9.000000000000720757e-01 6.180601909069881848e-03 7.477186198917455346e-07 8.890360851436100007e-06
9.050000000000724132e-01 6.174603787943188857e-03 7.439526163479606596e-07 8.870120169752759661e-06
9.100000000000728617e-01 6.173820551296804217e-03 7.520180304909139661e-07 8.991018434243392094e-06
9.150000000000731992e-01 6.178032040504720206e-03 7.668165968159383350e-07 9.193100113377621692e-06
9.200000000000736478e-01 6.187022621758477524e-03 7.804020429227129811e-07 9.381499284910343824e-06
9.250000000000740963e-01 6.200591760029088365e-03 7.895906627017735045e-07 9.517717471118834389e-06
9.300000000000744338e-01 6.218527861532565509e-03 7.954212239898536616e-07 9.613877581891492295e-06
9.350000000000748823e-01 6.240632988890741292e-03 8.022020945163287283e-07 9.721863868497283566e-06
9.400000000000752198e-01 6.266687661052885994e-03 8.127708770096827477e-07 9.876248276342012195e-06
9.450000000000756684e-01 6.296436133038989420e-03 8.262057100557692716e-07 1.006616476892550500e-05
9.500000000000760059e-01 6.329589912454141806e-03 8.387293740657712076e-07 1.024574621639976731e-05
9.550000000000764544e-01 6.365807398899852622e-03 8.492471365295336035e-07 1.040149382318351435e-05
9.600000000000767919e-01 6.404709370684292039e-03 8.553309401170656627e-07 1.050339594185768405e-05
9.650000000000772404e-01 6.445892652409493558e-03 8.590595343100649018e-07 1.057661893450722276e-05
9.700000000000776890e-01 6.488955607152976576e-03 8.621278090419882150e-07 1.064185800222143435e-05
9.750000000000780265e-01 6.533481101919197745e-03 8.673352692704063484e-07 1.073369506607897812e-05
9.800000000000784750e-01 6.579076089633763627e-03 8.753400324947475625e-07 1.086049868012995847e-05
9.850000000000788125e-01 6.625299683631015804e-03 8.875222844203852270e-07 1.103970123010274251e-05
9.900000000000792610e-01 6.671712556278128377e-03 9.027792626488614475e-07 1.125794468202479468e-05
9.950000000000795985e-01 6.717854923450139806e-03 9.192754553907156925e-07 1.149256962547836876e-05
1.000000000000079936e+00 6.763263506652052170e-03 9.318733165778025761e-07 1.167930001854089236e-05
1.005000000000080274e+00 6.807500608802243176e-03 9.374682565586969660e-07 1.177875912233866023e-05
1.010000000000080833e+00 6.850164492264606414e-03 9.324008413571790151e-07 1.174419577092641840e-05
1.015000000000081171e+00 6.890876866159760875e-03 9.173091769813033678e-07 1.158267039605190772e-05
1.020000000000081508e+00 6.929299911603348239e-03 8.958157370733681723e-07 1.133910330503391776e-05
1.025000000000081846e+00 6.965120000071343964e-03 8.727176411382217625e-07 1.107377323949166597e-05
1.030000000000082405e+00 6.998053801292923246e-03 8.513045470871440035e-07 1.082838039698873477e-05
1.035000000000082743e+00 7.027849530397575761e-03 8.322473770672413586e-07 1.061164098697609492e-05
1.040000000000083080e+00 7.054295798369457707e-03 8.161909768406883512e-07 1.043201967347617051e-05
1.045000000000083418e+00 7.077245585661320892e-03 8.028030259553823614e-07 1.028553969307178003e-05
1.050000000000083977e+00 7.096600560686994012e-03 7.900953882156888533e-07 1.014691716219150101e-05
1.055000000000084315e+00 7.112324737160608326e-03 7.794665827774654100e-07 1.003422116748762990e-05
1.060000000000084652e+00 7.124425645078065819e-03 7.678740854965499852e-07 9.908385206960671510e-06
1.065000000000085212e+00 7.132941638139522408e-03 7.569711891168656716e-07 9.790707873109053157e-06
1.070000000000085549e+00 7.137962001373711340e-03 7.468724135510227604e-07 9.682739456731814906e-06
1.075000000000085887e+00 7.139597972729840383e-03 7.404433937858557854e-07 9.621793530664351626e-06
1.080000000000086224e+00 7.137978540995448644e-03 7.375206822112622874e-07 9.606076036393682406e-06
1.085000000000086784e+00 7.133250893308126089e-03 7.357425162650111623e-07 9.605072800614688594e-06
1.090000000000087121e+00 7.125579614293666222e-03 7.349194943071625586e-07 9.616409637278784876e-06
1.095000000000087459e+00 7.115134049354506982e-03 7.342410209176345561e-07 9.629542235037776699e-06
1.100000000000088018e+00 7.102067498981351999e-03 7.325705434690251838e-07 9.629544242917023342e-06
1.105000000000088356e+00 7.086553539884271613e-03 7.322557386843311712e-07 9.647257295542360845e-06
1.110000000000088693e+00 7.068758478680608678e-03 7.319542621067195223e-07 9.665078192165754706e-06
1.115000000000089031e+00 7.048863853229048008e-03 7.281237447956038729e-07 9.636128132929402596e-06
1.120000000000089591e+00 7.027062836358788367e-03 7.182736738751540922e-07 9.527059966901519673e-06
1.125000000000089928e+00 7.003521756645720436e-03 7.020932436928987527e-07 9.333209051087047636e-06
1.130000000000090266e+00 6.978406912788791099e-03 6.842690451421021669e-07 9.116456292477018606e-06
1.135000000000090825e+00 6.951848508823741876e-03 6.716313765306725485e-07 8.967860544562956899e-06
1.140000000000091163e+00 6.923936002111652326e-03 6.694092001607762964e-07 8.957855263616873191e-06
1.145000000000091500e+00 6.894755476097722685e-03 6.798544234788211540e-07 9.117559570208621085e-06
1.150000000000091838e+00 6.864370277354151645e-03 7.021037781512618338e-07 9.436483149938520082e-06
1.155000000000092397e+00 6.832857481350907390e-03 7.333196269733505186e-07 9.877436343203275929e-06
1.160000000000092735e+00 6.800282460783540171e-03 7.688480744340345655e-07 1.037837751443451433e-05
1.165000000000093072e+00 6.766699079632215036e-03 8.026857884729666447e-07 1.085846598114984398e-05
1.170000000000093632e+00 6.732135819860133111e-03 8.271531208009552884e-07 1.121343789397452178e-05
1.175000000000093969e+00 6.696605709309352145e-03 8.365403496734682670e-07 1.136490383800462138e-05
1.180000000000094307e+00 6.660104613293692764e-03 8.281415730664897483e-07 1.127471386939334266e-05
1.185000000000094644e+00 6.622621946997624826e-03 8.048436344551685062e-07 1.098071518919766753e-05
1.190000000000095204e+00 6.584175023734034973e-03 7.741090856291062500e-07 1.058365279302421430e-05
1.195000000000095541e+00 6.544808758950511861e-03 7.461743311965532590e-07 1.022313736131732639e-05
1.200000000000095879e+00 6.504590680417724965e-03 7.287693958646993639e-07 1.000554358221617051e-05
1.205000000000096438e+00 6.463580972855608592e-03 7.247591320103529800e-07 9.971193820424880574e-06
1.210000000000096776e+00 6.421803758103057994e-03 7.313086195606587526e-07 1.008215374799702283e-05
1.215000000000097113e+00 6.379247184340970656e-03 7.433070505457259599e-07 1.026872041988343090e-05
1.220000000000097451e+00 6.335840448301613415e-03 7.566787801910021096e-07 1.047493674128106041e-05
1.225000000000098010e+00 6.291494935570301691e-03 7.668458721419671379e-07 1.063741412340904035e-05
1.230000000000098348e+00 6.246004894295723725e-03 7.826114842700237022e-07 1.087824186984962024e-05
1.235000000000098686e+00 6.198967808104404245e-03 8.316569801507511394e-07 1.158344268851229292e-05
1.240000000000099023e+00 6.149888922299971694e-03 9.842916824593274863e-07 1.373708534155054031e-05
1.245000000000099583e+00 6.097773496317642275e-03 1.430821901300644456e-06 2.000922157248599670e-05
1.250000000000099920e+00 6.040862724671787129e-03 2.481023010119025365e-06 3.476528044849710422e-05
1.255000000000100258e+00 5.976321240351236894e-03 4.537295978667241919e-06 6.370579088326500702e-05
1.260000000000100817e+00 5.900134929634208610e-03 8.102201284653312392e-06 1.139851406148855264e-04
1.265000000000101155e+00 5.807438434962779172e-03 1.372942584126103378e-05 1.935341355086964209e-04
1.270000000000101492e+00 5.693302387776216431e-03 2.188813573756486939e-05 3.091509406678345936e-04
1.275000000000101830e+00 5.553989105328943979e-03 3.278755928330929738e-05 4.640065591578497310e-04
1.280000000000102389e+00 5.388246048187390891e-03 4.622821176691606734e-05 6.554989757339948131e-04
1.285000000000102727e+00 4.950622254648762155e-03 1.119410287450056614e-04 1.590379599239279997e-03
1.290000000000103064e+00 4.629349284397486081e-03 1.360952386071889427e-04 1.937303776306634239e-03
1.295000000000103624e+00 4.388681396722823175e-03 1.474841806238570707e-04 2.103489083293326282e-03
1.300000000000103961e+00 4.183901940560490890e-03 1.542829665301165732e-04 2.204700474114087375e-03
1.305000000000104299e+00 3.999384040457111544e-03 1.587395668574930190e-04 2.272743295521393626e-03
1.310000000000104636e+00 3.833268978231785425e-03 1.613980202910861555e-04 2.315228125855409332e-03
1.315000000000105196e+00 3.672512324650999832e-03 1.633810271931114642e-04 2.348142435269714914e-03
1.320000000000105533e+00 3.528238730797240812e-03 1.640781912817194238e-04 2.362641151497112124e-03
1.325000000000105871e+00 3.387988793176790938e-03 1.643646149167768812e-04 2.371243777448124417e-03
1.330000000000106430e+00 3.251420085706897833e-03 1.642788091989355755e-04 2.374473380157147723e-03
1.335000000000106768e+00 3.129471352954221394e-03 1.633020306284545416e-04 2.364787692825343242e-03
1.340000000000107105e+00 3.010338508141352336e-03 1.620938046593052323e-04 2.351682859737060094e-03
1.345000000000107443e+00 2.893896746841366063e-03 1.606711939642463914e-04 2.335388308340291107e-03
1.350000000000108002e+00 2.779979414407026186e-03 1.590485414052537037e-04 2.316095770099807060e-03
1.355000000000108340e+00 2.668382804071871978e-03 1.572364326820683395e-04 2.293943770900421300e-03
1.360000000000108678e+00 2.569790160569629389e-03 1.548608894330161614e-04 2.263451233517507939e-03
1.365000000000109015e+00 2.473087137619301053e-03 1.523724646431143866e-04 2.231170486723834615e-03
1.370000000000109575e+00 2.368158016117899965e-03 1.501171344716864032e-04 2.202168204232776965e-03
1.375000000000109912e+00 2.275533332589998667e-03 1.474032409548116569e-04 2.166298605050798621e-03
1.380000000000110250e+00 2.184899261900466287e-03 1.446068286457935070e-04 2.129061876712981527e-03
1.385000000000110809e+00 2.096250232076405859e-03 1.417375684445230759e-04 2.090594498706357333e-03
1.390000000000111147e+00 2.009575255189334497e-03 1.388041953911375360e-04 2.051020171508973009e-03
1.395000000000111484e+00 1.934412103112642493e-03 1.355892415317258592e-04 2.007115078861494446e-03
1.400000000000111822e+00 1.851796129999559466e-03 1.325788183688106012e-04 1.966066033988036164e-03
1.405000000000112381e+00 1.771139978174626284e-03 1.295251462017297226e-04 1.924208779293550865e-03
1.410000000000112719e+00 1.701509788743067308e-03 1.262580131444316115e-04 1.879007206002558574e-03
1.415000000000113056e+00 1.624794109308754040e-03 1.231496628266186472e-04 1.835994540957135070e-03
1.420000000000113616e+00 1.558520118496345853e-03 1.198595892687259696e-04 1.790098364771101295e-03
1.425000000000113953e+00 1.493686172324238358e-03 1.165642686374121376e-04 1.743945119014814931e-03
1.430000000000114291e+00 1.422400776149447977e-03 1.133956599998263106e-04 1.699512606246661624e-03
1.435000000000114628e+00 1.360807671582421304e-03 1.100911296581486384e-04 1.652868173014356143e-03
1.440000000000115188e+00 1.300661240131421089e-03 1.067908136500186162e-04 1.606109237795985472e-03
1.445000000000115525e+00 1.234492314153588137e-03 1.035873997607089338e-04 1.560633027694902650e-03
1.450000000000115863e+00 1.177632701508339987e-03 1.003008905952821852e-04 1.513731083134275870e-03
1.455000000000116422e+00 1.122193805080048696e-03 9.702833574398099081e-05 1.466864565072029765e-03
1.460000000000116760e+00 1.068292162555050783e-03 9.377696259285330438e-05 1.420144474450496172e-03
1.465000000000117097e+00 1.015910204796771632e-03 9.055007821417383122e-05 1.373623084073423168e-03
1.470000000000117435e+00 9.650576188591643940e-04 8.735207604445858532e-05 1.327369508094881174e-03
1.475000000000117995e+00 9.158243687316131466e-04 8.419104164404482820e-05 1.281509504334395547e-03
1.480000000000118332e+00 8.681015850286880661e-04 8.106720716624364761e-05 1.236049911006121150e-03
1.485000000000118670e+00 8.220045401999493198e-04 7.798935250634388627e-05 1.191128126874728237e-03
1.490000000000119229e+00 7.774510623228208074e-04 7.496000325147610176e-05 1.146786757878913605e-03
1.495000000000119567e+00 7.403200324324408881e-04 7.198796847093375244e-05 1.103164944240321143e-03
1.500000000000119904e+00 6.988792630425947738e-04 6.907835590013921211e-05 1.060345898004722530e-03
1.505000000000120242e+00 6.589561888862250586e-04 6.622006083879400384e-05 1.018164062376468362e-03
1.510000000000120801e+00 6.205104701302883302e-04 6.341455208395431736e-05 9.766463726748780046e-04
1.515000000000121139e+00 5.884331511035059779e-04 6.067379552437485645e-05 9.359818312842606205e-04
1.520000000000121476e+00 5.526197734400301910e-04 5.796917256559155684e-05 8.957335350474639191e-04
1.525000000000122036e+00 5.181013550142419405e-04 5.531063656038971726e-05 8.560586443634690852e-04
1.530000000000122373e+00 4.893231594729787175e-04 5.272582716975051509e-05 8.173895020610511160e-04
1.535000000000122711e+00 4.573063723796563958e-04 5.016984064342074631e-05 7.790347850325966090e-04
1.540000000000123048e+00 4.264977172521055475e-04 4.766032671377021539e-05 7.412715190078006562e-04
1.545000000000123608e+00 4.010077100837203842e-04 4.524816994409717682e-05 7.048962486291423342e-04
1.550000000000123945e+00 3.726431493748433082e-04 4.285587763913561657e-05 6.687074797563046088e-04
1.555000000000124283e+00 3.492258539444457999e-04 4.056840958231766240e-05 6.340348320615083518e-04
1.560000000000124620e+00 3.232713261929250764e-04 3.830204270094618630e-05 5.995759079767106143e-04
1.565000000000125180e+00 3.019095029109933391e-04 3.614731167432369037e-05 5.667520676388210958e-04
1.570000000000125517e+00 2.783684579652927248e-04 3.401582507362313701e-05 5.341838750509402683e-04
1.575000000000125855e+00 2.590165746252571957e-04 3.199591903447792220e-05 5.032627735289052972e-04
1.580000000000126414e+00 2.376981350427417731e-04 2.999453430629231643e-05 4.725313266061258177e-04
1.585000000000126752e+00 2.202823831871871430e-04 2.810984297124734539e-05 4.435402034263549969e-04
1.590000000000127089e+00 2.010605522174274684e-04 2.623508347712497109e-05 4.146111250223309804e-04
1.595000000000127427e+00 1.853880735380664861e-04 2.447564466826044374e-05 3.874132069706817758e-04
1.600000000000127987e+00 1.704620609147763379e-04 2.277597636549539892e-05 3.610745954360034741e-04
1.605000000000128324e+00 1.541064088627020412e-04 2.108603929173724363e-05 3.348054110383136598e-04
1.610000000000128662e+00 1.407754154999929118e-04 1.950689010541325081e-05 3.102136572570267912e-04
1.615000000000129221e+00 1.281695986869893869e-04 1.799022953613383600e-05 2.865384493894794320e-04
1.620000000000129559e+00 1.144801226565240316e-04 1.648767813766002281e-05 2.630128374682862559e-04
1.625000000000129896e+00 1.034159959434926461e-04 1.509947939626910346e-05 2.412395973961392018e-04
1.630000000000130234e+00 9.303983290415589788e-05 1.377566230249667718e-05 2.204277301996982418e-04
1.635000000000130793e+00 8.184294709280154356e-05 1.246551424421258147e-05 1.997694235042632655e-04
1.640000000000131131e+00 7.288736948747218895e-05 1.126936400903474216e-05 1.808761351494183028e-04
1.645000000000131468e+00 6.457168766542945764e-05 1.013767446555340089e-05 1.629600806719546291e-04
1.650000000000132028e+00 5.689810011583109478e-05 9.072441659399997947e-06 1.460582506498222307e-04
1.655000000000132365e+00 4.982586789162535913e-05 8.072715826756685277e-06 1.301603184348218737e-04
1.660000000000132703e+00 4.239948206082970190e-05 7.101082497599201280e-06 1.146670238532118100e-04
1.665000000000133040e+00 3.668656455930090026e-05 6.250939375926424444e-06 1.010909654941388036e-04
1.670000000000133600e+00 3.156695744939573594e-05 5.474136026438555390e-06 8.866123144242961710e-05
1.675000000000133937e+00 2.696363598582671861e-05 4.764941004843551628e-06 7.729027849591243462e-05
1.680000000000134275e+00 2.292012024855016560e-05 4.131087524708801604e-06 6.710872315445421462e-05
1.685000000000134612e+00 1.943215968392852813e-05 3.574411576161444151e-06 5.815197231249055092e-05
1.690000000000135172e+00 1.596426927364741482e-05 3.064319923823800943e-06 4.992722126321904192e-05
1.695000000000135509e+00 1.355152863424790376e-05 2.661621795129037456e-06 4.343013046082683655e-05
1.700000000000135847e+00 1.151527934546136829e-05 2.321642596643878311e-06 3.793846564679121465e-05
1.705000000000136406e+00 9.898907274314659315e-06 2.050292769727272240e-06 3.355351404472023082e-05
1.710000000000136744e+00 8.569987557477992310e-06 1.828292473818547698e-06 2.996426747971759431e-05
1.715000000000137081e+00 7.524526403902065394e-06 1.650787991307854011e-06 2.709463479793259479e-05
1.720000000000137419e+00 6.603127912886848542e-06 1.494566044252234254e-06 2.456627296016840954e-05
1.725000000000137979e+00 5.833486639097643897e-06 1.361067893515876606e-06 2.240444951793288069e-05
1.730000000000138316e+00 5.160466333572974304e-06 1.239952787669048171e-06 2.044034112579808777e-05
1.735000000000138654e+00 4.546140683625307527e-06 1.126613230868647394e-06 1.859878291344514110e-05
1.740000000000139213e+00 3.941974065922461187e-06 1.013152953158341594e-06 1.674979813246527151e-05
1.745000000000139551e+00 3.447303442428266215e-06 9.161164786061994138e-07 1.516730252483362513e-05
1.750000000000139888e+00 2.991967323596091443e-06 8.249420486984091498e-07 1.367736395788882230e-05
1.755000000000140226e+00 2.574756714908791602e-06 7.391211545644488008e-07 1.227196566215504487e-05
1.760000000000140785e+00 2.168231698505356637e-06 6.537131371427528905e-07 1.086934778759014657e-05
1.765000000000141123e+00 1.799675598187149281e-06 5.733912109436081200e-07 9.547360579795543189e-06
1.770000000000141460e+00 1.446679111663028578e-06 4.915802186483333200e-07 8.196736425171487019e-06
1.775000000000142020e+00 1.176719672188148351e-06 4.265299617458558271e-07 7.122109736710039472e-06
1.780000000000142357e+00 9.228704006847116558e-07 3.613247291477383857e-07 6.041817815725107049e-06
1.785000000000142695e+00 7.025050268221084383e-07 3.007607388839774323e-07 5.036167798891371341e-06
1.790000000000143032e+00 5.040669499192820354e-07 2.411824472844114048e-07 4.044195593506034176e-06
1.795000000000143592e+00 3.500858529200594376e-07 1.942037928705098911e-07 3.260993045045249626e-06
1.800000000000143929e+00 1.932754473457849173e-07 1.340993147273309818e-07 2.254876443515104445e-06
1.805000000000144267e+00 5.848007273762585854e-08 5.657025433512955625e-08 9.525475688585841030e-07
1.810000000000144826e+00 0.000000000000000000e+00 0.000000000000000000e+00 0.000000000000000000e+00
1.815000000000145164e+00 0.000000000000000000e+00 0.000000000000000000e+00 0.000000000000000000e+00
1.820000000000145501e+00 0.000000000000000000e+00 0.000000000000000000e+00 0.000000000000000000e+00
1.825000000000145839e+00 0.000000000000000000e+00 0.000000000000000000e+00 0.000000000000000000e+00
1.830000000000146398e+00 0.000000000000000000e+00 0.000000000000000000e+00 0.000000000000000000e+00
1.835000000000146736e+00 0.000000000000000000e+00 0.000000000000000000e+00 0.000000000000000000e+00
1.840000000000147073e+00 0.000000000000000000e+00 0.000000000000000000e+00 0.000000000000000000e+00
1.845000000000147633e+00 0.000000000000000000e+00 0.000000000000000000e+00 0.000000000000000000e+00
1.850000000000147971e+00 0.000000000000000000e+00 0.000000000000000000e+00 0.000000000000000000e+00
1.855000000000148308e+00 0.000000000000000000e+00 0.000000000000000000e+00 0.000000000000000000e+00
1.860000000000148646e+00 0.000000000000000000e+00 0.000000000000000000e+00 0.000000000000000000e+00
1.865000000000149205e+00 0.000000000000000000e+00 0.000000000000000000e+00 0.000000000000000000e+00
1.870000000000149543e+00 0.000000000000000000e+00 0.000000000000000000e+00 0.000000000000000000e+00
1.875000000000149880e+00 0.000000000000000000e+00 0.000000000000000000e+00 0.000000000000000000e+00
1.880000000000150218e+00 0.000000000000000000e+00 0.000000000000000000e+00 0.000000000000000000e+00
1.885000000000150777e+00 0.000000000000000000e+00 0.000000000000000000e+00 0.000000000000000000e+00
1.890000000000151115e+00 0.000000000000000000e+00 0.000000000000000000e+00 0.000000000000000000e+00
1.895000000000151452e+00 0.000000000000000000e+00 0.000000000000000000e+00 0.000000000000000000e+00
1.900000000000152012e+00 0.000000000000000000e+00 0.000000000000000000e+00 0.000000000000000000e+00
1.905000000000152349e+00 0.000000000000000000e+00 0.000000000000000000e+00 0.000000000000000000e+00
1.910000000000152687e+00 0.000000000000000000e+00 0.000000000000000000e+00 0.000000000000000000e+00
1.915000000000153024e+00 0.000000000000000000e+00 0.000000000000000000e+00 0.000000000000000000e+00
1.920000000000153584e+00 0.000000000000000000e+00 0.000000000000000000e+00 0.000000000000000000e+00
1.925000000000153921e+00 0.000000000000000000e+00 0.000000000000000000e+00 0.000000000000000000e+00
1.930000000000154259e+00 0.000000000000000000e+00 0.000000000000000000e+00 0.000000000000000000e+00
1.935000000000154818e+00 0.000000000000000000e+00 0.000000000000000000e+00 0.000000000000000000e+00
1.940000000000155156e+00 0.000000000000000000e+00 0.000000000000000000e+00 0.000000000000000000e+00
1.945000000000155493e+00 0.000000000000000000e+00 0.000000000000000000e+00 0.000000000000000000e+00
1.950000000000155831e+00 0.000000000000000000e+00 0.000000000000000000e+00 0.000000000000000000e+00
1.955000000000156390e+00 0.000000000000000000e+00 0.000000000000000000e+00 0.000000000000000000e+00
1.960000000000156728e+00 0.000000000000000000e+00 0.000000000000000000e+00 0.000000000000000000e+00
1.965000000000157065e+00 0.000000000000000000e+00 0.000000000000000000e+00 0.000000000000000000e+00
1.970000000000157625e+00 0.000000000000000000e+00 0.000000000000000000e+00 0.000000000000000000e+00
1.975000000000157963e+00 0.000000000000000000e+00 0.000000000000000000e+00 0.000000000000000000e+00
1.980000000000158300e+00 0.000000000000000000e+00 0.000000000000000000e+00 0.000000000000000000e+00
1.985000000000158638e+00 0.000000000000000000e+00 0.000000000000000000e+00 0.000000000000000000e+00
1.990000000000159197e+00 0.000000000000000000e+00 0.000000000000000000e+00 0.000000000000000000e+00
1.995000000000159535e+00 0.000000000000000000e+00 0.000000000000000000e+00 0.000000000000000000e+00
2.000000000000159872e+00 0.000000000000000000e+00 0.000000000000000000e+00 0.000000000000000000e+00
2.005000000000160210e+00 0.000000000000000000e+00 0.000000000000000000e+00 0.000000000000000000e+00
2.010000000000160547e+00 0.000000000000000000e+00 0.000000000000000000e+00 0.000000000000000000e+00
2.015000000000161329e+00 0.000000000000000000e+00 0.000000000000000000e+00 0.000000000000000000e+00
2.020000000000161666e+00 0.000000000000000000e+00 0.000000000000000000e+00 0.000000000000000000e+00
2.025000000000162004e+00 0.000000000000000000e+00 0.000000000000000000e+00 0.000000000000000000e+00
2.030000000000162341e+00 0.000000000000000000e+00 0.000000000000000000e+00 0.000000000000000000e+00
2.035000000000162679e+00 0.000000000000000000e+00 0.000000000000000000e+00 0.000000000000000000e+00
2.040000000000163016e+00 0.000000000000000000e+00 0.000000000000000000e+00 0.000000000000000000e+00
2.045000000000163354e+00 0.000000000000000000e+00 0.000000000000000000e+00 0.000000000000000000e+00
2.050000000000164135e+00 0.000000000000000000e+00 0.000000000000000000e+00 0.000000000000000000e+00
2.055000000000164473e+00 0.000000000000000000e+00 0.000000000000000000e+00 0.000000000000000000e+00
2.060000000000164810e+00 0.000000000000000000e+00 0.000000000000000000e+00 0.000000000000000000e+00
2.065000000000165148e+00 0.000000000000000000e+00 0.000000000000000000e+00 0.000000000000000000e+00
2.070000000000165485e+00 0.000000000000000000e+00 0.000000000000000000e+00 0.000000000000000000e+00
2.075000000000165823e+00 0.000000000000000000e+00 0.000000000000000000e+00 0.000000000000000000e+00
2.080000000000166160e+00 0.000000000000000000e+00 0.000000000000000000e+00 0.000000000000000000e+00
2.085000000000166498e+00 0.000000000000000000e+00 0.000000000000000000e+00 0.000000000000000000e+00
2.090000000000167280e+00 0.000000000000000000e+00 0.000000000000000000e+00 0.000000000000000000e+00
2.095000000000167617e+00 0.000000000000000000e+00 0.000000000000000000e+00 0.000000000000000000e+00
2.100000000000167955e+00 0.000000000000000000e+00 0.000000000000000000e+00 0.000000000000000000e+00
2.105000000000168292e+00 0.000000000000000000e+00 0.000000000000000000e+00 0.000000000000000000e+00
2.110000000000168630e+00 0.000000000000000000e+00 0.000000000000000000e+00 0.000000000000000000e+00
2.115000000000168967e+00 0.000000000000000000e+00 0.000000000000000000e+00 0.000000000000000000e+00
2.120000000000169305e+00 0.000000000000000000e+00 0.000000000000000000e+00 0.000000000000000000e+00
2.125000000000170086e+00 0.000000000000000000e+00 0.000000000000000000e+00 0.000000000000000000e+00
2.130000000000170424e+00 0.000000000000000000e+00 0.000000000000000000e+00 0.000000000000000000e+00
2.135000000000170761e+00 0.000000000000000000e+00 0.000000000000000000e+00 0.000000000000000000e+00
2.140000000000171099e+00 0.000000000000000000e+00 0.000000000000000000e+00 0.000000000000000000e+00
2.145000000000171436e+00 0.000000000000000000e+00 0.000000000000000000e+00 0.000000000000000000e+00
2.150000000000171774e+00 0.000000000000000000e+00 0.000000000000000000e+00 0.000000000000000000e+00
2.155000000000172111e+00 0.000000000000000000e+00 0.000000000000000000e+00 0.000000000000000000e+00
2.160000000000172893e+00 0.000000000000000000e+00 0.000000000000000000e+00 0.000000000000000000e+00
2.165000000000173230e+00 0.000000000000000000e+00 0.000000000000000000e+00 0.000000000000000000e+00
2.170000000000173568e+00 0.000000000000000000e+00 0.000000000000000000e+00 0.000000000000000000e+00
2.175000000000173905e+00 0.000000000000000000e+00 0.000000000000000000e+00 0.000000000000000000e+00
2.180000000000174243e+00 0.000000000000000000e+00 0.000000000000000000e+00 0.000000000000000000e+00
2.185000000000174580e+00 0.000000000000000000e+00 0.000000000000000000e+00 0.000000000000000000e+00
2.190000000000174918e+00 0.000000000000000000e+00 0.000000000000000000e+00 0.000000000000000000e+00
2.195000000000175699e+00 0.000000000000000000e+00 0.000000000000000000e+00 0.000000000000000000e+00
2.200000000000176037e+00 0.000000000000000000e+00 0.000000000000000000e+00 0.000000000000000000e+00
2.205000000000176374e+00 0.000000000000000000e+00 0.000000000000000000e+00 0.000000000000000000e+00
2.210000000000176712e+00 0.000000000000000000e+00 0.000000000000000000e+00 0.000000000000000000e+00
2.215000000000177049e+00 0.000000000000000000e+00 0.000000000000000000e+00 0.000000000000000000e+00
2.220000000000177387e+00 0.000000000000000000e+00 0.000000000000000000e+00 0.000000000000000000e+00
2.225000000000177725e+00 0.000000000000000000e+00 0.000000000000000000e+00 0.000000000000000000e+00
2.230000000000178506e+00 0.000000000000000000e+00 0.000000000000000000e+00 0.000000000000000000e+00
2.235000000000178844e+00 0.000000000000000000e+00 0.000000000000000000e+00 0.000000000000000000e+00
2.240000000000179181e+00 0.000000000000000000e+00 0.000000000000000000e+00 0.000000000000000000e+00
2.245000000000179519e+00 0.000000000000000000e+00 0.000000000000000000e+00 0.000000000000000000e+00
2.250000000000179856e+00 0.000000000000000000e+00 0.000000000000000000e+00 0.000000000000000000e+00
2.255000000000180194e+00 0.000000000000000000e+00 0.000000000000000000e+00 0.000000000000000000e+00
2.260000000000180531e+00 0.000000000000000000e+00 0.000000000000000000e+00 0.000000000000000000e+00
2.265000000000181313e+00 0.000000000000000000e+00 0.000000000000000000e+00 0.000000000000000000e+00
2.270000000000181650e+00 0.000000000000000000e+00 0.000000000000000000e+00 0.000000000000000000e+00
2.275000000000181988e+00 0.000000000000000000e+00 0.000000000000000000e+00 0.000000000000000000e+00
2.280000000000182325e+00 0.000000000000000000e+00 0.000000000000000000e+00 0.000000000000000000e+00
2.285000000000182663e+00 0.000000000000000000e+00 0.000000000000000000e+00 0.000000000000000000e+00
2.290000000000183000e+00 0.000000000000000000e+00 0.000000000000000000e+00 0.000000000000000000e+00
2.295000000000183338e+00 0.000000000000000000e+00 0.000000000000000000e+00 0.000000000000000000e+00
2.300000000000184119e+00 0.000000000000000000e+00 0.000000000000000000e+00 0.000000000000000000e+00
2.305000000000184457e+00 0.000000000000000000e+00 0.000000000000000000e+00 0.000000000000000000e+00
2.310000000000184794e+00 0.000000000000000000e+00 0.000000000000000000e+00 0.000000000000000000e+00
2.315000000000185132e+00 0.000000000000000000e+00 0.000000000000000000e+00 0.000000000000000000e+00
2.320000000000185469e+00 0.000000000000000000e+00 0.000000000000000000e+00 0.000000000000000000e+00
2.325000000000185807e+00 0.000000000000000000e+00 0.000000000000000000e+00 0.000000000000000000e+00
2.330000000000186144e+00 0.000000000000000000e+00 0.000000000000000000e+00 0.000000000000000000e+00
2.335000000000186926e+00 0.000000000000000000e+00 0.000000000000000000e+00 0.000000000000000000e+00
2.340000000000187264e+00 0.000000000000000000e+00 0.000000000000000000e+00 0.000000000000000000e+00
2.345000000000187601e+00 0.000000000000000000e+00 0.000000000000000000e+00 0.000000000000000000e+00
2.350000000000187939e+00 0.000000000000000000e+00 0.000000000000000000e+00 0.000000000000000000e+00
2.355000000000188276e+00 0.000000000000000000e+00 0.000000000000000000e+00 0.000000000000000000e+00
2.360000000000188614e+00 0.000000000000000000e+00 0.000000000000000000e+00 0.000000000000000000e+00
2.365000000000188951e+00 0.000000000000000000e+00 0.000000000000000000e+00 0.000000000000000000e+00
2.370000000000189733e+00 0.000000000000000000e+00 0.000000000000000000e+00 0.000000000000000000e+00
2.375000000000190070e+00 0.000000000000000000e+00 0.000000000000000000e+00 0.000000000000000000e+00
2.380000000000190408e+00 0.000000000000000000e+00 0.000000000000000000e+00 0.000000000000000000e+00
2.385000000000190745e+00 0.000000000000000000e+00 0.000000000000000000e+00 0.000000000000000000e+00
2.390000000000191083e+00 0.000000000000000000e+00 0.000000000000000000e+00 0.000000000000000000e+00
2.395000000000191420e+00 0.000000000000000000e+00 0.000000000000000000e+00 0.000000000000000000e+00
2.400000000000191758e+00 0.000000000000000000e+00 0.000000000000000000e+00 0.000000000000000000e+00
2.405000000000192539e+00 0.000000000000000000e+00 0.000000000000000000e+00 0.000000000000000000e+00
2.410000000000192877e+00 0.000000000000000000e+00 0.000000000000000000e+00 0.000000000000000000e+00
2.415000000000193214e+00 0.000000000000000000e+00 0.000000000000000000e+00 0.000000000000000000e+00
2.420000000000193552e+00 0.000000000000000000e+00 0.000000000000000000e+00 0.000000000000000000e+00
2.425000000000193889e+00 0.000000000000000000e+00 0.000000000000000000e+00 0.000000000000000000e+00
2.430000000000194227e+00 0.000000000000000000e+00 0.000000000000000000e+00 0.000000000000000000e+00
2.435000000000194564e+00 0.000000000000000000e+00 0.000000000000000000e+00 0.000000000000000000e+00
2.440000000000194902e+00 0.000000000000000000e+00 0.000000000000000000e+00 0.000000000000000000e+00
2.445000000000195683e+00 0.000000000000000000e+00 0.000000000000000000e+00 0.000000000000000000e+00
2.450000000000196021e+00 0.000000000000000000e+00 0.000000000000000000e+00 0.000000000000000000e+00
2.455000000000196358e+00 0.000000000000000000e+00 0.000000000000000000e+00 0.000000000000000000e+00
2.460000000000196696e+00 0.000000000000000000e+00 0.000000000000000000e+00 0.000000000000000000e+00
2.465000000000197034e+00 0.000000000000000000e+00 0.000000000000000000e+00 0.000000000000000000e+00
2.470000000000197371e+00 0.000000000000000000e+00 0.000000000000000000e+00 0.000000000000000000e+00
2.475000000000197709e+00 0.000000000000000000e+00 0.000000000000000000e+00 0.000000000000000000e+00
2.480000000000198490e+00 0.000000000000000000e+00 0.000000000000000000e+00 0.000000000000000000e+00
2.485000000000198828e+00 0.000000000000000000e+00 0.000000000000000000e+00 0.000000000000000000e+00
2.490000000000199165e+00 0.000000000000000000e+00 0.000000000000000000e+00 0.000000000000000000e+00
2.495000000000199503e+00 0.000000000000000000e+00 0.000000000000000000e+00 0.000000000000000000e+00
2.500000000000199840e+00 0.000000000000000000e+00 0.000000000000000000e+00 0.000000000000000000e+00
2.505000000000200178e+00 0.000000000000000000e+00 0.000000000000000000e+00 0.000000000000000000e+00
2.510000000000200515e+00 0.000000000000000000e+00 0.000000000000000000e+00 0.000000000000000000e+00
2.515000000000201297e+00 0.000000000000000000e+00 0.000000000000000000e+00 0.000000000000000000e+00
2.520000000000201634e+00 0.000000000000000000e+00 0.000000000000000000e+00 0.000000000000000000e+00
2.525000000000201972e+00 0.000000000000000000e+00 0.000000000000000000e+00 0.000000000000000000e+00
2.530000000000202309e+00 0.000000000000000000e+00 0.000000000000000000e+00 0.000000000000000000e+00
2.535000000000202647e+00 0.000000000000000000e+00 0.000000000000000000e+00 0.000000000000000000e+00
2.540000000000202984e+00 0.000000000000000000e+00 0.000000000000000000e+00 0.000000000000000000e+00
2.545000000000203322e+00 0.000000000000000000e+00 0.000000000000000000e+00 0.000000000000000000e+00
2.550000000000204103e+00 0.000000000000000000e+00 0.000000000000000000e+00 0.000000000000000000e+00
2.555000000000204441e+00 0.000000000000000000e+00 0.000000000000000000e+00 0.000000000000000000e+00
2.560000000000204778e+00 0.000000000000000000e+00 0.000000000000000000e+00 0.000000000000000000e+00
