5.000000000000399958e-03 4.796374687625710560e-06 0.000000000000000000e+00 0.000000000000000000e+00
1.000000000000079992e-02 4.777142098304454559e-06 4.285558015450536667e-07 5.371150447050131066e-07
1.500000000000119987e-02 4.711174422978697932e-06 7.128366870047680232e-07 1.094197230324149928e-06
2.000000000000159983e-02 4.581977913096166355e-06 9.434946974777436073e-07 1.672300809853428399e-06
2.500000000000199979e-02 4.359254009944575838e-06 1.138444722042872571e-06 2.256014521844092610e-06
3.000000000000239975e-02 4.019712479205128384e-06 1.303419896092984578e-06 2.829468816087384720e-06
3.500000000000279970e-02 3.547864740015175385e-06 1.439485385753226347e-06 3.375213277304944654e-06
4.000000000000319966e-02 2.952969146944807685e-06 1.547434516124748528e-06 3.878843111258390186e-06
4.500000000000359962e-02 2.279406277640998478e-06 1.627675245886146372e-06 4.327468886391897230e-06
5.000000000000399958e-02 1.597535784306953043e-06 1.671682676677691649e-06 4.684883359691707555e-06
5.500000000000439954e-02 9.904509854583789249e-07 1.668896026218941294e-06 4.905356368224276312e-06
6.000000000000479949e-02 5.351766140629891331e-07 1.611664073079319737e-06 4.947776670659865508e-06
6.500000000000519251e-02 2.842438728721074250e-07 1.509469066219991532e-06 4.823261786188633522e-06
7.000000000000558553e-02 2.503667479643503356e-07 1.386318385220327517e-06 4.596972877328298922e-06
7.500000000000600631e-02 3.991264699087197138e-07 1.268697721321855278e-06 4.354604630550681375e-06
8.000000000000639933e-02 6.681096080252049733e-07 1.168938265200519952e-06 4.143778259251115672e-06
8.500000000000679234e-02 9.898196183334165691e-07 1.082110117583549949e-06 3.954038184550283622e-06
9.000000000000718536e-02 1.306604516407741951e-06 1.003712483542004194e-06 3.773901136269886167e-06
9.500000000000760614e-02 1.578462830265042813e-06 9.463949404060074747e-07 3.655898678568004289e-06
1.000000000000079992e-01 1.778493766559840115e-06 9.326998140317828410e-07 3.696594633424362885e-06
1.050000000000083922e-01 1.879655132301577671e-06 9.730532284421376505e-07 3.951765687091941774e-06
1.100000000000087852e-01 1.852675625355903606e-06 1.054131484275750160e-06 4.381785016024426719e-06
1.150000000000092060e-01 1.678911438584087787e-06 1.149524310008445398e-06 4.885702504543297367e-06
1.200000000000095990e-01 1.354579634586522187e-06 1.231775825470520958e-06 5.347887195870302109e-06
1.250000000000099920e-01 8.995424292575853565e-07 1.278786326440290153e-06 5.666474371961252982e-06
1.300000000000103850e-01 3.642445952967572818e-07 1.276934465527344697e-06 5.770324326408114860e-06
1.350000000000107780e-01 -1.761217967913345702e-07 1.224335981816018673e-06 5.638030693615206291e-06
1.400000000000111988e-01 -6.377647977587048265e-07 1.132512939302756245e-06 5.310887831562334856e-06
1.450000000000115918e-01 -9.523462386501283726e-07 1.024377894659602505e-06 4.888821017253594890e-06
1.500000000000119849e-01 -1.086121899889241440e-06 9.265695103254867969e-07 4.497628427580206378e-06
1.550000000000124056e-01 -1.046670927318152949e-06 8.566099194062032951e-07 4.226772632104999641e-06
1.600000000000127987e-01 -8.747925747078705495e-07 8.143503165071759767e-07 4.082547057623346161e-06
1.650000000000131917e-01 -6.240132907941207153e-07 7.875309551652971380e-07 4.009309140011996108e-06
1.700000000000135847e-01 -3.348706411389528725e-07 7.649515917235466922e-07 3.952922974204439446e-06
1.750000000000139777e-01 -2.836822546268783180e-08 7.441831715554967525e-07 3.901744328987543140e-06
1.800000000000143985e-01 2.959480873627730895e-07 7.275266648435502381e-07 3.868522316215346644e-06
1.850000000000147915e-01 6.480907247450503998e-07 7.163712537158714248e-07 3.861748202159948576e-06
1.900000000000151845e-01 1.033513064930144977e-06 7.096657166652235709e-07 3.876953251892141090e-06
1.950000000000156053e-01 1.434754394181149600e-06 7.057195936779407145e-07 3.905794770470443186e-06
2.000000000000159983e-01 1.812255697053566057e-06 7.021175796420425524e-07 3.935362866772379086e-06
2.050000000000163913e-01 2.112308658741224922e-06 6.958299386248507437e-07 3.948571256068956638e-06
2.100000000000167844e-01 2.280774352458800867e-06 6.844056071815794832e-07 3.930819889290759475e-06
2.150000000000171774e-01 2.288442464905651294e-06 6.698662278997770807e-07 3.892846249781232648e-06
2.200000000000175981e-01 2.133410898932949318e-06 6.612061803351080345e-07 3.886943100660922092e-06
2.250000000000179912e-01 1.855165177561669489e-06 6.703406041580699797e-07 3.985168822730235744e-06
2.300000000000183842e-01 1.517139332556562695e-06 7.010901955067962824e-07 4.214031233934149355e-06
2.350000000000188050e-01 1.201729557941833757e-06 7.437041306128731460e-07 4.518497676182312469e-06
2.400000000000191980e-01 9.892304007887561736e-07 7.831795392090420911e-07 4.808691237539214069e-06
2.450000000000195910e-01 9.334480139212022517e-07 8.092059709540517191e-07 5.019980837876562265e-06
2.500000000000199840e-01 1.053668709879258382e-06 8.203052499491272998e-07 5.140500833377036504e-06
2.550000000000203770e-01 1.333065250599548700e-06 8.200519016298834532e-07 5.190047932429430549e-06
2.600000000000207701e-01 1.732413140045736544e-06 8.120528927611109087e-07 5.189564693534133868e-06
2.650000000000211631e-01 2.202834494132682082e-06 7.972183075107019859e-07 5.143516517912723377e-06
2.700000000000216116e-01 2.705440036945473776e-06 7.756934788494341763e-07 5.051634970033260927e-06
2.750000000000220046e-01 3.217926974288546801e-06 7.503120699160925900e-07 4.931377146996329936e-06
2.800000000000223976e-01 3.739639102732831220e-06 7.261747732227784527e-07 4.815929403078067596e-06
2.850000000000227907e-01 4.284788022707899316e-06 7.072754481987345453e-07 4.732285644529787352e-06
2.900000000000231837e-01 4.875829929153818232e-06 6.925009668317706285e-07 4.673898980745669735e-06
2.950000000000235767e-01 5.526521912833820310e-06 6.771671466386018475e-07 4.609638054899806552e-06
3.000000000000239697e-01 6.238978696398126358e-06 6.571132010910207349e-07 4.510874639682615692e-06
3.050000000000244182e-01 7.000701456817968641e-06 6.329645460530694179e-07 4.381161301831382100e-06
3.100000000000248113e-01 7.786565500471358500e-06 6.104811898667767258e-07 4.260034070214631377e-06
3.150000000000252043e-01 8.568679785085149314e-06 5.977326281586902431e-07 4.204575724366784722e-06
3.200000000000255973e-01 9.331874433163913021e-06 5.989071596487258303e-07 4.246141205817244665e-06
3.250000000000259903e-01 1.007954463530959566e-05 6.103385490977735180e-07 4.360862766737431830e-06
3.300000000000263833e-01 1.084023418370729539e-05 6.214843912975703214e-07 4.474527011855131366e-06
3.350000000000267764e-01 1.166479819564846981e-05 6.225182857371648506e-07 4.515797459125613528e-06
3.400000000000271694e-01 1.260623574082964945e-05 6.096522519156609026e-07 4.455347462704912618e-06
3.450000000000275624e-01 1.369586474361694336e-05 5.868754821405969284e-07 4.320315392794010263e-06
3.500000000000280109e-01 1.492549440522437183e-05 5.629661330587241782e-07 4.174228606463165658e-06
3.550000000000284039e-01 1.625134072524015414e-05 5.456156307019651759e-07 4.074374250204381307e-06
3.600000000000287970e-01 1.760676194863782784e-05 5.366797981930070124e-07 4.035770269721713585e-06
3.650000000000291900e-01 1.893374543166226863e-05 5.327070443328443835e-07 4.033618410070996065e-06
3.700000000000295830e-01 2.019848047908907044e-05 5.278108558913911535e-07 4.023825318878618021e-06
3.750000000000299760e-01 2.139931841166367002e-05 5.181450631833724179e-07 3.976737613096402027e-06
3.800000000000303690e-01 2.255136995431505459e-05 5.029092199227505664e-07 3.885450088662748756e-06
3.850000000000308176e-01 2.366218166848651984e-05 4.850360416246176524e-07 3.771935990996159607e-06
3.900000000000312106e-01 2.471320609833115587e-05 4.705952408165172983e-07 3.683322727786420880e-06
3.950000000000316036e-01 2.566269568330629353e-05 4.655577300538772434e-07 3.667178319017027092e-06
4.000000000000319966e-01 2.645794934873479457e-05 4.703647948381086717e-07 3.728419262429603199e-06
4.050000000000323896e-01 2.705350618591412741e-05 4.799311254654132525e-07 3.827950971752808735e-06
4.100000000000327827e-01 2.743887316350184007e-05 4.868146488144300425e-07 3.906748958551809929e-06
4.150000000000331757e-01 2.763365204356414936e-05 4.893044646834299241e-07 3.950600964170398917e-06
4.200000000000335687e-01 2.767608840597278621e-05 4.889548663905976666e-07 3.971488932075186125e-06
4.250000000000339617e-01 2.761506245068758497e-05 4.875195754988099279e-07 3.983331606237955408e-06
4.300000000000344103e-01 2.749505511332765235e-05 4.865698673910274556e-07 3.998889250324630164e-06
4.350000000000348033e-01 2.734718094609007920e-05 4.860518142112971371e-07 4.017789093235448927e-06
4.400000000000351963e-01 2.719267273191284994e-05 4.869302690683500032e-07 4.048116935466285245e-06
4.450000000000355893e-01 2.704321072948414028e-05 4.902004000334470586e-07 4.098393039944236185e-06
4.500000000000359823e-01 2.690344479534155308e-05 4.966450505274725963e-07 4.175536718811150599e-06
4.550000000000363753e-01 2.678409841388089223e-05 5.067928840046636376e-07 4.284460517785302928e-06
4.600000000000367684e-01 2.668470819081632370e-05 5.195188690012080901e-07 4.416113025775080123e-06
4.650000000000372169e-01 2.660876946260948051e-05 5.330313341775052543e-07 4.555532556229021388e-06
4.700000000000376099e-01 2.655562269025950914e-05 5.473614552630262655e-07 4.703087718705046974e-06
4.750000000000380029e-01 2.651939586021600734e-05 5.607897461453660600e-07 4.844029813512199297e-06
4.800000000000383960e-01 2.650019812612389907e-05 5.723219432007854407e-07 4.969594513335966016e-06
4.850000000000387890e-01 2.649561455753093913e-05 5.794568057938197229e-07 5.057686147499980382e-06
4.900000000000391820e-01 2.651077226118424279e-05 5.808532545914255765e-07 5.095941169796275704e-06
4.950000000000395750e-01 2.654350020565258029e-05 5.750521311786518534e-07 5.070721463929135043e-06
5.000000000000399680e-01 2.659759769233490135e-05 5.624881349544559523e-07 4.984921304443634040e-06
5.050000000000404166e-01 2.668696066519534059e-05 5.480724194688191808e-07 4.881390766196602419e-06
5.100000000000408651e-01 2.681584882218504562e-05 5.353601363293561764e-07 4.791715850779329508e-06
5.150000000000412026e-01 2.700275449647540163e-05 5.265618569579477634e-07 4.736013695055818067e-06
5.200000000000416511e-01 2.726719912280822317e-05 5.203952614354684156e-07 4.703216206429962235e-06
5.250000000000419886e-01 2.764047207330665358e-05 5.144446174396582338e-07 4.671735193663938903e-06
5.300000000000424372e-01 2.815201549265739992e-05 5.082017148903516233e-07 4.636966939929073445e-06
5.350000000000428857e-01 2.885551302536007226e-05 5.028648928248405802e-07 4.609864352241872771e-06
5.400000000000432232e-01 2.982008935203460349e-05 4.983415799833346416e-07 4.589696236294962047e-06
5.450000000000436717e-01 3.116597856370802183e-05 4.940358807873527849e-07 4.571057470953085117e-06
5.500000000000440092e-01 3.306406376364253959e-05 4.889893724311455785e-07 4.545071332600776424e-06
5.550000000000444578e-01 3.575852396545267593e-05 4.849381077056707340e-07 4.527857428901196080e-06
5.600000000000447953e-01 3.954938544473203684e-05 4.834835020493107478e-07 4.534564787181462431e-06
5.650000000000452438e-01 4.476186652449302918e-05 4.868323187771847742e-07 4.586311663546822543e-06
5.700000000000456923e-01 5.169730107621293454e-05 4.946333302590565422e-07 4.680376000589498808e-06
5.750000000000460298e-01 6.057436831071824097e-05 5.066184163335844884e-07 4.814762106506698939e-06
5.800000000000464784e-01 7.148546970454581746e-05 5.191380834712876590e-07 4.955150216658166034e-06
5.850000000000468159e-01 8.436164567572371708e-05 5.275973138917086743e-07 5.057553055318011888e-06
5.900000000000472644e-01 9.899053517636890488e-05 5.300065216409071076e-07 5.102313718100244067e-06
5.950000000000476019e-01 1.150673163067436161e-04 5.256818119186325210e-07 5.082078540036769370e-06
6.000000000000480505e-01 1.322483056296549239e-04 5.175012693505694330e-07 5.023969371757861185e-06
6.050000000000484990e-01 1.502251825791815971e-04 5.089545958556352619e-07 4.961541933482295711e-06
6.100000000000488365e-01 1.687497824189449478e-04 5.055640448449480690e-07 4.948812912769286536e-06
6.150000000000492850e-01 1.876615633537556172e-04 5.077295513650442740e-07 4.990337724234574280e-06
6.200000000000496225e-01 2.068708994615747775e-04 5.131782155676738350e-07 5.064353302043295629e-06
6.250000000000500711e-01 2.263330450968687878e-04 5.175368112084666006e-07 5.127919428446416246e-06
6.300000000000504086e-01 2.460240965828460651e-04 5.191629280003719848e-07 5.164566648705497765e-06
6.350000000000508571e-01 2.659073490076137303e-04 5.195944567480496038e-07 5.189330252269589903e-06
6.400000000000511946e-01 2.859159048013702503e-04 5.213204544190042940e-07 5.227026364760840165e-06
6.450000000000516431e-01 3.059530468991468141e-04 5.251208052844719274e-07 5.285657535417869168e-06
6.500000000000520917e-01 3.258911172621303722e-04 5.298021885237807053e-07 5.353408261457628677e-06
6.550000000000524292e-01 3.455792403223064812e-04 5.332226957509592825e-07 5.408654184838651787e-06
6.600000000000528777e-01 3.648701678168530735e-04 5.325433531229349899e-07 5.422341608604503595e-06
6.650000000000532152e-01 3.836301278449209405e-04 5.264492236034639576e-07 5.380557175431369286e-06
6.700000000000536637e-01 4.017455900812746516e-04 5.139304992829704743e-07 5.272319635590967771e-06
6.750000000000540012e-01 4.191340902623706460e-04 4.951872619724274859e-07 5.098956294478448965e-06
6.800000000000544498e-01 4.357438558787055192e-04 4.715051863229322365e-07 4.873050016859234386e-06
6.850000000000547873e-01 4.515404766299771348e-04 4.447608771051855293e-07 4.613513569153130375e-06
6.900000000000552358e-01 4.665040482805507993e-04 4.179202996307764878e-07 4.350888467145975874e-06
6.950000000000556843e-01 4.806195297960368486e-04 3.950829163655854067e-07 4.128008584145329594e-06
7.000000000000560219e-01 4.938633575737204004e-04 3.813035072628107879e-07 3.998340338645470350e-06
7.050000000000564704e-01 5.062045193263501599e-04 3.794710903018188885e-07 3.993311530186929643e-06
7.100000000000568079e-01 5.176061835084625395e-04 3.886194770014027962e-07 4.104059758585137288e-06
7.150000000000572564e-01 5.280252140248296519e-04 4.039811674099410168e-07 4.281284408702530154e-06
7.200000000000575939e-01 5.374193546625161784e-04 4.195592922551287115e-07 4.461896899444952633e-06
7.250000000000580425e-01 5.457553357865714896e-04 4.309911360136650384e-07 4.599358689232688343e-06
7.300000000000584910e-01 5.530018803886870959e-04 4.362631430097648965e-07 4.671645637645720892e-06
7.350000000000588285e-01 5.591328604939066515e-04 4.350058144863435390e-07 4.674107214797041038e-06
7.400000000000592770e-01 5.641275532005806011e-04 4.283064934790528627e-07 4.617750426435122966e-06
7.450000000000596145e-01 5.679728206156948924e-04 4.187511826009037154e-07 4.529957436851302003e-06
7.500000000000600631e-01 5.706458178817827489e-04 4.092138671897014407e-07 4.441615015216802219e-06
7.550000000000604006e-01 5.721263733435709604e-04 4.020912838195442578e-07 4.378829883491461633e-06
7.600000000000608491e-01 5.723966917816602487e-04 3.982941882685537017e-07 4.351817798593060250e-06
7.650000000000612976e-01 5.714489035984606034e-04 3.962254110589888283e-07 4.343431540539337487e-06
7.700000000000616351e-01 5.692980491232097146e-04 3.946491079595500445e-07 4.340266797964619247e-06
7.750000000000620837e-01 5.659999646178124656e-04 3.932441046942382132e-07 4.338833757048634327e-06
7.800000000000624212e-01 5.616687160173500963e-04 3.930498873926278318e-07 4.350657707295305877e-06
7.850000000000628697e-01 5.564707413690198751e-04 3.953267019111651246e-07 4.389862487438712322e-06
7.900000000000632072e-01 5.506114231786196460e-04 4.011597117320104100e-07 4.468798727826848610e-06
7.950000000000636557e-01 5.443344633065163576e-04 4.091921214631150434e-07 4.572679536292436172e-06
8.000000000000639933e-01 5.378775087213010604e-04 4.164301705886273473e-07 4.668174896784881094e-06
8.050000000000644418e-01 5.314508456631837283e-04 4.196466445702203347e-07 4.718909338715395168e-06
8.100000000000648903e-01 5.252165228762958708e-04 4.175946882691886932e-07 4.710395938280889805e-06
8.150000000000652278e-01 5.192809616852489063e-04 4.110136955098641065e-07 4.650450609325389051e-06
8.200000000000656764e-01 5.137035542760317675e-04 4.025217633277324229e-07 4.568316987794847091e-06
8.250000000000660139e-01 5.085010958688028753e-04 3.948989066635811464e-07 4.495446609681250142e-06
8.300000000000664624e-01 5.036679125451862943e-04 3.892087329589382636e-07 4.444076855525896440e-06
8.350000000000667999e-01 4.991843155196261156e-04 3.856819499499961804e-07 4.417051780514290051e-06
8.400000000000672484e-01 4.950245678868256134e-04 3.832927845475607699e-07 4.402812849899576023e-06
8.450000000000675859e-01 4.911597587754806165e-04 3.820299216519151144e-07 4.401347637655127905e-06
8.500000000000680345e-01 4.875601573378168753e-04 3.825543059602853222e-07 4.420409423113568529e-06
8.550000000000684830e-01 4.842076313743808990e-04 3.845047606447612583e-07 4.455995228824555484e-06
8.600000000000688205e-01 4.810912883799424900e-04 3.870209441458210270e-07 4.498250451373002529e-06
8.650000000000692690e-01 4.782151292297717824e-04 3.883695051419840902e-07 4.527027304501499376e-06
8.700000000000696065e-01 4.755899952849310802e-04 3.869366131353225576e-07 4.523341643056795182e-06
8.750000000000700551e-01 4.732261516671889927e-04 3.818296965539674165e-07 4.476449272195678208e-06
8.800000000000703926e-01 4.711250852653898818e-04 3.744379985284389745e-07 4.402315762589437922e-06
8.850000000000708411e-01 4.692775321691255389e-04 3.668981344221596234e-07 4.325905991777455734e-06
8.900000000000712896e-01 4.676563390116327814e-04 3.623521072922428099e-07 4.284357802231871072e-06
8.950000000000716271e-01 4.662442230581140701e-04 3.624895850233860391e-07 4.298005720619174913e-06
9.000000000000720757e-01 4.650340906924660357e-04 3.678800552446377500e-07 4.374087195587815881e-06
9.050000000000724132e-01 4.640271568666254776e-04 3.767891156704008427e-07 4.492443014795628993e-06
9.100000000000728617e-01 4.632249680281698119e-04 3.872027444487050903e-07 4.629339818960634573e-06
9.150000000000731992e-01 4.626346904040978402e-04 3.964184021781779057e-07 4.752523710547621683e-06
9.200000000000736478e-01 4.622467620569579343e-04 4.024203782737943154e-07 4.837643013939211444e-06
9.250000000000740963e-01 4.620420605074185933e-04 4.027625456826759004e-07 4.854895452587387606e-06
9.300000000000744338e-01 4.619907859405693665e-04 3.966911647756813545e-07 4.794617217832742547e-06
9.350000000000748823e-01 4.620574839327084519e-04 3.859348675072636156e-07 4.677133442632491835e-06
9.400000000000752198e-01 4.622022296976312943e-04 3.747008119445913076e-07 4.553113740648504465e-06
9.450000000000756684e-01 4.623929493279667693e-04 3.675888249659679606e-07 4.478557378976944045e-06
9.500000000000760059e-01 4.626005678955050584e-04 3.674359004828784120e-07 4.488521689532096462e-06
9.550000000000764544e-01 4.628074835590395737e-04 3.734169402027302771e-07 4.573573262623197211e-06
9.600000000000767919e-01 4.630042730068637392e-04 3.817370772081494665e-07 4.687700958246548748e-06
9.650000000000772404e-01 4.631791202303465441e-04 3.891111244896440405e-07 4.790680881284700619e-06
9.700000000000776890e-01 4.633332787416340128e-04 3.939918548829818179e-07 4.863322270459696835e-06
9.750000000000780265e-01 4.634658019579377015e-04 3.957294622784591345e-07 4.897344230372938690e-06
9.800000000000784750e-01 4.635620548069389261e-04 3.948880283298575568e-07 4.899445645428394040e-06
9.850000000000788125e-01 4.636034211960076909e-04 3.920229977547806880e-07 4.876290822791438114e-06
9.900000000000792610e-01 4.635623208838420039e-04 3.871782087461205799e-07 4.828235468501953537e-06
9.950000000000795985e-01 4.634076815044350147e-04 3.808242415837971533e-07 4.760976795156132340e-06
1.000000000000079936e+00 4.631121891052733313e-04 3.744247037765747357e-07 4.692717746033682032e-06
1.005000000000080274e+00 4.626673285580344512e-04 3.705969086197459001e-07 4.656340828156911242e-06
1.010000000000080833e+00 4.620757901826657698e-04 3.712724622194431013e-07 4.676418432132992404e-06
1.015000000000081171e+00 4.613515789342602673e-04 3.773348109988444217e-07 4.764527440070773295e-06
1.020000000000081508e+00 4.605041083757645064e-04 3.865215291675696766e-07 4.892532434370258303e-06
1.025000000000081846e+00 4.595347975950313029e-04 3.960269145049245014e-07 5.025121575683269699e-06
1.030000000000082405e+00 4.584173486918852874e-04 4.021658376225798509e-07 5.115448622178118913e-06
1.035000000000082743e+00 4.571135687528565372e-04 4.027287164306996916e-07 5.135026762076535625e-06
1.040000000000083080e+00 4.555808069795243536e-04 3.968608428659357632e-07 5.072415939263528289e-06
1.045000000000083418e+00 4.537809318757364974e-04 3.860004547408589501e-07 4.945450964208891791e-06
1.050000000000083977e+00 4.516941900620824349e-04 3.724136228628046948e-07 4.782777165418556503e-06
1.055000000000084315e+00 4.493224750872821150e-04 3.590057169013529130e-07 4.621548689033512478e-06
1.060000000000084652e+00 4.466877492513115751e-04 3.478136857090110087e-07 4.488069129236314989e-06
1.065000000000085212e+00 4.438119833156172010e-04 3.406678981531653059e-07 4.406217727328553795e-06
1.070000000000085549e+00 4.407173949555985288e-04 3.375540671886873203e-07 4.376179955031797561e-06
1.075000000000085887e+00 4.374163032523041149e-04 3.384511501177502910e-07 4.398050025132233447e-06
1.080000000000086224e+00 4.339107049970783729e-04 3.428381262012920823e-07 4.465405768134069449e-06
1.085000000000086784e+00 4.301984165373874442e-04 3.495016759624588027e-07 4.562722647316862370e-06
1.090000000000087121e+00 4.262710369067369831e-04 3.581904387767791418e-07 4.686916069196676522e-06
1.095000000000087459e+00 4.221295628681435161e-04 3.672103233041854903e-07 4.815949009468648222e-06
1.100000000000088018e+00 4.177697422371976117e-04 3.759840182938605840e-07 4.942260879949699440e-06
1.105000000000088356e+00 4.131919381369666923e-04 3.824615695810279399e-07 5.038820418170533242e-06
1.110000000000088693e+00 4.083920613521445993e-04 3.858026727756724647e-07 5.094325140468611458e-06
1.115000000000089031e+00 4.033700166143350252e-04 3.856385163394390512e-07 5.103613476419152462e-06
1.120000000000089591e+00 3.981303267135990575e-04 3.831188004204234734e-07 5.081622672261783846e-06
1.125000000000089928e+00 3.926724114347682508e-04 3.788924715850189654e-07 5.036770652550018779e-06
1.130000000000090266e+00 3.870117283373510270e-04 3.736810651210181320e-07 4.978519957445337879e-06
1.135000000000090825e+00 3.811606636434644721e-04 3.663798558728050158e-07 4.892033887363121883e-06
1.140000000000091163e+00 3.751298736293162206e-04 3.565582198156980314e-07 4.771366938779434522e-06
1.145000000000091500e+00 3.689343765990836933e-04 3.446212699981714935e-07 4.621732020645094200e-06
1.150000000000091838e+00 3.625764396642791381e-04 3.338981398124080580e-07 4.487690093951878466e-06
1.155000000000092397e+00 3.560660344007923164e-04 3.267734850715284347e-07 4.401469943962109193e-06
1.160000000000092735e+00 3.494073951470662558e-04 3.248318260737324552e-07 4.384776956329064447e-06
1.165000000000093072e+00 3.426118321654896643e-04 3.261997408571941721e-07 4.412721440971455277e-06
1.170000000000093632e+00 3.356930834323967601e-04 3.284402027165238972e-07 4.452553853003475102e-06
1.175000000000093969e+00 3.286652412643292190e-04 3.302248748687998413e-07 4.486303558777457794e-06
1.180000000000094307e+00 3.215413326546626626e-04 3.316719755308657457e-07 4.515540270198105734e-06
1.185000000000094644e+00 3.143311844483553485e-04 3.341076328284015625e-07 4.558327358964859015e-06
1.190000000000095204e+00 3.070411409013660718e-04 3.377163331073581123e-07 4.617272266268301722e-06
1.195000000000095541e+00 2.996733970911564268e-04 3.420698318295940882e-07 4.686608385936945046e-06
1.200000000000095879e+00 2.922392480814257009e-04 3.457296050264142023e-07 4.746649146332147647e-06
1.205000000000096438e+00 2.847593142640853382e-04 3.483759172065985477e-07 4.792935527697033692e-06
1.210000000000096776e+00 2.772568468147974590e-04 3.489331187590097298e-07 4.810550917901000683e-06
1.215000000000097113e+00 2.697623807072607434e-04 3.464979632202160279e-07 4.786838370166337489e-06
1.220000000000097451e+00 2.622970712079964080e-04 3.399698075001076619e-07 4.706306454913686031e-06
1.225000000000098010e+00 2.548780676851140729e-04 3.301423419778946526e-07 4.579617546198173596e-06
1.230000000000098348e+00 2.475114169749541944e-04 3.193813535758981009e-07 4.439377242411949008e-06
1.235000000000098686e+00 2.401895581954488479e-04 3.115560089041432867e-07 4.339398645759697465e-06
1.240000000000099023e+00 2.328906443381836941e-04 3.101596667678347566e-07 4.328686189088753314e-06
1.245000000000099583e+00 2.255764658605402312e-04 3.172379960127615939e-07 4.436390963585760482e-06
1.250000000000099920e+00 2.181802469296067820e-04 3.342172814428580155e-07 4.683212317139220883e-06
1.255000000000100258e+00 2.106121090422514606e-04 3.670399954047705937e-07 5.153415889769465914e-06
1.260000000000100817e+00 2.027583695308911695e-04 4.284079405085444478e-07 6.027021253087696681e-06
1.265000000000101155e+00 1.945012250997135814e-04 5.389245545298062576e-07 7.596843376500258990e-06
1.270000000000101492e+00 1.857311957343020720e-04 7.184816512321283393e-07 1.014793041281198999e-05
1.275000000000101830e+00 1.763904534681918807e-04 9.757006416796000813e-07 1.380802680681154038e-05
1.280000000000102389e+00 1.664980908263428972e-04 1.303823268328848505e-06 1.848773258279820728e-05
1.285000000000102727e+00 1.482605492563746964e-04 3.310294438267149357e-06 4.703034089572105707e-05
1.290000000000103064e+00 1.341852940393173529e-04 3.925829938317615897e-06 5.588384459644580080e-05
1.295000000000103624e+00 1.231512935298766207e-04 4.127409610995541957e-06 5.886706643576579439e-05
1.300000000000103961e+00 1.136490080661954123e-04 4.180460761632764424e-06 5.973869980901598938e-05
1.305000000000104299e+00 1.050666786691863467e-04 4.159652638454893640e-06 5.955555273899239543e-05
1.310000000000104636e+00 9.726837629140668929e-05 4.086087561885302554e-06 5.861425580637859376e-05
1.315000000000105196e+00 8.990559965003477373e-05 3.992201656138080504e-06 5.737666288419015332e-05
1.320000000000105533e+00 8.324393027069510072e-05 3.866070589280716104e-06 5.566941832716910699e-05
1.325000000000105871e+00 7.696768266157123024e-05 3.731676280822862994e-06 5.383588289263089389e-05
1.330000000000106430e+00 7.110786902467328965e-05 3.591038294154262705e-06 5.190459364888967263e-05
1.335000000000106768e+00 6.585445971948501059e-05 3.435840909830195470e-06 4.975464338565628683e-05
1.340000000000107105e+00 6.093308761811146363e-05 3.282570167446578231e-06 4.762405333685389857e-05
1.345000000000107443e+00 5.635798197640197606e-05 3.132621665621448175e-06 4.553328964477477091e-05
1.350000000000108002e+00 5.211528944577738937e-05 2.986390441131464021e-06 4.348839799132295697e-05
1.355000000000108340e+00 4.817387892263313434e-05 2.843770913946553849e-06 4.148816188870104609e-05
1.360000000000108678e+00 4.468424380989983514e-05 2.698101776654797692e-06 3.943553350936050732e-05
1.365000000000109015e+00 4.140256125812643542e-05 2.557321832726216887e-06 3.744653610215842776e-05
1.370000000000109575e+00 3.814157288691481351e-05 2.426305219262664434e-06 3.559308686798870312e-05
1.375000000000109912e+00 3.525470056249889299e-05 2.293522083999789302e-06 3.370654307896179120e-05
1.380000000000110250e+00 3.255502871117090804e-05 2.164949276303401101e-06 3.187478082715709598e-05
1.385000000000110809e+00 3.002191645075988070e-05 2.040469082688122431e-06 3.009642034827098624e-05
1.390000000000111147e+00 2.764336373871861498e-05 1.920320789849268250e-06 2.837534315623696201e-05
1.395000000000111484e+00 2.551914352514228924e-05 1.801121379413936263e-06 2.666183421813489982e-05
1.400000000000111822e+00 2.342870428454132744e-05 1.689742198951323529e-06 2.505788469401528556e-05
1.405000000000112381e+00 2.146028826457265436e-05 1.582197592566798469e-06 2.350492230637989710e-05
1.410000000000112719e+00 1.970856771694803555e-05 1.475956166800847369e-06 2.196559413611380579e-05
1.415000000000113056e+00 1.796979000464081011e-05 1.375990265775415660e-06 2.051414968086913673e-05
1.420000000000113616e+00 1.642662052358097270e-05 1.278342536690412570e-06 1.909199671472537621e-05
1.425000000000113953e+00 1.499085778141314367e-05 1.185143743054303767e-06 1.773121103225571666e-05
1.430000000000114291e+00 1.354609421028624521e-05 1.096498939846749477e-06 1.643373098237185830e-05
1.435000000000114628e+00 1.226991686975489369e-05 1.010371719311001384e-06 1.516935345244083502e-05
1.440000000000115188e+00 1.109510034744336200e-05 9.295393206008816448e-07 1.398005726039732088e-05
1.445000000000115525e+00 9.923566984745643777e-06 8.534918744883241521e-07 1.285858715705439297e-05
1.450000000000115863e+00 8.919323292804431943e-06 7.827019456184066866e-07 1.181246005773736191e-05
1.455000000000116422e+00 8.030612471398433134e-06 7.188316197272687703e-07 1.086722371507513739e-05
1.460000000000116760e+00 7.252214256886335952e-06 6.625099680353583954e-07 1.003295313006322035e-05
1.465000000000117097e+00 6.565832315758910503e-06 6.125980306528406058e-07 9.292965978144714567e-06
1.470000000000117435e+00 5.978179652893718103e-06 5.689862968884363664e-07 8.646103163353991840e-06
1.475000000000117995e+00 5.408921653192023730e-06 5.283956017083861714e-07 8.042945810086502023e-06
1.480000000000118332e+00 4.896346056605087535e-06 4.907624912420570472e-07 7.482765902875185714e-06
1.485000000000118670e+00 4.370467576309365265e-06 4.536392974559679158e-07 6.928414062824046165e-06
1.490000000000119229e+00 3.867143867935014884e-06 4.170251773616226087e-07 6.379921696321387628e-06
1.495000000000119567e+00 3.422993966320720993e-06 3.806524648263066881e-07 5.833231080893796355e-06
1.500000000000119904e+00 2.994097437039984796e-06 3.459976420660000370e-07 5.311029420189920932e-06
1.505000000000120242e+00 2.612669832113172318e-06 3.118183811255181057e-07 4.794351826756693231e-06
1.510000000000120801e+00 2.309499081358447855e-06 2.824790009735515035e-07 4.350453998199072535e-06
1.515000000000121139e+00 2.060653681261014928e-06 2.556754115726802992e-07 3.944166305567876646e-06
1.520000000000121476e+00 1.855634169101330375e-06 2.355154338570179410e-07 3.639159622095445885e-06
1.525000000000122036e+00 1.672984440965529682e-06 2.189362753593794441e-07 3.388539759102294640e-06
1.530000000000122373e+00 1.537452677007956249e-06 2.075713679342784600e-07 3.217904131341367392e-06
1.535000000000122711e+00 1.400373034830994782e-06 1.983815763730224902e-07 3.080459230528816754e-06
1.540000000000123048e+00 1.260872296461022197e-06 1.918244366949965197e-07 2.983487554033751150e-06
1.545000000000123608e+00 1.150207813869461197e-06 1.888005253333856516e-07 2.941219108112821999e-06
1.550000000000123945e+00 1.037993350266732444e-06 1.862885544149937388e-07 2.906778640242735373e-06
1.555000000000124283e+00 9.489497921309074833e-07 1.859804269016320676e-07 2.906647560290365423e-06
1.560000000000124620e+00 8.514032458584647481e-07 1.846077712098459781e-07 2.889829477422778224e-06
1.565000000000125180e+00 7.936879219361457211e-07 1.836535723995901161e-07 2.879496069431311457e-06
1.570000000000125517e+00 7.384818687373054198e-07 1.798595360667839503e-07 2.824510760302584186e-06
1.575000000000125855e+00 6.604492795132435139e-07 1.757173495553746284e-07 2.763852496285357318e-06
1.580000000000126414e+00 6.111511004105399651e-07 1.712595458358567745e-07 2.698008229146044506e-06
1.585000000000126752e+00 5.623177707867486389e-07 1.656509428529690404e-07 2.613776710383135739e-06
1.590000000000127089e+00 5.032166395489228906e-07 1.602081290789855236e-07 2.531879599052079462e-06
1.595000000000127427e+00 4.899782352432147118e-07 1.555209159900616233e-07 2.461665775564226136e-06
1.600000000000127987e+00 4.842333600034610309e-07 1.497852970904359935e-07 2.374592626954299750e-06
1.605000000000128324e+00 4.498575338424128364e-07 1.413044523932152507e-07 2.243640667196940484e-06
1.610000000000128662e+00 4.447717651716729602e-07 1.345132506123786837e-07 2.139133772554412805e-06
1.615000000000129221e+00 4.067832856334402474e-07 1.267460288840766737e-07 2.018740812048709547e-06
1.620000000000129559e+00 3.419924246863360392e-07 1.169306121367967064e-07 1.865287023935515911e-06
1.625000000000129896e+00 2.936110376563180757e-07 1.102593065212218364e-07 1.761577999896428649e-06
1.630000000000130234e+00 2.209361790160776131e-07 1.024815148679986155e-07 1.639831698377611476e-06
1.635000000000130793e+00 1.713916920688221928e-07 9.688590073198315470e-08 1.552670844999876956e-06
1.640000000000131131e+00 1.292075193699703100e-07 9.348001679679125988e-08 1.500377850813123229e-06
1.645000000000131468e+00 9.689596251580847288e-08 9.131671447238714251e-08 1.467888834631831418e-06
1.650000000000132028e+00 9.577300025062679871e-08 9.085378289445782314e-08 1.462665189005012978e-06
1.655000000000132365e+00 9.897052055408811037e-08 9.238354074476524733e-08 1.489544700882410164e-06
1.660000000000132703e+00 9.963957120355971534e-08 9.173826474115915135e-08 1.481373268777434294e-06
1.665000000000133040e+00 1.162396616174383159e-07 9.185272876674043234e-08 1.485453701576634920e-06
1.670000000000133600e+00 1.174232681544574354e-07 8.724606853347688234e-08 1.413071183713577655e-06
1.675000000000133937e+00 1.283400379806971005e-07 8.327643480771936562e-08 1.350795074250170305e-06
1.680000000000134275e+00 1.411857907862166801e-07 7.826241886594603873e-08 1.271357958324285056e-06
1.685000000000134612e+00 1.250240723806891559e-07 7.578834584578954016e-08 1.232997850227069548e-06
1.690000000000135172e+00 1.068251418115504863e-07 7.289186909391517815e-08 1.187633330399858271e-06
1.695000000000135509e+00 7.457794940075038013e-08 7.307810362682335059e-08 1.192427707103628166e-06
1.700000000000135847e+00 5.213232984948613553e-08 7.349711836529352410e-08 1.201032365735641978e-06
1.705000000000136406e+00 4.786290072886998274e-08 7.367329441439244161e-08 1.205680454690843023e-06
1.710000000000136744e+00 4.143339006383544337e-08 7.387805603307698021e-08 1.210802901372324930e-06
1.715000000000137081e+00 3.381374436581916877e-08 7.224637854614649435e-08 1.185790817771936043e-06
1.720000000000137419e+00 3.569347182917415288e-08 7.291690201120836902e-08 1.198539552739152873e-06
1.725000000000137979e+00 4.533918166724788942e-08 7.196280768014212037e-08 1.184575067503529677e-06
1.730000000000138316e+00 3.930003826041438355e-08 6.976200136653416174e-08 1.150010806646090287e-06
1.735000000000138654e+00 1.390040491989938846e-08 6.420312341250830647e-08 1.059902300094317000e-06
1.740000000000139213e+00 8.789883130812155634e-09 6.021299407218334308e-08 9.954622276097495049e-07
1.745000000000139551e+00 -2.993375032028258282e-09 5.306370170679109039e-08 8.785271694915066636e-07
1.750000000000139888e+00 -1.319441273943017093e-08 4.940422328623002717e-08 8.191115291173753887e-07
1.755000000000140226e+00 -3.422866737799576966e-08 4.653579252364288883e-08 7.726549894893048003e-07
1.760000000000140785e+00 -5.115774456421231721e-08 4.488068294940163808e-08 7.462351973738693693e-07
1.765000000000141123e+00 -5.784420412586534109e-08 3.908557681454625644e-08 6.508019101019488038e-07
1.770000000000141460e+00 -4.440451206376703201e-08 3.275622117513059981e-08 5.461857517282278295e-07
1.775000000000142020e+00 -3.576279815083377989e-08 2.856911639015211038e-08 4.770412403824094753e-07
1.780000000000142357e+00 -4.104724753754756240e-08 2.774672021347808459e-08 4.639611269041786488e-07
1.785000000000142695e+00 -4.083282725708891249e-08 2.592711729024621758e-08 4.341434779676749583e-07
1.790000000000143032e+00 -3.268152612095968195e-08 2.246714344381315109e-08 3.767335622355212331e-07
1.795000000000143592e+00 -3.528498938421623047e-08 2.195181020212875527e-08 3.686060881572280691e-07
1.800000000000143929e+00 -2.556810179699442972e-08 1.892959669071437510e-08 3.183006695442408267e-07
1.805000000000144267e+00 -8.249905309085057690e-09 8.513636557397744343e-09 1.433552650630170649e-07
1.810000000000144826e+00 0.000000000000000000e+00 0.000000000000000000e+00 0.000000000000000000e+00
1.815000000000145164e+00 0.000000000000000000e+00 0.000000000000000000e+00 0.000000000000000000e+00
1.820000000000145501e+00 0.000000000000000000e+00 0.000000000000000000e+00 0.000000000000000000e+00
1.825000000000145839e+00 0.000000000000000000e+00 0.000000000000000000e+00 0.000000000000000000e+00
1.830000000000146398e+00 0.000000000000000000e+00 0.000000000000000000e+00 0.000000000000000000e+00
1.835000000000146736e+00 0.000000000000000000e+00 0.000000000000000000e+00 0.000000000000000000e+00
1.840000000000147073e+00 0.000000000000000000e+00 0.000000000000000000e+00 0.000000000000000000e+00
1.845000000000147633e+00 0.000000000000000000e+00 0.000000000000000000e+00 0.000000000000000000e+00
1.850000000000147971e+00 0.000000000000000000e+00 0.000000000000000000e+00 0.000000000000000000e+00
1.855000000000148308e+00 0.000000000000000000e+00 0.000000000000000000e+00 0.000000000000000000e+00
1.860000000000148646e+00 0.000000000000000000e+00 0.000000000000000000e+00 0.000000000000000000e+00
1.865000000000149205e+00 0.000000000000000000e+00 0.000000000000000000e+00 0.000000000000000000e+00
1.870000000000149543e+00 0.000000000000000000e+00 0.000000000000000000e+00 0.000000000000000000e+00
1.875000000000149880e+00 0.000000000000000000e+00 0.000000000000000000e+00 0.000000000000000000e+00
1.880000000000150218e+00 0.000000000000000000e+00 0.000000000000000000e+00 0.000000000000000000e+00
1.885000000000150777e+00 0.000000000000000000e+00 0.000000000000000000e+00 0.000000000000000000e+00
1.890000000000151115e+00 0.000000000000000000e+00 0.000000000000000000e+00 0.000000000000000000e+00
1.895000000000151452e+00 0.000000000000000000e+00 0.000000000000000000e+00 0.000000000000000000e+00
1.900000000000152012e+00 0.000000000000000000e+00 0.000000000000000000e+00 0.000000000000000000e+00
1.905000000000152349e+00 0.000000000000000000e+00 0.000000000000000000e+00 0.000000000000000000e+00
1.910000000000152687e+00 0.000000000000000000e+00 0.000000000000000000e+00 0.000000000000000000e+00
1.915000000000153024e+00 0.000000000000000000e+00 0.000000000000000000e+00 0.000000000000000000e+00
1.920000000000153584e+00 0.000000000000000000e+00 0.000000000000000000e+00 0.000000000000000000e+00
1.925000000000153921e+00 0.000000000000000000e+00 0.000000000000000000e+00 0.000000000000000000e+00
1.930000000000154259e+00 0.000000000000000000e+00 0.000000000000000000e+00 0.000000000000000000e+00
1.935000000000154818e+00 0.000000000000000000e+00 0.000000000000000000e+00 0.000000000000000000e+00
1.940000000000155156e+00 0.000000000000000000e+00 0.000000000000000000e+00 0.000000000000000000e+00
1.945000000000155493e+00 0.000000000000000000e+00 0.000000000000000000e+00 0.000000000000000000e+00
1.950000000000155831e+00 0.000000000000000000e+00 0.000000000000000000e+00 0.000000000000000000e+00
1.955000000000156390e+00 0.000000000000000000e+00 0.000000000000000000e+00 0.000000000000000000e+00
1.960000000000156728e+00 0.000000000000000000e+00 0.000000000000000000e+00 0.000000000000000000e+00
1.965000000000157065e+00 0.000000000000000000e+00 0.000000000000000000e+00 0.000000000000000000e+00
1.970000000000157625e+00 0.000000000000000000e+00 0.000000000000000000e+00 0.000000000000000000e+00
1.975000000000157963e+00 0.000000000000000000e+00 0.000000000000000000e+00 0.000000000000000000e+00
1.980000000000158300e+00 0.000000000000000000e+00 0.000000000000000000e+00 0.000000000000000000e+00
1.985000000000158638e+00 0.000000000000000000e+00 0.000000000000000000e+00 0.000000000000000000e+00
1.990000000000159197e+00 0.000000000000000000e+00 0.000000000000000000e+00 0.000000000000000000e+00
1.995000000000159535e+00 0.000000000000000000e+00 0.000000000000000000e+00 0.000000000000000000e+00
2.000000000000159872e+00 0.000000000000000000e+00 0.000000000000000000e+00 0.000000000000000000e+00
2.005000000000160210e+00 0.000000000000000000e+00 0.000000000000000000e+00 0.000000000000000000e+00
2.010000000000160547e+00 0.000000000000000000e+00 0.000000000000000000e+00 0.000000000000000000e+00
2.015000000000161329e+00 0.000000000000000000e+00 0.000000000000000000e+00 0.000000000000000000e+00
2.020000000000161666e+00 0.000000000000000000e+00 0.000000000000000000e+00 0.000000000000000000e+00
2.025000000000162004e+00 0.000000000000000000e+00 0.000000000000000000e+00 0.000000000000000000e+00
2.030000000000162341e+00 0.000000000000000000e+00 0.000000000000000000e+00 0.000000000000000000e+00
2.035000000000162679e+00 0.000000000000000000e+00 0.000000000000000000e+00 0.000000000000000000e+00
2.040000000000163016e+00 0.000000000000000000e+00 0.000000000000000000e+00 0.000000000000000000e+00
2.045000000000163354e+00 0.000000000000000000e+00 0.000000000000000000e+00 0.000000000000000000e+00
2.050000000000164135e+00 0.000000000000000000e+00 0.000000000000000000e+00 0.000000000000000000e+00
2.055000000000164473e+00 0.000000000000000000e+00 0.000000000000000000e+00 0.000000000000000000e+00
2.060000000000164810e+00 0.000000000000000000e+00 0.000000000000000000e+00 0.000000000000000000e+00
2.065000000000165148e+00 0.000000000000000000e+00 0.000000000000000000e+00 0.000000000000000000e+00
2.070000000000165485e+00 0.000000000000000000e+00 0.000000000000000000e+00 0.000000000000000000e+00
2.075000000000165823e+00 0.000000000000000000e+00 0.000000000000000000e+00 0.000000000000000000e+00
2.080000000000166160e+00 0.000000000000000000e+00 0.000000000000000000e+00 0.000000000000000000e+00
2.085000000000166498e+00 0.000000000000000000e+00 0.000000000000000000e+00 0.000000000000000000e+00
2.090000000000167280e+00 0.000000000000000000e+00 0.000000000000000000e+00 0.000000000000000000e+00
2.095000000000167617e+00 0.000000000000000000e+00 0.000000000000000000e+00 0.000000000000000000e+00
2.100000000000167955e+00 0.000000000000000000e+00 0.000000000000000000e+00 0.000000000000000000e+00
2.105000000000168292e+00 0.000000000000000000e+00 0.000000000000000000e+00 0.000000000000000000e+00
2.110000000000168630e+00 0.000000000000000000e+00 0.000000000000000000e+00 0.000000000000000000e+00
2.115000000000168967e+00 0.000000000000000000e+00 0.000000000000000000e+00 0.000000000000000000e+00
2.120000000000169305e+00 0.000000000000000000e+00 0.000000000000000000e+00 0.000000000000000000e+00
2.125000000000170086e+00 0.000000000000000000e+00 0.000000000000000000e+00 0.000000000000000000e+00
2.130000000000170424e+00 0.000000000000000000e+00 0.000000000000000000e+00 0.000000000000000000e+00
2.135000000000170761e+00 0.000000000000000000e+00 0.000000000000000000e+00 0.000000000000000000e+00
2.140000000000171099e+00 0.000000000000000000e+00 0.000000000000000000e+00 0.000000000000000000e+00
2.145000000000171436e+00 0.000000000000000000e+00 0.000000000000000000e+00 0.000000000000000000e+00
2.150000000000171774e+00 0.000000000000000000e+00 0.000000000000000000e+00 0.000000000000000000e+00
2.155000000000172111e+00 0.000000000000000000e+00 0.000000000000000000e+00 0.000000000000000000e+00
2.160000000000172893e+00 0.000000000000000000e+00 0.000000000000000000e+00 0.000000000000000000e+00
2.165000000000173230e+00 0.000000000000000000e+00 0.000000000000000000e+00 0.000000000000000000e+00
2.170000000000173568e+00 0.000000000000000000e+00 0.000000000000000000e+00 0.000000000000000000e+00
2.175000000000173905e+00 0.000000000000000000e+00 0.000000000000000000e+00 0.000000000000000000e+00
2.180000000000174243e+00 0.000000000000000000e+00 0.000000000000000000e+00 0.000000000000000000e+00
2.185000000000174580e+00 0.000000000000000000e+00 0.000000000000000000e+00 0.000000000000000000e+00
2.190000000000174918e+00 0.000000000000000000e+00 0.000000000000000000e+00 0.000000000000000000e+00
2.195000000000175699e+00 0.000000000000000000e+00 0.000000000000000000e+00 0.000000000000000000e+00
2.200000000000176037e+00 0.000000000000000000e+00 0.000000000000000000e+00 0.000000000000000000e+00
2.205000000000176374e+00 0.000000000000000000e+00 0.000000000000000000e+00 0.000000000000000000e+00
2.210000000000176712e+00 0.000000000000000000e+00 0.000000000000000000e+00 0.000000000000000000e+00
2.215000000000177049e+00 0.000000000000000000e+00 0.000000000000000000e+00 0.000000000000000000e+00
2.220000000000177387e+00 0.000000000000000000e+00 0.000000000000000000e+00 0.000000000000000000e+00
2.225000000000177725e+00 0.000000000000000000e+00 0.000000000000000000e+00 0.000000000000000000e+00
2.230000000000178506e+00 0.000000000000000000e+00 0.000000000000000000e+00 0.000000000000000000e+00
2.235000000000178844e+00 0.000000000000000000e+00 0.000000000000000000e+00 0.000000000000000000e+00
2.240000000000179181e+00 0.000000000000000000e+00 0.000000000000000000e+00 0.000000000000000000e+00
2.245000000000179519e+00 0.000000000000000000e+00 0.000000000000000000e+00 0.000000000000000000e+00
2.250000000000179856e+00 0.000000000000000000e+00 0.000000000000000000e+00 0.000000000000000000e+00
2.255000000000180194e+00 0.000000000000000000e+00 0.000000000000000000e+00 0.000000000000000000e+00
2.260000000000180531e+00 0.000000000000000000e+00 0.000000000000000000e+00 0.000000000000000000e+00
2.265000000000181313e+00 0.000000000000000000e+00 0.000000000000000000e+00 0.000000000000000000e+00
2.270000000000181650e+00 0.000000000000000000e+00 0.000000000000000000e+00 0.000000000000000000e+00
2.275000000000181988e+00 0.000000000000000000e+00 0.000000000000000000e+00 0.000000000000000000e+00
2.280000000000182325e+00 0.000000000000000000e+00 0.000000000000000000e+00 0.000000000000000000e+00
2.285000000000182663e+00 0.000000000000000000e+00 0.000000000000000000e+00 0.000000000000000000e+00
2.290000000000183000e+00 0.000000000000000000e+00 0.000000000000000000e+00 0.000000000000000000e+00
2.295000000000183338e+00 0.000000000000000000e+00 0.000000000000000000e+00 0.000000000000000000e+00
2.300000000000184119e+00 0.000000000000000000e+00 0.000000000000000000e+00 0.000000000000000000e+00
2.305000000000184457e+00 0.000000000000000000e+00 0.000000000000000000e+00 0.000000000000000000e+00
2.310000000000184794e+00 0.000000000000000000e+00 0.000000000000000000e+00 0.000000000000000000e+00
2.315000000000185132e+00 0.000000000000000000e+00 0.000000000000000000e+00 0.000000000000000000e+00
2.320000000000185469e+00 0.000000000000000000e+00 0.000000000000000000e+00 0.000000000000000000e+00
2.325000000000185807e+00 0.000000000000000000e+00 0.000000000000000000e+00 0.000000000000000000e+00
2.330000000000186144e+00 0.000000000000000000e+00 0.000000000000000000e+00 0.000000000000000000e+00
2.335000000000186926e+00 0.000000000000000000e+00 0.000000000000000000e+00 0.000000000000000000e+00
2.340000000000187264e+00 0.000000000000000000e+00 0.000000000000000000e+00 0.000000000000000000e+00
2.345000000000187601e+00 0.000000000000000000e+00 0.000000000000000000e+00 0.000000000000000000e+00
2.350000000000187939e+00 0.000000000000000000e+00 0.000000000000000000e+00 0.000000000000000000e+00
2.355000000000188276e+00 0.000000000000000000e+00 0.000000000000000000e+00 0.000000000000000000e+00
2.360000000000188614e+00 0.000000000000000000e+00 0.000000000000000000e+00 0.000000000000000000e+00
2.365000000000188951e+00 0.000000000000000000e+00 0.000000000000000000e+00 0.000000000000000000e+00
2.370000000000189733e+00 0.000000000000000000e+00 0.000000000000000000e+00 0.000000000000000000e+00
2.375000000000190070e+00 0.000000000000000000e+00 0.000000000000000000e+00 0.000000000000000000e+00
2.380000000000190408e+00 0.000000000000000000e+00 0.000000000000000000e+00 0.000000000000000000e+00
2.385000000000190745e+00 0.000000000000000000e+00 0.000000000000000000e+00 0.000000000000000000e+00
2.390000000000191083e+00 0.000000000000000000e+00 0.000000000000000000e+00 0.000000000000000000e+00
2.395000000000191420e+00 0.000000000000000000e+00 0.000000000000000000e+00 0.000000000000000000e+00
2.400000000000191758e+00 0.000000000000000000e+00 0.000000000000000000e+00 0.000000000000000000e+00
2.405000000000192539e+00 0.000000000000000000e+00 0.000000000000000000e+00 0.000000000000000000e+00
2.410000000000192877e+00 0.000000000000000000e+00 0.000000000000000000e+00 0.000000000000000000e+00
2.415000000000193214e+00 0.000000000000000000e+00 0.000000000000000000e+00 0.000000000000000000e+00
2.420000000000193552e+00 0.000000000000000000e+00 0.000000000000000000e+00 0.000000000000000000e+00
2.425000000000193889e+00 0.000000000000000000e+00 0.000000000000000000e+00 0.000000000000000000e+00
2.430000000000194227e+00 0.000000000000000000e+00 0.000000000000000000e+00 0.000000000000000000e+00
2.435000000000194564e+00 0.000000000000000000e+00 0.000000000000000000e+00 0.000000000000000000e+00
2.440000000000194902e+00 0.000000000000000000e+00 0.000000000000000000e+00 0.000000000000000000e+00
2.445000000000195683e+00 0.000000000000000000e+00 0.000000000000000000e+00 0.000000000000000000e+00
2.450000000000196021e+00 0.000000000000000000e+00 0.000000000000000000e+00 0.000000000000000000e+00
2.455000000000196358e+00 0.000000000000000000e+00 0.000000000000000000e+00 0.000000000000000000e+00
2.460000000000196696e+00 0.000000000000000000e+00 0.000000000000000000e+00 0.000000000000000000e+00
2.465000000000197034e+00 0.000000000000000000e+00 0.000000000000000000e+00 0.000000000000000000e+00
2.470000000000197371e+00 0.000000000000000000e+00 0.000000000000000000e+00 0.000000000000000000e+00
2.475000000000197709e+00 0.000000000000000000e+00 0.000000000000000000e+00 0.000000000000000000e+00
2.480000000000198490e+00 0.000000000000000000e+00 0.000000000000000000e+00 0.000000000000000000e+00
2.485000000000198828e+00 0.000000000000000000e+00 0.000000000000000000e+00 0.000000000000000000e+00
2.490000000000199165e+00 0.000000000000000000e+00 0.000000000000000000e+00 0.000000000000000000e+00
2.495000000000199503e+00 0.000000000000000000e+00 0.000000000000000000e+00 0.000000000000000000e+00
2.500000000000199840e+00 0.000000000000000000e+00 0.000000000000000000e+00 0.000000000000000000e+00
2.505000000000200178e+00 0.000000000000000000e+00 0.000000000000000000e+00 0.000000000000000000e+00
2.510000000000200515e+00 0.000000000000000000e+00 0.000000000000000000e+00 0.000000000000000000e+00
2.515000000000201297e+00 0.000000000000000000e+00 0.000000000000000000e+00 0.000000000000000000e+00
2.520000000000201634e+00 0.000000000000000000e+00 0.000000000000000000e+00 0.000000000000000000e+00
2.525000000000201972e+00 0.000000000000000000e+00 0.000000000000000000e+00 0.000000000000000000e+00
2.530000000000202309e+00 0.000000000000000000e+00 0.000000000000000000e+00 0.000000000000000000e+00
2.535000000000202647e+00 0.000000000000000000e+00 0.000000000000000000e+00 0.000000000000000000e+00
2.540000000000202984e+00 0.000000000000000000e+00 0.000000000000000000e+00 0.000000000000000000e+00
2.545000000000203322e+00 0.000000000000000000e+00 0.000000000000000000e+00 0.000000000000000000e+00
2.550000000000204103e+00 0.000000000000000000e+00 0.000000000000000000e+00 0.000000000000000000e+00
2.555000000000204441e+00 0.000000000000000000e+00 0.000000000000000000e+00 0.000000000000000000e+00
2.560000000000204778e+00 0.000000000000000000e+00 0.000000000000000000e+00 0.000000000000000000e+00
