5.000000000000399958e-03 5.537530189597996849e-06 8.470329472543003391e-22 8.470329472543003391e-22
1.000000000000079992e-02 5.456445603905064350e-06 8.217425384892928635e-07 1.029901540722198454e-06
1.500000000000119987e-02 5.210280996770859274e-06 1.353212952755914218e-06 2.077168434141468314e-06
2.000000000000159983e-02 4.910379791693944120e-06 1.783290403246927212e-06 3.160799942517993134e-06
2.500000000000199979e-02 4.656231640858378098e-06 2.149839914226972952e-06 4.260259608769534211e-06
3.000000000000239975e-02 4.511228288603392622e-06 2.446277253943360234e-06 5.310387869852520821e-06
3.500000000000279970e-02 4.449257810801298212e-06 2.659739412939646633e-06 6.236386884905915694e-06
4.000000000000319966e-02 4.389815535364158112e-06 2.791726570916233339e-06 6.997820757697557000e-06
4.500000000000359962e-02 4.225694753753334975e-06 2.859332209792753952e-06 7.602051579398321723e-06
5.000000000000399958e-02 3.881047092846092662e-06 2.880790316754258313e-06 8.073402210846234871e-06
5.500000000000439954e-02 3.320145168107928233e-06 2.861457120102534539e-06 8.410629952961630375e-06
6.000000000000479949e-02 2.555976932146526042e-06 2.799323500464798047e-06 8.593867506623991038e-06
6.500000000000519251e-02 1.652425204756628486e-06 2.697516625475408323e-06 8.619473660262370968e-06
7.000000000000558553e-02 6.918094760902229359e-07 2.573769771273150299e-06 8.534511232893837729e-06
7.500000000000600631e-02 -2.277034387068231449e-07 2.449942842739781866e-06 8.409042018664318662e-06
8.000000000000639933e-02 -1.006414513967819246e-06 2.338632265058128465e-06 8.290235528108670909e-06
8.500000000000679234e-02 -1.557962253524425973e-06 2.243234785806113471e-06 8.196796107771357737e-06
9.000000000000718536e-02 -1.821569790028701239e-06 2.164372780344776632e-06 8.137917012081217677e-06
9.500000000000760614e-02 -1.780228700626352326e-06 2.101351194230504872e-06 8.117464206749508711e-06
1.000000000000079992e-01 -1.466353099808718328e-06 2.048250773905222826e-06 8.117888204561532668e-06
1.050000000000083922e-01 -9.484409788096128204e-07 1.992821393449955969e-06 8.093250166536578372e-06
1.100000000000087852e-01 -3.269386989225787338e-07 1.924538801979693545e-06 7.999870425145423725e-06
1.150000000000092060e-01 2.813572226722184833e-07 1.842023882051862265e-06 7.828960741076657033e-06
1.200000000000095990e-01 7.601025143582476593e-07 1.749939897749341840e-06 7.597552232478246076e-06
1.250000000000099920e-01 1.024945333391623500e-06 1.655258010638738646e-06 7.334671087997383087e-06
1.300000000000103850e-01 1.041519052331804379e-06 1.562885941397189876e-06 7.062507129777467465e-06
1.350000000000107780e-01 8.320728533545821117e-07 1.479218782007993777e-06 6.811758389362117898e-06
1.400000000000111988e-01 4.656215674840567006e-07 1.412824340239314377e-06 6.625400325519969316e-06
1.450000000000115918e-01 3.094892141475148193e-08 1.375576292360407631e-06 6.564907661505146070e-06
1.500000000000119849e-01 -3.805623751081409086e-07 1.378176094539184635e-06 6.689756043055502459e-06
1.550000000000124056e-01 -6.990948330567164830e-07 1.426156215917476748e-06 7.037086456721185801e-06
1.600000000000127987e-01 -8.874356860880301545e-07 1.510731309889204560e-06 7.573683633477518460e-06
1.650000000000131917e-01 -9.284561700750556097e-07 1.605085233810881158e-06 8.171466602307127586e-06
1.700000000000135847e-01 -8.289306970729542983e-07 1.674072999157870405e-06 8.650850185116067733e-06
1.750000000000139777e-01 -6.078382357575191657e-07 1.693668329183297054e-06 8.879884753056300963e-06
1.800000000000143985e-01 -2.890762845403397459e-07 1.666894188538193688e-06 8.863479070579994399e-06
1.850000000000147915e-01 9.891174946740301942e-08 1.625240517287548663e-06 8.761196953614783640e-06
1.900000000000151845e-01 5.191052088120240982e-07 1.607560055678292249e-06 8.782212581383502811e-06
1.950000000000156053e-01 9.225749841014121404e-07 1.634458434826959930e-06 9.045886304542306438e-06
2.000000000000159983e-01 1.253252630961346224e-06 1.695964255675708441e-06 9.505864756387577251e-06
2.050000000000163913e-01 1.455661660827939911e-06 1.765382402172159845e-06 1.001787623993735137e-05
2.100000000000167844e-01 1.490668820553665787e-06 1.816066230217701409e-06 1.043040732440271250e-05
2.150000000000171774e-01 1.354814122966505161e-06 1.828357777180932357e-06 1.062527922697730023e-05
2.200000000000175981e-01 1.086374166614342810e-06 1.792883044252141726e-06 1.053957840444854193e-05
2.250000000000179912e-01 7.740800126717819869e-07 1.712071192996369290e-06 1.017824774197150580e-05
2.300000000000183842e-01 5.209158267536100652e-07 1.603846487400301174e-06 9.640213535513526551e-06
2.350000000000188050e-01 4.194805324218233266e-07 1.500257513668494065e-06 9.115063114682134276e-06
2.400000000000191980e-01 5.066719797970301065e-07 1.434211185768101322e-06 8.805999667392957016e-06
2.450000000000195910e-01 7.521022919949017293e-07 1.421306889073404250e-06 8.817203040998784045e-06
2.500000000000199840e-01 1.064593113379895384e-06 1.449191259989978634e-06 9.081459469097876813e-06
2.550000000000203770e-01 1.331414117024119198e-06 1.488318982194798561e-06 9.419460940195327025e-06
2.600000000000207701e-01 1.457582453505577460e-06 1.511730159593081557e-06 9.660973481296221993e-06
2.650000000000211631e-01 1.411639348705556393e-06 1.506652579091100240e-06 9.720665411596622003e-06
2.700000000000216116e-01 1.237147729706346073e-06 1.475474964688195341e-06 9.608899819659628497e-06
2.750000000000220046e-01 1.033408507654952739e-06 1.429555775880260591e-06 9.395662106729656273e-06
2.800000000000223976e-01 9.140847941478711634e-07 1.382501004705205262e-06 9.168629211389851951e-06
2.850000000000227907e-01 9.542254505049945855e-07 1.345445020212391084e-06 9.002193093045330035e-06
2.900000000000231837e-01 1.177318692641006771e-06 1.322852745827322777e-06 8.928334250110791137e-06
2.950000000000235767e-01 1.538053539713153525e-06 1.312922098627361167e-06 8.937373437257953155e-06
3.000000000000239697e-01 1.961474799337491323e-06 1.303864032801409098e-06 8.950614885521812961e-06
3.050000000000244182e-01 2.364393234250713696e-06 1.283964114493946163e-06 8.887154780529269474e-06
3.100000000000248113e-01 2.692023237278876417e-06 1.246028239713107363e-06 8.694981666487995120e-06
3.150000000000252043e-01 2.923236747706452393e-06 1.194979732580416150e-06 8.405736173706116816e-06
3.200000000000255973e-01 3.075144250226303279e-06 1.145785573881967736e-06 8.123408210956646573e-06
3.250000000000259903e-01 3.181021921241650366e-06 1.114360516419368341e-06 7.962094630855502187e-06
3.300000000000263833e-01 3.276147915340028802e-06 1.107987262561295890e-06 7.977221961714816165e-06
3.350000000000267764e-01 3.381107040773721222e-06 1.124366274850898421e-06 8.156242930415646291e-06
3.400000000000271694e-01 3.499058587742680079e-06 1.153891558993908412e-06 8.432656179725435573e-06
3.450000000000275624e-01 3.624241764556318375e-06 1.184578120592156174e-06 8.720335478481003243e-06
3.500000000000280109e-01 3.754636037119882883e-06 1.205082179272602048e-06 8.935330582903729945e-06
3.550000000000284039e-01 3.900403887455650552e-06 1.205976140427043549e-06 9.005603682202411469e-06
3.600000000000287970e-01 4.079086473721918555e-06 1.183163228120476221e-06 8.897251203331778196e-06
3.650000000000291900e-01 4.312598793126616364e-06 1.139988713190367819e-06 8.631910371218460732e-06
3.700000000000295830e-01 4.613753129669358786e-06 1.085609411923338094e-06 8.276265236592500774e-06
3.750000000000299760e-01 4.982430386365171830e-06 1.028430060244053443e-06 7.893149609270985043e-06
3.800000000000303690e-01 5.396548230786260621e-06 9.727987071460762287e-07 7.515791465331100054e-06
3.850000000000308176e-01 5.820725793938232021e-06 9.185572016923556773e-07 7.143260853867780224e-06
3.900000000000312106e-01 6.218824110489011678e-06 8.686846376029797856e-07 6.799146254454986410e-06
3.950000000000316036e-01 6.559170834835535002e-06 8.339621103471787564e-07 6.569083859037063965e-06
4.000000000000319966e-01 6.817048209678180299e-06 8.282562053908585139e-07 6.565300856474583442e-06
4.050000000000323896e-01 6.977580262793209602e-06 8.523595680370866611e-07 6.798455994256006005e-06
4.100000000000327827e-01 7.015887896127675987e-06 8.910004278456993848e-07 7.150390815134038310e-06
4.150000000000331757e-01 6.913913185420125657e-06 9.185491262673672028e-07 7.416284390982436203e-06
4.200000000000335687e-01 6.671567011111963013e-06 9.183083689169730182e-07 7.458871511613829062e-06
4.250000000000339617e-01 6.296615312779948414e-06 8.899510359542193492e-07 7.271441533180664667e-06
4.300000000000344103e-01 5.847620430568967621e-06 8.490589107647076685e-07 6.978016475526489088e-06
4.350000000000348033e-01 5.385176160507342710e-06 8.193024156092787497e-07 6.772496703541585627e-06
4.400000000000351963e-01 4.980844414156756353e-06 8.156467408566081331e-07 6.780916272338042700e-06
4.450000000000355893e-01 4.684316563787897587e-06 8.380117801991376802e-07 7.006321592404013247e-06
4.500000000000359823e-01 4.499441716755871648e-06 8.735990874860214279e-07 7.344772818018886971e-06
4.550000000000363753e-01 4.416217372650124129e-06 9.094194321976303667e-07 7.688291951868882865e-06
4.600000000000367684e-01 4.378549837425718687e-06 9.356669209654110535e-07 7.953533786763394915e-06
4.650000000000372169e-01 4.341002837724031529e-06 9.467703437264649809e-07 8.091537678124118319e-06
4.700000000000376099e-01 4.261909232002930990e-06 9.443937561659326105e-07 8.114503923392630183e-06
4.750000000000380029e-01 4.144996183830842273e-06 9.382178140800982986e-07 8.104204996990379899e-06
4.800000000000383960e-01 4.013006679101110042e-06 9.434197697469434802e-07 8.191916747567851048e-06
4.850000000000387890e-01 3.897049964313561963e-06 9.698798771218922536e-07 8.465424808564215079e-06
4.900000000000391820e-01 3.836957977394973358e-06 1.013078068090057333e-06 8.887935454591162218e-06
4.950000000000395750e-01 3.848569937323778755e-06 1.054966372606260495e-06 9.302531612801051959e-06
5.000000000000399680e-01 3.922016923404373078e-06 1.080191523128807141e-06 9.572948124426126969e-06
5.050000000000404166e-01 4.043509696556386228e-06 1.079280985735141946e-06 9.612584123472420967e-06
5.100000000000408651e-01 4.170242892870868091e-06 1.057336743323004799e-06 9.463643048453140389e-06
5.150000000000412026e-01 4.301115482568771016e-06 1.023338919820892504e-06 9.204136370520338379e-06
5.200000000000416511e-01 4.434410127675614071e-06 9.884424933153315390e-07 8.933322607245124596e-06
5.250000000000419886e-01 4.603013613044644518e-06 9.590605064581316882e-07 8.709347068635921681e-06
5.300000000000424372e-01 4.814109946951024528e-06 9.388959703448254343e-07 8.566735307969025950e-06
5.350000000000428857e-01 5.094071501611562789e-06 9.281787598139271826e-07 8.508802738919160494e-06
5.400000000000432232e-01 5.414965452523427683e-06 9.281730031608864639e-07 8.548418013565263398e-06
5.450000000000436717e-01 5.752177317433939581e-06 9.361836322667000255e-07 8.662021024943832996e-06
5.500000000000440092e-01 6.054646085863031503e-06 9.477406861021794260e-07 8.809085158080712732e-06
5.550000000000444578e-01 6.303157273849506677e-06 9.569185158679161557e-07 8.934729075891480890e-06
5.600000000000447953e-01 6.498904286680769939e-06 9.585401255203422748e-07 8.990094350399850114e-06
5.650000000000452438e-01 6.684926092124816589e-06 9.510059970995788095e-07 8.959162587143298112e-06
5.700000000000456923e-01 6.925033235744865680e-06 9.357515024293088494e-07 8.854374759161335961e-06
5.750000000000460298e-01 7.297517123833507075e-06 9.118754849279355124e-07 8.666213838923159758e-06
5.800000000000464784e-01 7.872363080514548919e-06 8.843227850962220010e-07 8.440822162120673676e-06
5.850000000000468159e-01 8.721016186788193881e-06 8.561822952307747565e-07 8.207371927678880702e-06
5.900000000000472644e-01 9.891395246455262188e-06 8.330611685441986292e-07 8.019787030393434551e-06
5.950000000000476019e-01 1.140629370141028781e-05 8.210140613442939372e-07 7.937230940133992147e-06
6.000000000000480505e-01 1.328833518012956770e-05 8.215164382275846336e-07 7.975388020266027710e-06
6.050000000000484990e-01 1.551942098304466363e-05 8.310339782708154666e-07 8.101331562607231757e-06
6.100000000000488365e-01 1.807376811707926443e-05 8.437583357878165843e-07 8.259294128964590680e-06
6.150000000000492850e-01 2.091312609239381773e-05 8.573120648223315223e-07 8.426290585257560856e-06
6.200000000000496225e-01 2.398845614025291693e-05 8.718977579884537618e-07 8.604414910380540804e-06
6.250000000000500711e-01 2.725779143897008884e-05 8.905642723485854911e-07 8.823994227179810746e-06
6.300000000000504086e-01 3.069983928643476927e-05 9.116639159820077130e-07 9.069116459150478588e-06
6.350000000000508571e-01 3.429987700293056166e-05 9.324474102105585105e-07 9.312604265911940350e-06
6.400000000000511946e-01 3.806336153672506178e-05 9.487092715516290213e-07 9.512245937903952972e-06
6.450000000000516431e-01 4.201600606997037157e-05 9.569562613946802462e-07 9.632341783460613693e-06
6.500000000000520917e-01 4.617497488311659800e-05 9.575327993114017245e-07 9.675430018009861140e-06
6.550000000000524292e-01 5.054486159873046783e-05 9.500308415707108658e-07 9.636477081588978597e-06
6.600000000000528777e-01 5.512939634241677907e-05 9.341512469095669054e-07 9.511502012265708733e-06
6.650000000000532152e-01 5.990055011042360971e-05 9.106200008111055526e-07 9.306962114823174993e-06
6.700000000000536637e-01 6.482993644942666863e-05 8.807543457501119242e-07 9.035498842176346295e-06
6.750000000000540012e-01 6.988262566677219548e-05 8.492053238139349166e-07 8.744289612616841878e-06
6.800000000000544498e-01 7.504762091966595905e-05 8.219890880901423491e-07 8.495333785856509396e-06
6.850000000000547873e-01 8.032080010176707006e-05 8.039171969660663362e-07 8.339049335495733696e-06
6.900000000000552358e-01 8.570708402157491948e-05 7.978091700014071618e-07 8.305838983674965632e-06
6.950000000000556843e-01 9.120925390905228539e-05 8.045446354049735542e-07 8.406253532376483154e-06
7.000000000000560219e-01 9.682468054263538117e-05 8.219132620925142687e-07 8.618564707895893975e-06
7.050000000000564704e-01 1.025301786335188479e-04 8.449611685467215638e-07 8.891831981809529724e-06
7.100000000000568079e-01 1.082980167487974026e-04 8.646411496455175930e-07 9.131140248701815089e-06
7.150000000000572564e-01 1.140847808518123826e-04 8.726838176041678281e-07 9.248469788801810430e-06
7.200000000000575939e-01 1.198395202674990337e-04 8.651870268265127719e-07 9.201024464713246945e-06
7.250000000000580425e-01 1.255092904417625668e-04 8.434923600005371007e-07 9.001400704321800444e-06
7.300000000000584910e-01 1.310260965724260158e-04 8.147367974490339532e-07 8.724462899555627626e-06
7.350000000000588285e-01 1.363069418681639661e-04 7.883160319855906592e-07 8.470400923249498106e-06
7.400000000000592770e-01 1.412716036598543319e-04 7.707197942638258840e-07 8.309450621947741928e-06
7.450000000000596145e-01 1.458462991159498764e-04 7.634967160459222350e-07 8.259338171613101435e-06
7.500000000000600631e-01 1.499693040742366697e-04 7.657084893430959002e-07 8.311014352719034513e-06
7.550000000000604006e-01 1.536098974138663895e-04 7.761684578153958521e-07 8.452582223172124473e-06
7.600000000000608491e-01 1.567686364977625643e-04 7.928347589203409365e-07 8.662623048083238392e-06
7.650000000000612976e-01 1.594597111037449858e-04 8.123878199082617961e-07 8.905412882805277015e-06
7.700000000000616351e-01 1.617197799423955812e-04 8.303626311438360349e-07 9.132151284612883703e-06
7.750000000000620837e-01 1.635999854155914686e-04 8.419952413996243649e-07 9.290100812826073310e-06
7.800000000000624212e-01 1.651443587670875881e-04 8.420027254383559425e-07 9.320103540273259242e-06
7.850000000000628697e-01 1.663741017094695716e-04 8.278115090266452944e-07 9.192343124251455501e-06
7.900000000000632072e-01 1.672953283715180228e-04 8.019643952890055478e-07 8.933642548392443998e-06
7.950000000000636557e-01 1.679092171088962851e-04 7.701929690194330138e-07 8.606826582678810919e-06
8.000000000000639933e-01 1.681923054776931679e-04 7.401229336355988970e-07 8.296765084164730008e-06
8.050000000000644418e-01 1.681186669601838915e-04 7.158993641981543787e-07 8.050259042950104260e-06
8.100000000000648903e-01 1.677003121162517997e-04 7.001157643681158451e-07 7.897184867160380413e-06
8.150000000000652278e-01 1.669791184957169431e-04 6.927492912540098565e-07 7.838172787954276894e-06
8.200000000000656764e-01 1.660258965249579335e-04 6.935577143063577786e-07 7.871354487986283790e-06
8.250000000000660139e-01 1.649372072161850845e-04 7.000671898821580953e-07 7.969418558015635453e-06
8.300000000000664624e-01 1.638087588601842598e-04 7.095515156554123240e-07 8.101826093558424870e-06
8.350000000000667999e-01 1.627138810952441137e-04 7.179498656115396627e-07 8.222375282614592022e-06
8.400000000000672484e-01 1.616886335813059647e-04 7.227075847577547896e-07 8.301607463462435020e-06
8.450000000000675859e-01 1.607431136247704836e-04 7.241385526369102909e-07 8.342764080368182477e-06
8.500000000000680345e-01 1.598566944412863717e-04 7.255595290037387294e-07 8.383829770225956505e-06
8.550000000000684830e-01 1.590058622175344165e-04 7.300015528555401397e-07 8.459930199834634137e-06
8.600000000000688205e-01 1.581687831342477521e-04 7.384904955760926636e-07 8.583295698354262963e-06
8.650000000000692690e-01 1.573196463191033827e-04 7.483949027859627593e-07 8.723661653669686832e-06
8.700000000000696065e-01 1.564522194958919608e-04 7.573188338981584362e-07 8.853160187363090728e-06
8.750000000000700551e-01 1.555625216865462695e-04 7.635381185848135388e-07 8.951476760659860850e-06
8.800000000000703926e-01 1.546793037539536720e-04 7.683175435106516211e-07 9.033208290194518123e-06
8.850000000000708411e-01 1.538298055289707500e-04 7.727169378484349520e-07 9.110705445943479534e-06
8.900000000000712896e-01 1.530544034211348112e-04 7.754843124176865355e-07 9.169126376117696901e-06
8.950000000000716271e-01 1.523730630740858572e-04 7.746298796018038129e-07 9.184715344790668083e-06
9.000000000000720757e-01 1.517881493834659422e-04 7.676632932272266605e-07 9.127502656253150791e-06
9.050000000000724132e-01 1.512743710845365413e-04 7.543272601509659598e-07 8.993816673036507118e-06
9.100000000000728617e-01 1.507973125490084162e-04 7.365054346646064844e-07 8.805552089844375990e-06
9.150000000000731992e-01 1.503044366054838389e-04 7.183230910333653478e-07 8.611728172082956905e-06
9.200000000000736478e-01 1.497664748035773844e-04 7.040356760828417095e-07 8.463471170560052015e-06
9.250000000000740963e-01 1.491713756428788076e-04 6.983078210762122603e-07 8.417395066621095984e-06
9.300000000000744338e-01 1.485178742652074578e-04 7.016966308311897729e-07 8.481073052839255565e-06
9.350000000000748823e-01 1.478250529710284985e-04 7.112804021290484635e-07 8.619986520974934783e-06
9.400000000000752198e-01 1.470946891844019419e-04 7.229719299065931583e-07 8.785071510994340614e-06
9.450000000000756684e-01 1.463361138548668623e-04 7.339425395336579859e-07 8.942066659610389495e-06
9.500000000000760059e-01 1.455496279448184019e-04 7.410473816417654286e-07 9.052483007509021931e-06
9.550000000000764544e-01 1.447410662337465575e-04 7.452081331449430514e-07 9.127234535719488484e-06
9.600000000000767919e-01 1.439273713765970022e-04 7.482353076080053895e-07 9.188270089246307863e-06
9.650000000000772404e-01 1.431172701301655290e-04 7.511526441954828779e-07 9.248084634417902736e-06
9.700000000000776890e-01 1.423331591892272509e-04 7.555774944378949724e-07 9.326631528586644651e-06
9.750000000000780265e-01 1.415677233694123791e-04 7.637292660565802735e-07 9.451520473492798787e-06
9.800000000000784750e-01 1.408185400207398420e-04 7.742656610952118971e-07 9.606451068425179418e-06
9.850000000000788125e-01 1.400822617224192681e-04 7.847034261385309869e-07 9.760759285570904661e-06
9.900000000000792610e-01 1.393253604918608210e-04 7.893795941173962267e-07 9.843814730101275870e-06
9.950000000000795985e-01 1.385423231690088494e-04 7.834588354321287455e-07 9.794621581703197050e-06
1.000000000000079936e+00 1.377353190571958602e-04 7.662274013293520805e-07 9.603236344846326875e-06
1.005000000000080274e+00 1.368878464928511077e-04 7.412594238203900351e-07 9.313505965945465161e-06
1.010000000000080833e+00 1.360014863753969492e-04 7.130935754390229863e-07 8.981877945064652616e-06
1.015000000000081171e+00 1.350559337067458454e-04 6.870072793252013446e-07 8.674696684381214348e-06
1.020000000000081508e+00 1.340282964782652355e-04 6.648027600853488697e-07 8.414975158515282112e-06
1.025000000000081846e+00 1.328947178095380918e-04 6.473348950179495635e-07 8.213927964249291582e-06
1.030000000000082405e+00 1.316322569962502520e-04 6.346108367340087400e-07 8.072090731477937195e-06
1.035000000000082743e+00 1.302395758121189444e-04 6.275130772714789601e-07 8.001158879109948434e-06
1.040000000000083080e+00 1.287110352952562957e-04 6.272487534099909834e-07 8.017083650036043428e-06
1.045000000000083418e+00 1.270732993320888545e-04 6.337086336349470600e-07 8.119096583296617282e-06
1.050000000000083977e+00 1.253360222697559524e-04 6.469367260119008427e-07 8.308380818228636663e-06
1.055000000000084315e+00 1.235440316355723169e-04 6.629856161708669421e-07 8.534739590524328257e-06
1.060000000000084652e+00 1.217262585031456129e-04 6.780995385906876725e-07 8.749965084020294964e-06
1.065000000000085212e+00 1.199196314010090474e-04 6.886818814451144281e-07 8.907450132413510262e-06
1.070000000000085549e+00 1.181215820463204591e-04 6.927190220874421999e-07 8.980674189992070945e-06
1.075000000000085887e+00 1.163150331977306297e-04 6.913213110513279369e-07 8.983469869687058402e-06
1.080000000000086224e+00 1.144527467842406824e-04 6.848954789358977211e-07 8.920642100387777209e-06
1.085000000000086784e+00 1.124826965681533484e-04 6.749723808442080586e-07 8.811722461445515515e-06
1.090000000000087121e+00 1.103471478044405811e-04 6.638077482944635361e-07 8.685913596586705744e-06
1.095000000000087459e+00 1.080206099581610730e-04 6.547936814709451449e-07 8.587593489505757598e-06
1.100000000000088018e+00 1.055015715413323873e-04 6.498558969777670952e-07 8.542271003464842674e-06
1.105000000000088356e+00 1.028157302329401127e-04 6.503477166941320885e-07 8.568142826425123606e-06
1.110000000000088693e+00 1.000132632216877115e-04 6.545758525257933895e-07 8.643336236824781870e-06
1.115000000000089031e+00 9.713151339543093349e-05 6.601535315275417968e-07 8.736597402122863002e-06
1.120000000000089591e+00 9.422473120935646212e-05 6.647744284984130971e-07 8.817455066392829443e-06
1.125000000000089928e+00 9.132540366213855653e-05 6.665478258463390630e-07 8.860689455505675391e-06
1.130000000000090266e+00 8.847079527818491160e-05 6.661586502454390236e-07 8.875173094461475597e-06
1.135000000000090825e+00 8.568996601318086418e-05 6.642525520188295177e-07 8.869335860461947206e-06
1.140000000000091163e+00 8.299218958128630550e-05 6.611929744417002015e-07 8.847907923802880156e-06
1.145000000000091500e+00 8.040160230862366251e-05 6.569859261905750020e-07 8.810869080147796517e-06
1.150000000000091838e+00 7.790305288124825187e-05 6.521837528823790091e-07 8.765543194972446299e-06
1.155000000000092397e+00 7.548304440202202581e-05 6.485567235756781635e-07 8.735723845978619575e-06
1.160000000000092735e+00 7.310578032540947127e-05 6.472142230727261986e-07 8.736490033749173400e-06
1.165000000000093072e+00 7.073671921152676831e-05 6.464151025279611495e-07 8.744488193636117227e-06
1.170000000000093632e+00 6.834798522502234840e-05 6.439028892800662425e-07 8.729175864924616833e-06
1.175000000000093969e+00 6.591305480969212151e-05 6.379902868677512565e-07 8.667481804868329136e-06
1.180000000000094307e+00 6.342040847514499730e-05 6.296596084237238865e-07 8.572485853842962014e-06
1.185000000000094644e+00 6.088386557061583297e-05 6.209560410892305353e-07 8.471883407300989552e-06
1.190000000000095204e+00 5.832402740441441002e-05 6.144168918826638815e-07 8.400334235284823779e-06
1.195000000000095541e+00 5.577765244765760548e-05 6.105015618167323209e-07 8.364320594817112000e-06
1.200000000000095879e+00 5.328030752492440793e-05 6.096017950523974638e-07 8.369447678242465953e-06
1.205000000000096438e+00 5.085144807300196520e-05 6.113060758015632547e-07 8.410313297485515080e-06
1.210000000000096776e+00 4.851209587447380498e-05 6.126571223257916063e-07 8.446370160117748908e-06
1.215000000000097113e+00 4.626952715882947417e-05 6.103818150102772723e-07 8.432370180156076593e-06
1.220000000000097451e+00 4.413299088262210559e-05 6.037273615016168052e-07 8.357583278750915822e-06
1.225000000000098010e+00 4.211843076611985581e-05 5.953011167673178977e-07 8.257806082327720211e-06
1.230000000000098348e+00 4.022859612819050708e-05 5.905239255169585745e-07 8.208238980416134560e-06
1.235000000000098686e+00 3.845647046448895970e-05 5.930273120239049114e-07 8.259773013996983543e-06
1.240000000000099023e+00 3.678963975391473691e-05 6.023549511425937653e-07 8.406655788329529320e-06
1.245000000000099583e+00 3.519796270851342117e-05 6.157686352303573193e-07 8.611170299050815803e-06
1.250000000000099920e+00 3.363582486105885035e-05 6.301373256073256813e-07 8.829785437884207682e-06
1.255000000000100258e+00 3.207934567924159482e-05 6.427936372887572494e-07 9.025128012530313530e-06
1.260000000000100817e+00 3.049099259866561924e-05 6.524167837197488746e-07 9.178470914153423534e-06
1.265000000000101155e+00 2.885657686580737002e-05 6.583188198223600278e-07 9.279861019426542101e-06
1.270000000000101492e+00 2.717014606571803220e-05 6.590708958591094688e-07 9.308805001238734924e-06
1.275000000000101830e+00 2.544135801007528936e-05 6.556673032759623860e-07 9.278944087194004162e-06
1.280000000000102389e+00 2.368275269942288555e-05 6.506823351671268536e-07 9.226435285465710011e-06
1.285000000000102727e+00 2.056508257642948652e-05 7.553088477141801753e-07 1.073089818806184508e-05
1.290000000000103064e+00 1.848584108055327096e-05 7.869381112188429339e-07 1.120199494255741050e-05
1.295000000000103624e+00 1.685164855265933943e-05 7.867720538251641244e-07 1.122131485058943573e-05
1.300000000000103961e+00 1.528416994016644614e-05 7.818771860174027356e-07 1.117300918876915365e-05
1.305000000000104299e+00 1.388350110024207641e-05 7.705224991710879030e-07 1.103190514316825707e-05
1.310000000000104636e+00 1.265285267141994831e-05 7.506529433734721228e-07 1.076799333796038283e-05
1.315000000000105196e+00 1.154798778618742274e-05 7.249440603385056949e-07 1.041903053569090023e-05
1.320000000000105533e+00 1.056805333468060622e-05 6.958832079204218354e-07 1.002035853043796764e-05
1.325000000000105871e+00 9.714282404426194384e-06 6.734819473043826013e-07 9.716141625603359926e-06
1.330000000000106430e+00 8.975800710969030182e-06 6.563249309379510087e-07 9.486470500029291105e-06
1.335000000000106768e+00 8.338299924584753009e-06 6.424993874786224147e-07 9.304076858751103191e-06
1.340000000000107105e+00 7.768793826525097218e-06 6.315281276233434833e-07 9.162311146284752062e-06
1.345000000000107443e+00 7.238239866182271312e-06 6.202329527913412759e-07 9.015211443058053731e-06
1.350000000000108002e+00 6.713660788981747018e-06 6.047704166526899811e-07 8.806784340900123759e-06
1.355000000000108340e+00 6.163553451865679077e-06 5.816430683197405621e-07 8.485670087398511572e-06
1.360000000000108678e+00 5.650298664276390400e-06 5.499343391399414549e-07 8.037856187170760297e-06
1.365000000000109015e+00 5.088709437024347445e-06 5.180828893850393026e-07 7.586221402796902807e-06
1.370000000000109575e+00 4.497493373532939711e-06 4.896030650595756829e-07 7.182313373910467195e-06
1.375000000000109912e+00 3.896309444126123446e-06 4.707808938956926022e-07 6.918789486070090195e-06
1.380000000000110250e+00 3.410236817831480592e-06 4.598845684044783092e-07 6.770929916988121043e-06
1.385000000000110809e+00 2.967269057670392949e-06 4.552901052502921541e-07 6.715417794995191789e-06
1.390000000000111147e+00 2.618885657513979582e-06 4.546209028527583806e-07 6.717640194614489125e-06
1.395000000000111484e+00 2.309848505517084369e-06 4.556571206728964997e-07 6.745050472748530562e-06
1.400000000000111822e+00 2.035718220094489353e-06 4.537481095708724853e-07 6.728818050949245152e-06
1.405000000000112381e+00 1.887072925852046580e-06 4.499967119618854929e-07 6.685092811720972450e-06
1.410000000000112719e+00 1.708267800993838894e-06 4.462033386991062635e-07 6.640523384435961407e-06
1.415000000000113056e+00 1.573173494769431832e-06 4.355927452994194795e-07 6.494097377889059670e-06
1.420000000000113616e+00 1.428732516126914100e-06 4.235654352995220049e-07 6.325933517119697826e-06
1.425000000000113953e+00 1.267641498159552971e-06 4.076320706606943241e-07 6.098678165209672036e-06
1.430000000000114291e+00 1.124200447449856024e-06 3.905952885238132450e-07 5.854030187643772681e-06
1.435000000000114628e+00 1.052393076282658868e-06 3.765226225292571762e-07 5.652973687625734442e-06
1.440000000000115188e+00 9.475007681832574450e-07 3.692215152055070906e-07 5.553006537697565854e-06
1.445000000000115525e+00 8.692642889020796399e-07 3.682520622725067988e-07 5.548033179970043566e-06
1.450000000000115863e+00 7.900257619164168202e-07 3.680111498397978137e-07 5.553987737758831812e-06
1.455000000000116422e+00 6.890345145440009144e-07 3.580821321742293756e-07 5.413449453134618363e-06
1.460000000000116760e+00 6.524313680371930701e-07 3.501556710843007158e-07 5.302705779103276995e-06
1.465000000000117097e+00 5.512778053010124036e-07 3.324064915728397794e-07 5.042527175297774015e-06
1.470000000000117435e+00 5.323033197420388106e-07 3.216382869296373901e-07 4.887495226661606898e-06
1.475000000000117995e+00 4.704859148388829294e-07 3.087874107453764229e-07 4.700191302562404798e-06
1.480000000000118332e+00 4.405917067302077787e-07 3.021937158327598708e-07 4.607615441786530384e-06
1.485000000000118670e+00 3.798922973045938585e-07 2.992798323621845549e-07 4.570888392796367638e-06
1.490000000000119229e+00 3.347452669104293759e-07 3.044011324608658384e-07 4.656925995832210508e-06
1.495000000000119567e+00 3.040753283844846132e-07 3.161927901106408038e-07 4.845431939261283556e-06
1.500000000000119904e+00 1.877482293090130560e-07 3.228165248070628044e-07 4.955201574023259948e-06
1.505000000000120242e+00 1.314098380207154660e-07 3.301851093116594334e-07 5.076748767286393283e-06
1.510000000000120801e+00 4.896339738560489084e-08 3.336220838248467501e-07 5.138107694593574586e-06
1.515000000000121139e+00 5.459571151298076039e-08 3.368721324514970188e-07 5.196744207537111744e-06
1.520000000000121476e+00 9.812405978812716722e-08 3.366045061875299945e-07 5.201177296417485681e-06
1.525000000000122036e+00 2.531429597198420986e-07 3.354342608147700724e-07 5.191612616366010989e-06
1.530000000000122373e+00 4.361987718990465839e-07 3.303438662680796018e-07 5.121201939392270836e-06
1.535000000000122711e+00 6.309868720741174968e-07 3.213820534170470668e-07 4.990404507691352576e-06
1.540000000000123048e+00 7.846488131887805727e-07 3.111697646966472674e-07 4.839691627194406582e-06
1.545000000000123608e+00 8.808914901779087360e-07 3.004129323878311042e-07 4.679967153179580137e-06
1.550000000000123945e+00 8.693712906858909935e-07 2.897316359556076316e-07 4.520866745909751668e-06
1.555000000000124283e+00 8.008922444565707243e-07 2.777682205296091305e-07 4.341178983074479325e-06
1.560000000000124620e+00 6.603876563266936925e-07 2.616091597534961490e-07 4.095200632480939325e-06
1.565000000000125180e+00 4.994444566553785562e-07 2.434314611799142011e-07 3.816750888560708037e-06
1.570000000000125517e+00 3.562056346820131705e-07 2.261900971236116972e-07 3.552085016845064984e-06
1.575000000000125855e+00 1.891271411303398470e-07 2.145381657328670687e-07 3.374463855786799916e-06
1.580000000000126414e+00 4.558706446237895775e-08 2.062726961755018576e-07 3.249602403261340280e-06
1.585000000000126752e+00 -4.062119928301456999e-08 2.024564753902264632e-07 3.194524650010138906e-06
1.590000000000127089e+00 -1.007057632899243323e-07 2.035879578523348830e-07 3.217440962966804715e-06
1.595000000000127427e+00 -1.355867349870467751e-07 2.077930893828103120e-07 3.289056865927347025e-06
1.600000000000127987e+00 -9.779628497581298665e-08 2.107815846967459966e-07 3.341585633845201014e-06
1.605000000000128324e+00 -4.956192209606254817e-08 2.129541903537472068e-07 3.381299553096084555e-06
1.610000000000128662e+00 -3.253081394203012606e-08 2.139078535718411888e-07 3.401728169581834538e-06
1.615000000000129221e+00 3.355587995790942504e-09 2.171904646602019011e-07 3.459289879593663250e-06
1.620000000000129559e+00 1.780344425402958802e-08 2.192701348763842672e-07 3.497815754552112559e-06
1.625000000000129896e+00 4.512701396706540242e-09 2.163214100235346783e-07 3.456098617223650788e-06
1.630000000000130234e+00 -9.364162304567831098e-10 2.110265339258690045e-07 3.376687005223583642e-06
1.635000000000130793e+00 2.174179853901546982e-08 1.980452705530896688e-07 3.173827308769458243e-06
1.640000000000131131e+00 6.867345516409106565e-09 1.858400684125683713e-07 2.982779977949084907e-06
1.645000000000131468e+00 -2.360902479001967992e-08 1.790804765129700009e-07 2.878665023076632268e-06
1.650000000000132028e+00 -4.144780017877321618e-08 1.772254974477405075e-07 2.853173059640641780e-06
1.655000000000132365e+00 -5.637398906635264907e-08 1.770129134386680934e-07 2.854065183848943783e-06
1.660000000000132703e+00 -8.825718373200422813e-08 1.761236778314354334e-07 2.844013989957235777e-06
1.665000000000133040e+00 -1.324316104297054182e-07 1.721013921901167629e-07 2.783245021762169599e-06
1.670000000000133600e+00 -1.605417953613479412e-07 1.665922929530545666e-07 2.698193426451127560e-06
1.675000000000133937e+00 -1.923690794477543898e-07 1.614392826299272437e-07 2.618644617417897860e-06
1.680000000000134275e+00 -1.729501518504769720e-07 1.566848112821083257e-07 2.545314656236943724e-06
1.685000000000134612e+00 -2.071098033022730045e-07 1.489820638784317907e-07 2.423783794651900128e-06
1.690000000000135172e+00 -1.498266444500567302e-07 1.445438155266069125e-07 2.355064496993356271e-06
1.695000000000135509e+00 -8.297611524638782387e-08 1.437885285752001425e-07 2.346221603016486854e-06
1.700000000000135847e+00 -7.262962110935089221e-08 1.441343515055217449e-07 2.355330726193403875e-06
1.705000000000136406e+00 -1.315498847755420160e-08 1.480575180362417736e-07 2.422995429826480295e-06
1.710000000000136744e+00 7.116408643238191299e-08 1.523063193740355682e-07 2.496180101339646710e-06
1.715000000000137081e+00 1.110350349352467491e-07 1.589218788542333686e-07 2.608409009290963706e-06
1.720000000000137419e+00 1.091722872525353577e-07 1.597754541328531395e-07 2.626238856193437625e-06
1.725000000000137979e+00 1.066836379666481717e-07 1.572552473201408507e-07 2.588568334319501452e-06
1.730000000000138316e+00 1.361751174075387995e-07 1.579894785232866444e-07 2.604420803290187319e-06
1.735000000000138654e+00 1.227690289402328308e-07 1.521651926843897518e-07 2.512031021983867758e-06
1.740000000000139213e+00 8.281637437290972124e-08 1.353788997966456985e-07 2.238131208047389302e-06
1.745000000000139551e+00 8.585643893476655394e-08 1.292838091957023602e-07 2.140433767349565484e-06
1.750000000000139888e+00 1.070816556702225733e-07 1.180609399959919277e-07 1.957425310157752057e-06
1.755000000000140226e+00 8.145682458507621230e-08 1.094087036762824657e-07 1.816562611372476284e-06
1.760000000000140785e+00 6.570518365880558400e-08 9.509629012709795528e-08 1.581174665111993318e-06
1.765000000000141123e+00 1.216255513033639956e-07 9.127964615743816653e-08 1.519869294869466029e-06
1.770000000000141460e+00 1.299734353188527531e-07 9.027820109647907500e-08 1.505322206335235197e-06
1.775000000000142020e+00 9.671710382211047996e-08 7.737409163162493919e-08 1.291976697540978703e-06
1.780000000000142357e+00 8.821963946239395505e-08 7.256740532227302489e-08 1.213421077907416667e-06
1.785000000000142695e+00 1.097141679661781063e-07 7.132503678081137872e-08 1.194320956994433770e-06
1.790000000000143032e+00 8.735800711703372776e-08 6.787041755548472513e-08 1.138064758434212610e-06
1.795000000000143592e+00 5.026187761628665459e-08 5.861924431324553773e-08 9.843110949885544202e-07
1.800000000000143929e+00 2.787600804076506218e-08 4.134024743235974336e-08 6.951351712263078496e-07
1.805000000000144267e+00 2.373221301483924838e-08 2.267089341780813392e-08 3.817395672477094319e-07
1.810000000000144826e+00 0.000000000000000000e+00 0.000000000000000000e+00 0.000000000000000000e+00
1.815000000000145164e+00 0.000000000000000000e+00 0.000000000000000000e+00 0.000000000000000000e+00
1.820000000000145501e+00 0.000000000000000000e+00 0.000000000000000000e+00 0.000000000000000000e+00
1.825000000000145839e+00 0.000000000000000000e+00 0.000000000000000000e+00 0.000000000000000000e+00
1.830000000000146398e+00 0.000000000000000000e+00 0.000000000000000000e+00 0.000000000000000000e+00
1.835000000000146736e+00 0.000000000000000000e+00 0.000000000000000000e+00 0.000000000000000000e+00
1.840000000000147073e+00 0.000000000000000000e+00 0.000000000000000000e+00 0.000000000000000000e+00
1.845000000000147633e+00 0.000000000000000000e+00 0.000000000000000000e+00 0.000000000000000000e+00
1.850000000000147971e+00 0.000000000000000000e+00 0.000000000000000000e+00 0.000000000000000000e+00
1.855000000000148308e+00 0.000000000000000000e+00 0.000000000000000000e+00 0.000000000000000000e+00
1.860000000000148646e+00 0.000000000000000000e+00 0.000000000000000000e+00 0.000000000000000000e+00
1.865000000000149205e+00 0.000000000000000000e+00 0.000000000000000000e+00 0.000000000000000000e+00
1.870000000000149543e+00 0.000000000000000000e+00 0.000000000000000000e+00 0.000000000000000000e+00
1.875000000000149880e+00 0.000000000000000000e+00 0.000000000000000000e+00 0.000000000000000000e+00
1.880000000000150218e+00 0.000000000000000000e+00 0.000000000000000000e+00 0.000000000000000000e+00
1.885000000000150777e+00 0.000000000000000000e+00 0.000000000000000000e+00 0.000000000000000000e+00
1.890000000000151115e+00 0.000000000000000000e+00 0.000000000000000000e+00 0.000000000000000000e+00
1.895000000000151452e+00 0.000000000000000000e+00 0.000000000000000000e+00 0.000000000000000000e+00
1.900000000000152012e+00 0.000000000000000000e+00 0.000000000000000000e+00 0.000000000000000000e+00
1.905000000000152349e+00 0.000000000000000000e+00 0.000000000000000000e+00 0.000000000000000000e+00
1.910000000000152687e+00 0.000000000000000000e+00 0.000000000000000000e+00 0.000000000000000000e+00
1.915000000000153024e+00 0.000000000000000000e+00 0.000000000000000000e+00 0.000000000000000000e+00
1.920000000000153584e+00 0.000000000000000000e+00 0.000000000000000000e+00 0.000000000000000000e+00
1.925000000000153921e+00 0.000000000000000000e+00 0.000000000000000000e+00 0.000000000000000000e+00
1.930000000000154259e+00 0.000000000000000000e+00 0.000000000000000000e+00 0.000000000000000000e+00
1.935000000000154818e+00 0.000000000000000000e+00 0.000000000000000000e+00 0.000000000000000000e+00
1.940000000000155156e+00 0.000000000000000000e+00 0.000000000000000000e+00 0.000000000000000000e+00
1.945000000000155493e+00 0.000000000000000000e+00 0.000000000000000000e+00 0.000000000000000000e+00
1.950000000000155831e+00 0.000000000000000000e+00 0.000000000000000000e+00 0.000000000000000000e+00
1.955000000000156390e+00 0.000000000000000000e+00 0.000000000000000000e+00 0.000000000000000000e+00
1.960000000000156728e+00 0.000000000000000000e+00 0.000000000000000000e+00 0.000000000000000000e+00
1.965000000000157065e+00 0.000000000000000000e+00 0.000000000000000000e+00 0.000000000000000000e+00
1.970000000000157625e+00 0.000000000000000000e+00 0.000000000000000000e+00 0.000000000000000000e+00
1.975000000000157963e+00 0.000000000000000000e+00 0.000000000000000000e+00 0.000000000000000000e+00
1.980000000000158300e+00 0.000000000000000000e+00 0.000000000000000000e+00 0.000000000000000000e+00
1.985000000000158638e+00 0.000000000000000000e+00 0.000000000000000000e+00 0.000000000000000000e+00
1.990000000000159197e+00 0.000000000000000000e+00 0.000000000000000000e+00 0.000000000000000000e+00
1.995000000000159535e+00 0.000000000000000000e+00 0.000000000000000000e+00 0.000000000000000000e+00
2.000000000000159872e+00 0.000000000000000000e+00 0.000000000000000000e+00 0.000000000000000000e+00
2.005000000000160210e+00 0.000000000000000000e+00 0.000000000000000000e+00 0.000000000000000000e+00
2.010000000000160547e+00 0.000000000000000000e+00 0.000000000000000000e+00 0.000000000000000000e+00
2.015000000000161329e+00 0.000000000000000000e+00 0.000000000000000000e+00 0.000000000000000000e+00
2.020000000000161666e+00 0.000000000000000000e+00 0.000000000000000000e+00 0.000000000000000000e+00
2.025000000000162004e+00 0.000000000000000000e+00 0.000000000000000000e+00 0.000000000000000000e+00
2.030000000000162341e+00 0.000000000000000000e+00 0.000000000000000000e+00 0.000000000000000000e+00
2.035000000000162679e+00 0.000000000000000000e+00 0.000000000000000000e+00 0.000000000000000000e+00
2.040000000000163016e+00 0.000000000000000000e+00 0.000000000000000000e+00 0.000000000000000000e+00
2.045000000000163354e+00 0.000000000000000000e+00 0.000000000000000000e+00 0.000000000000000000e+00
2.050000000000164135e+00 0.000000000000000000e+00 0.000000000000000000e+00 0.000000000000000000e+00
2.055000000000164473e+00 0.000000000000000000e+00 0.000000000000000000e+00 0.000000000000000000e+00
2.060000000000164810e+00 0.000000000000000000e+00 0.000000000000000000e+00 0.000000000000000000e+00
2.065000000000165148e+00 0.000000000000000000e+00 0.000000000000000000e+00 0.000000000000000000e+00
2.070000000000165485e+00 0.000000000000000000e+00 0.000000000000000000e+00 0.000000000000000000e+00
2.075000000000165823e+00 0.000000000000000000e+00 0.000000000000000000e+00 0.000000000000000000e+00
2.080000000000166160e+00 0.000000000000000000e+00 0.000000000000000000e+00 0.000000000000000000e+00
2.085000000000166498e+00 0.000000000000000000e+00 0.000000000000000000e+00 0.000000000000000000e+00
2.090000000000167280e+00 0.000000000000000000e+00 0.000000000000000000e+00 0.000000000000000000e+00
2.095000000000167617e+00 0.000000000000000000e+00 0.000000000000000000e+00 0.000000000000000000e+00
2.100000000000167955e+00 0.000000000000000000e+00 0.000000000000000000e+00 0.000000000000000000e+00
2.105000000000168292e+00 0.000000000000000000e+00 0.000000000000000000e+00 0.000000000000000000e+00
2.110000000000168630e+00 0.000000000000000000e+00 0.000000000000000000e+00 0.000000000000000000e+00
2.115000000000168967e+00 0.000000000000000000e+00 0.000000000000000000e+00 0.000000000000000000e+00
2.120000000000169305e+00 0.000000000000000000e+00 0.000000000000000000e+00 0.000000000000000000e+00
2.125000000000170086e+00 0.000000000000000000e+00 0.000000000000000000e+00 0.000000000000000000e+00
2.130000000000170424e+00 0.000000000000000000e+00 0.000000000000000000e+00 0.000000000000000000e+00
2.135000000000170761e+00 0.000000000000000000e+00 0.000000000000000000e+00 0.000000000000000000e+00
2.140000000000171099e+00 0.000000000000000000e+00 0.000000000000000000e+00 0.000000000000000000e+00
2.145000000000171436e+00 0.000000000000000000e+00 0.000000000000000000e+00 0.000000000000000000e+00
2.150000000000171774e+00 0.000000000000000000e+00 0.000000000000000000e+00 0.000000000000000000e+00
2.155000000000172111e+00 0.000000000000000000e+00 0.000000000000000000e+00 0.000000000000000000e+00
2.160000000000172893e+00 0.000000000000000000e+00 0.000000000000000000e+00 0.000000000000000000e+00
2.165000000000173230e+00 0.000000000000000000e+00 0.000000000000000000e+00 0.000000000000000000e+00
2.170000000000173568e+00 0.000000000000000000e+00 0.000000000000000000e+00 0.000000000000000000e+00
2.175000000000173905e+00 0.000000000000000000e+00 0.000000000000000000e+00 0.000000000000000000e+00
2.180000000000174243e+00 0.000000000000000000e+00 0.000000000000000000e+00 0.000000000000000000e+00
2.185000000000174580e+00 0.000000000000000000e+00 0.000000000000000000e+00 0.000000000000000000e+00
2.190000000000174918e+00 0.000000000000000000e+00 0.000000000000000000e+00 0.000000000000000000e+00
2.195000000000175699e+00 0.000000000000000000e+00 0.000000000000000000e+00 0.000000000000000000e+00
2.200000000000176037e+00 0.000000000000000000e+00 0.000000000000000000e+00 0.000000000000000000e+00
2.205000000000176374e+00 0.000000000000000000e+00 0.000000000000000000e+00 0.000000000000000000e+00
2.210000000000176712e+00 0.000000000000000000e+00 0.000000000000000000e+00 0.000000000000000000e+00
2.215000000000177049e+00 0.000000000000000000e+00 0.000000000000000000e+00 0.000000000000000000e+00
2.220000000000177387e+00 0.000000000000000000e+00 0.000000000000000000e+00 0.000000000000000000e+00
2.225000000000177725e+00 0.000000000000000000e+00 0.000000000000000000e+00 0.000000000000000000e+00
2.230000000000178506e+00 0.000000000000000000e+00 0.000000000000000000e+00 0.000000000000000000e+00
2.235000000000178844e+00 0.000000000000000000e+00 0.000000000000000000e+00 0.000000000000000000e+00
2.240000000000179181e+00 0.000000000000000000e+00 0.000000000000000000e+00 0.000000000000000000e+00
2.245000000000179519e+00 0.000000000000000000e+00 0.000000000000000000e+00 0.000000000000000000e+00
2.250000000000179856e+00 0.000000000000000000e+00 0.000000000000000000e+00 0.000000000000000000e+00
2.255000000000180194e+00 0.000000000000000000e+00 0.000000000000000000e+00 0.000000000000000000e+00
2.260000000000180531e+00 0.000000000000000000e+00 0.000000000000000000e+00 0.000000000000000000e+00
2.265000000000181313e+00 0.000000000000000000e+00 0.000000000000000000e+00 0.000000000000000000e+00
2.270000000000181650e+00 0.000000000000000000e+00 0.000000000000000000e+00 0.000000000000000000e+00
2.275000000000181988e+00 0.000000000000000000e+00 0.000000000000000000e+00 0.000000000000000000e+00
2.280000000000182325e+00 0.000000000000000000e+00 0.000000000000000000e+00 0.000000000000000000e+00
2.285000000000182663e+00 0.000000000000000000e+00 0.000000000000000000e+00 0.000000000000000000e+00
2.290000000000183000e+00 0.000000000000000000e+00 0.000000000000000000e+00 0.000000000000000000e+00
2.295000000000183338e+00 0.000000000000000000e+00 0.000000000000000000e+00 0.000000000000000000e+00
2.300000000000184119e+00 0.000000000000000000e+00 0.000000000000000000e+00 0.000000000000000000e+00
2.305000000000184457e+00 0.000000000000000000e+00 0.000000000000000000e+00 0.000000000000000000e+00
2.310000000000184794e+00 0.000000000000000000e+00 0.000000000000000000e+00 0.000000000000000000e+00
2.315000000000185132e+00 0.000000000000000000e+00 0.000000000000000000e+00 0.000000000000000000e+00
2.320000000000185469e+00 0.000000000000000000e+00 0.000000000000000000e+00 0.000000000000000000e+00
2.325000000000185807e+00 0.000000000000000000e+00 0.000000000000000000e+00 0.000000000000000000e+00
2.330000000000186144e+00 0.000000000000000000e+00 0.000000000000000000e+00 0.000000000000000000e+00
2.335000000000186926e+00 0.000000000000000000e+00 0.000000000000000000e+00 0.000000000000000000e+00
2.340000000000187264e+00 0.000000000000000000e+00 0.000000000000000000e+00 0.000000000000000000e+00
2.345000000000187601e+00 0.000000000000000000e+00 0.000000000000000000e+00 0.000000000000000000e+00
2.350000000000187939e+00 0.000000000000000000e+00 0.000000000000000000e+00 0.000000000000000000e+00
2.355000000000188276e+00 0.000000000000000000e+00 0.000000000000000000e+00 0.000000000000000000e+00
2.360000000000188614e+00 0.000000000000000000e+00 0.000000000000000000e+00 0.000000000000000000e+00
2.365000000000188951e+00 0.000000000000000000e+00 0.000000000000000000e+00 0.000000000000000000e+00
2.370000000000189733e+00 0.000000000000000000e+00 0.000000000000000000e+00 0.000000000000000000e+00
2.375000000000190070e+00 0.000000000000000000e+00 0.000000000000000000e+00 0.000000000000000000e+00
2.380000000000190408e+00 0.000000000000000000e+00 0.000000000000000000e+00 0.000000000000000000e+00
2.385000000000190745e+00 0.000000000000000000e+00 0.000000000000000000e+00 0.000000000000000000e+00
2.390000000000191083e+00 0.000000000000000000e+00 0.000000000000000000e+00 0.000000000000000000e+00
2.395000000000191420e+00 0.000000000000000000e+00 0.000000000000000000e+00 0.000000000000000000e+00
2.400000000000191758e+00 0.000000000000000000e+00 0.000000000000000000e+00 0.000000000000000000e+00
2.405000000000192539e+00 0.000000000000000000e+00 0.000000000000000000e+00 0.000000000000000000e+00
2.410000000000192877e+00 0.000000000000000000e+00 0.000000000000000000e+00 0.000000000000000000e+00
2.415000000000193214e+00 0.000000000000000000e+00 0.000000000000000000e+00 0.000000000000000000e+00
2.420000000000193552e+00 0.000000000000000000e+00 0.000000000000000000e+00 0.000000000000000000e+00
2.425000000000193889e+00 0.000000000000000000e+00 0.000000000000000000e+00 0.000000000000000000e+00
2.430000000000194227e+00 0.000000000000000000e+00 0.000000000000000000e+00 0.000000000000000000e+00
2.435000000000194564e+00 0.000000000000000000e+00 0.000000000000000000e+00 0.000000000000000000e+00
2.440000000000194902e+00 0.000000000000000000e+00 0.000000000000000000e+00 0.000000000000000000e+00
2.445000000000195683e+00 0.000000000000000000e+00 0.000000000000000000e+00 0.000000000000000000e+00
2.450000000000196021e+00 0.000000000000000000e+00 0.000000000000000000e+00 0.000000000000000000e+00
2.455000000000196358e+00 0.000000000000000000e+00 0.000000000000000000e+00 0.000000000000000000e+00
2.460000000000196696e+00 0.000000000000000000e+00 0.000000000000000000e+00 0.000000000000000000e+00
2.465000000000197034e+00 0.000000000000000000e+00 0.000000000000000000e+00 0.000000000000000000e+00
2.470000000000197371e+00 0.000000000000000000e+00 0.000000000000000000e+00 0.000000000000000000e+00
2.475000000000197709e+00 0.000000000000000000e+00 0.000000000000000000e+00 0.000000000000000000e+00
2.480000000000198490e+00 0.000000000000000000e+00 0.000000000000000000e+00 0.000000000000000000e+00
2.485000000000198828e+00 0.000000000000000000e+00 0.000000000000000000e+00 0.000000000000000000e+00
2.490000000000199165e+00 0.000000000000000000e+00 0.000000000000000000e+00 0.000000000000000000e+00
2.495000000000199503e+00 0.000000000000000000e+00 0.000000000000000000e+00 0.000000000000000000e+00
2.500000000000199840e+00 0.000000000000000000e+00 0.000000000000000000e+00 0.000000000000000000e+00
2.505000000000200178e+00 0.000000000000000000e+00 0.000000000000000000e+00 0.000000000000000000e+00
2.510000000000200515e+00 0.000000000000000000e+00 0.000000000000000000e+00 0.000000000000000000e+00
2.515000000000201297e+00 0.000000000000000000e+00 0.000000000000000000e+00 0.000000000000000000e+00
2.520000000000201634e+00 0.000000000000000000e+00 0.000000000000000000e+00 0.000000000000000000e+00
2.525000000000201972e+00 0.000000000000000000e+00 0.000000000000000000e+00 0.000000000000000000e+00
2.530000000000202309e+00 0.000000000000000000e+00 0.000000000000000000e+00 0.000000000000000000e+00
2.535000000000202647e+00 0.000000000000000000e+00 0.000000000000000000e+00 0.000000000000000000e+00
2.540000000000202984e+00 0.000000000000000000e+00 0.000000000000000000e+00 0.000000000000000000e+00
2.545000000000203322e+00 0.000000000000000000e+00 0.000000000000000000e+00 0.000000000000000000e+00
2.550000000000204103e+00 0.000000000000000000e+00 0.000000000000000000e+00 0.000000000000000000e+00
2.555000000000204441e+00 0.000000000000000000e+00 0.000000000000000000e+00 0.000000000000000000e+00
2.560000000000204778e+00 0.000000000000000000e+00 0.000000000000000000e+00 0.000000000000000000e+00
