5.000000000000399958e-03 -3.475634801377476156e-06 4.235164736271501695e-22 4.235164736271501695e-22
1.000000000000079992e-02 -3.312738712785674611e-06 1.498468481178452735e-06 1.878051731782715398e-06
1.500000000000119987e-02 -2.775061832569754115e-06 2.484468344897608477e-06 3.813634218572148771e-06
2.000000000000159983e-02 -1.987387740723897880e-06 3.272385922441941736e-06 5.800153029881451009e-06
2.500000000000199979e-02 -1.051990211859443048e-06 3.904769423636425844e-06 7.737939623778077172e-06
3.000000000000239975e-02 -7.322156171491165080e-09 4.363221852338709912e-06 9.471698418805395630e-06
3.500000000000279970e-02 1.130589844977221730e-06 4.619031078055987636e-06 1.083040868440702670e-05
4.000000000000319966e-02 2.346386023357953061e-06 4.657269755071111749e-06 1.167404405064550843e-05
4.500000000000359962e-02 3.600131443471768848e-06 4.484911507643168592e-06 1.192394800903937376e-05
5.000000000000399958e-02 4.771840838066655466e-06 4.135758364954553210e-06 1.159044465435772786e-05
5.500000000000439954e-02 5.692736495999751794e-06 3.675204852650555402e-06 1.080246417107416542e-05
6.000000000000479949e-02 6.186493367329568822e-06 3.181109812380254201e-06 9.765943895758463422e-06
6.500000000000519251e-02 6.130639777505894652e-06 2.714960908340424995e-06 8.675214016135313077e-06
7.000000000000558553e-02 5.518306637794718924e-06 2.303884431141947516e-06 7.639582909214075963e-06
7.500000000000600631e-02 4.456787121603081125e-06 1.942243663899745825e-06 6.666444741197675271e-06
8.000000000000639933e-02 3.135759928193625398e-06 1.630361316980053494e-06 5.779480389297600165e-06
8.500000000000679234e-02 1.769391950849313342e-06 1.419765087296048212e-06 5.187831882392965628e-06
9.000000000000718536e-02 5.399853012702369226e-07 1.400654404913471220e-06 5.266379901514057444e-06
9.500000000000760614e-02 -4.462991657937021726e-07 1.578807836385134101e-06 6.098893005785751062e-06
1.000000000000079992e-01 -1.164391085695760041e-06 1.836010615062220230e-06 7.276710989370790455e-06
1.050000000000083922e-01 -1.655695417676317144e-06 2.052887181822772070e-06 8.337189464533507395e-06
1.100000000000087852e-01 -1.980825287596028802e-06 2.166793413408869456e-06 9.006867789570508081e-06
1.150000000000092060e-01 -2.194804713168818096e-06 2.166839002088468752e-06 9.209488348591734846e-06
1.200000000000095990e-01 -2.327007886648057216e-06 2.073198168959153462e-06 9.001012776040841025e-06
1.250000000000099920e-01 -2.386142321403670074e-06 1.920768013525514704e-06 8.511181655673932426e-06
1.300000000000103850e-01 -2.369095050383450487e-06 1.749669963880036046e-06 7.906563279731897582e-06
1.350000000000107780e-01 -2.285892316145967997e-06 1.602465067252004506e-06 7.379303858416383644e-06
1.400000000000111988e-01 -2.157335987353791125e-06 1.521133628708864663e-06 7.133313711950899763e-06
1.450000000000115918e-01 -2.001194057908480887e-06 1.525050586495432028e-06 7.278270449316259343e-06
1.500000000000119849e-01 -1.800425839329801148e-06 1.586855182184601145e-06 7.702697853007599269e-06
1.550000000000124056e-01 -1.520880266159963981e-06 1.655134780270110125e-06 8.166936003426534399e-06
1.600000000000127987e-01 -1.107339015040604154e-06 1.693603053883243111e-06 8.490466601730633399e-06
1.650000000000131917e-01 -5.275866434150251536e-07 1.702623834159352593e-06 8.668034260144809636e-06
1.700000000000135847e-01 2.088756308574387784e-07 1.711825519221876887e-06 8.845938090690435380e-06
1.750000000000139777e-01 1.053828083446854443e-06 1.752231757612182933e-06 9.186932175642950111e-06
1.800000000000143985e-01 1.937108987731299174e-06 1.828242058814353376e-06 9.721424032599176431e-06
1.850000000000147915e-01 2.800584951257880096e-06 1.913097520906174325e-06 1.031294998730682936e-05
1.900000000000151845e-01 3.613980114004045121e-06 1.972035550792145979e-06 1.077336760385902816e-05
1.950000000000156053e-01 4.356860748901578559e-06 1.984198766717643969e-06 1.098151905664160491e-05
2.000000000000159983e-01 4.992164783239208115e-06 1.949010259773765808e-06 1.092418538670183846e-05
2.050000000000163913e-01 5.449886961396863457e-06 1.880490353821284928e-06 1.067107025186065236e-05
2.100000000000167844e-01 5.648474742253871303e-06 1.796205998938404724e-06 1.031634193496199955e-05
2.150000000000171774e-01 5.532524955602245474e-06 1.713746696332351147e-06 9.959230846446722379e-06
2.200000000000175981e-01 5.120794043349259476e-06 1.646287546364000496e-06 9.677807332049495343e-06
2.250000000000179912e-01 4.501586475465954924e-06 1.605672723779178814e-06 9.545709805763505154e-06
2.300000000000183842e-01 3.817120640027629966e-06 1.595456944555527934e-06 9.589786649197212378e-06
2.350000000000188050e-01 3.196987397132866829e-06 1.605398365046185544e-06 9.753863778906528129e-06
2.400000000000191980e-01 2.719981334090702461e-06 1.617825157647666680e-06 9.933382155651971645e-06
2.450000000000195910e-01 2.375735381531436402e-06 1.620259290070311249e-06 1.005142186352736464e-05
2.500000000000199840e-01 2.100640910998727880e-06 1.611625602725222906e-06 1.009936575977608146e-05
2.550000000000203770e-01 1.804765532679763818e-06 1.600322195049752063e-06 1.012832100398878490e-05
2.600000000000207701e-01 1.430502075656298612e-06 1.596047069878633639e-06 1.019981530377650928e-05
2.650000000000211631e-01 9.739260556194092238e-07 1.602160070323194405e-06 1.033686345184306434e-05
2.700000000000216116e-01 4.827794618595137555e-07 1.612020033497973547e-06 1.049813746751016877e-05
2.750000000000220046e-01 3.213168722685589991e-08 1.614239668705509883e-06 1.060948494793572021e-05
2.800000000000223976e-01 -3.043430523795026210e-07 1.602392768317471680e-06 1.062693270653223539e-05
2.850000000000227907e-01 -4.888533933820818581e-07 1.579827184420969057e-06 1.057041287763258926e-05
2.900000000000231837e-01 -5.044899368250380617e-07 1.561470833797344482e-06 1.053884007113948429e-05
2.950000000000235767e-01 -3.544773545433869538e-07 1.561518361588892675e-06 1.062962740991698480e-05
3.000000000000239697e-01 -6.357466135713661878e-08 1.583372799646595159e-06 1.086935431403660510e-05
3.050000000000244182e-01 3.402305113390926707e-07 1.615346998448270626e-06 1.118087229807920018e-05
3.100000000000248113e-01 8.290208715199177477e-07 1.638327770744638937e-06 1.143250969464599479e-05
3.150000000000252043e-01 1.376971082916708854e-06 1.639472379481895682e-06 1.153238997304552363e-05
3.200000000000255973e-01 1.962652527600977628e-06 1.616785329150026433e-06 1.146270953095848556e-05
3.250000000000259903e-01 2.581357037407075432e-06 1.576095080909068772e-06 1.126118342899119826e-05
3.300000000000263833e-01 3.228718683776730281e-06 1.527664289254141386e-06 1.099878809995923662e-05
3.350000000000267764e-01 3.893333356663308894e-06 1.478781953108533721e-06 1.072720262110953454e-05
3.400000000000271694e-01 4.550832722727528055e-06 1.433333995949776850e-06 1.047482554521420688e-05
3.450000000000275624e-01 5.168905595647428617e-06 1.392342079073582450e-06 1.024980102136098924e-05
3.500000000000280109e-01 5.716340048400888222e-06 1.355537938695401091e-06 1.005091586967314857e-05
3.550000000000284039e-01 6.188438082630641211e-06 1.323675369645880663e-06 9.884520417379451943e-06
3.600000000000287970e-01 6.610938186825669844e-06 1.298879895345083536e-06 9.767427213065614774e-06
3.650000000000291900e-01 7.025614837910054369e-06 1.281164588102744659e-06 9.700883673078238858e-06
3.700000000000295830e-01 7.498281326915455507e-06 1.267964094156335344e-06 9.666466630131453563e-06
3.750000000000299760e-01 8.070075985138231177e-06 1.255551885307501281e-06 9.636298330858376459e-06
3.800000000000303690e-01 8.755122748063237970e-06 1.239615573969467762e-06 9.577204495330642140e-06
3.850000000000308176e-01 9.534827370247702646e-06 1.218326285889821453e-06 9.474448024794483882e-06
3.900000000000312106e-01 1.036501049607284042e-05 1.190188921846521759e-06 9.315542372656824893e-06
3.950000000000316036e-01 1.119502507383714486e-05 1.157097666361601656e-06 9.114408807207227252e-06
4.000000000000319966e-01 1.196895429023924370e-05 1.127363673509076371e-06 8.936222443096183428e-06
4.050000000000323896e-01 1.264834201954790130e-05 1.112453056931678121e-06 8.872972671196101757e-06
4.100000000000327827e-01 1.320788113141967989e-05 1.119724170000352428e-06 8.985927694796391914e-06
4.150000000000331757e-01 1.363701123483807381e-05 1.148363183611838420e-06 9.271782760719108141e-06
4.200000000000335687e-01 1.394842641589681725e-05 1.188004001440788857e-06 9.649448379176318955e-06
4.250000000000339617e-01 1.413890857579837063e-05 1.222059089243422502e-06 9.984966429077426638e-06
4.300000000000344103e-01 1.421725906317576576e-05 1.235796709222123288e-06 1.015643283171799261e-05
4.350000000000348033e-01 1.419534843327660803e-05 1.221643726788539065e-06 1.009832017451693496e-05
4.400000000000351963e-01 1.406456399373289708e-05 1.184307730681183386e-06 9.845796176415525067e-06
4.450000000000355893e-01 1.384805098802427862e-05 1.134872203708013448e-06 9.488267126231936081e-06
4.500000000000359823e-01 1.356970497341003849e-05 1.090326633369910417e-06 9.166906804564975178e-06
4.550000000000363753e-01 1.327362184297879537e-05 1.064032404296324224e-06 8.995400231013937059e-06
4.600000000000367684e-01 1.300692966455247381e-05 1.057212929143286647e-06 8.986722265513399008e-06
4.650000000000372169e-01 1.280015094143339001e-05 1.064116487578187539e-06 9.094432150527568184e-06
4.700000000000376099e-01 1.264540555532144394e-05 1.070211549356008801e-06 9.195566742590358618e-06
4.750000000000380029e-01 1.252671600805321686e-05 1.069316792664423025e-06 9.236621138955378651e-06
4.800000000000383960e-01 1.240093507989410005e-05 1.063208360690404997e-06 9.232066843829363190e-06
4.850000000000387890e-01 1.225310603678230854e-05 1.059876305198206903e-06 9.250942698862345932e-06
4.900000000000391820e-01 1.209751141735551923e-05 1.063712822154844194e-06 9.332164226353415840e-06
4.950000000000395750e-01 1.195073650060589669e-05 1.077323154598674808e-06 9.499670286265249924e-06
5.000000000000399680e-01 1.186933981815080430e-05 1.091416469086726186e-06 9.672426617872730464e-06
5.050000000000404166e-01 1.186319479297988068e-05 1.094687696836057224e-06 9.749803539436382527e-06
5.100000000000408651e-01 1.193213021548061379e-05 1.079339046574703552e-06 9.660573634222339540e-06
5.150000000000412026e-01 1.206274937395691090e-05 1.048851886795079954e-06 9.433605633047853318e-06
5.200000000000416511e-01 1.223399922976769788e-05 1.017238096138049533e-06 9.193570837592474494e-06
5.250000000000419886e-01 1.243699719863801645e-05 9.962568149289790824e-07 9.047131346023216486e-06
5.300000000000424372e-01 1.268273980266504103e-05 9.875658759749783991e-07 9.010812407207424805e-06
5.350000000000428857e-01 1.297348735260824698e-05 9.811713032011182381e-07 8.994596120363933359e-06
5.400000000000432232e-01 1.331741913018345919e-05 9.653371279712433354e-07 8.890697387028331778e-06
5.450000000000436717e-01 1.371222203479229585e-05 9.375678308363863920e-07 8.674828295547667978e-06
5.500000000000440092e-01 1.417020689517484581e-05 9.038152167402330641e-07 8.400805545426906506e-06
5.550000000000444578e-01 1.472878538330913350e-05 8.769790343332104779e-07 8.188335732951493751e-06
5.600000000000447953e-01 1.546693698514107069e-05 8.645677818215994755e-07 8.108732982537142947e-06
5.650000000000452438e-01 1.653996359725016781e-05 8.699119268133993707e-07 8.195197940481839405e-06
5.700000000000456923e-01 1.809768866305685753e-05 8.930759590581913813e-07 8.450565357757502033e-06
5.750000000000460298e-01 2.031558026048559373e-05 9.326398280687703173e-07 8.863552445846530138e-06
5.800000000000464784e-01 2.333117897027522903e-05 9.815363058356900411e-07 9.368720949921550089e-06
5.850000000000468159e-01 2.722453412235025647e-05 1.027218912934119455e-06 9.846930632131194240e-06
5.900000000000472644e-01 3.203630516027251537e-05 1.056810418554053653e-06 1.017379612485777399e-05
5.950000000000476019e-01 3.773034159981723270e-05 1.061282270326243170e-06 1.026004653130615872e-05
6.000000000000480505e-01 4.425181351135011511e-05 1.043406191795527995e-06 1.012952249655670101e-05
6.050000000000484990e-01 5.151204736990223508e-05 1.013268899129192267e-06 9.877847992454208845e-06
6.100000000000488365e-01 5.939876229460127840e-05 9.833232533220818840e-07 9.625452725695848505e-06
6.150000000000492850e-01 6.779208029169899352e-05 9.633104330786249835e-07 9.468120146673763096e-06
6.200000000000496225e-01 7.657209682157279772e-05 9.538057596483375570e-07 9.412732656704086377e-06
6.250000000000500711e-01 8.564523893050298418e-05 9.502024915246758799e-07 9.414908682282857548e-06
6.300000000000504086e-01 9.495058139764530909e-05 9.441821339360852101e-07 9.392603547428947570e-06
6.350000000000508571e-01 1.044688401722663974e-04 9.320170503049997789e-07 9.308306145236717804e-06
6.400000000000511946e-01 1.142144959262896594e-04 9.163944099503376891e-07 9.188240554781602098e-06
6.450000000000516431e-01 1.242123485084690819e-04 9.029641467354154306e-07 9.088878593981215758e-06
6.500000000000520917e-01 1.344798123234226231e-04 8.958689685533486809e-07 9.052345273997958056e-06
6.550000000000524292e-01 1.450184096742902187e-04 8.945710856456201734e-07 9.073930432009627293e-06
6.600000000000528777e-01 1.558059616729111883e-04 8.928100950443230497e-07 9.090567553893448848e-06
6.650000000000532152e-01 1.667985710060190634e-04 8.846319314242418162e-07 9.041351896504339029e-06
6.700000000000536637e-01 1.779412944995069574e-04 8.692856182627393599e-07 8.917843250201791582e-06
6.750000000000540012e-01 1.891594826061453638e-04 8.528762560275079993e-07 8.782089298421450653e-06
6.800000000000544498e-01 2.003562330260650823e-04 8.445534734581782537e-07 8.728538810292478270e-06
6.850000000000547873e-01 2.114265468589067009e-04 8.491880929930626548e-07 8.808645255145099477e-06
6.900000000000552358e-01 2.222499998630841119e-04 8.641596165927104184e-07 8.996600818214067012e-06
6.950000000000556843e-01 2.327019648446011942e-04 8.812465246468817322e-07 9.207670258069008891e-06
7.000000000000560219e-01 2.426643964795788971e-04 8.929137155989419165e-07 9.363073929315687442e-06
7.050000000000564704e-01 2.520573336926687415e-04 8.978865823070236528e-07 9.448785252850096171e-06
7.100000000000568079e-01 2.608487063935582785e-04 8.987364176849709133e-07 9.491207167114114104e-06
7.150000000000572564e-01 2.690533211716502563e-04 8.994678578443862889e-07 9.532319886611312695e-06
7.200000000000575939e-01 2.767253016236123891e-04 9.025580156576796874e-07 9.598454583108955311e-06
7.250000000000580425e-01 2.839337333579410993e-04 9.100792234173901964e-07 9.711988099871725295e-06
7.300000000000584910e-01 2.907154218503861499e-04 9.253443956097447744e-07 9.908884530668274804e-06
7.350000000000588285e-01 2.970651725775749546e-04 9.509780451436766518e-07 1.021819293879620023e-05
7.400000000000592770e-01 3.029199508539680633e-04 9.848313694578618080e-07 1.061787655690338319e-05
7.450000000000596145e-01 3.081778778981757866e-04 1.018843966729789740e-06 1.102162810720317955e-05
7.500000000000600631e-01 3.127206803103884823e-04 1.042340725148425144e-06 1.131358584591907541e-05
7.550000000000604006e-01 3.164486915776668682e-04 1.046497923998968255e-06 1.139650762654935719e-05
7.600000000000608491e-01 3.192926760206218515e-04 1.030832298849116011e-06 1.126301733147926127e-05
7.650000000000612976e-01 3.212304474336076738e-04 1.001046334366252570e-06 1.097349160571722090e-05
7.700000000000616351e-01 3.222826622759741486e-04 9.643590149540229602e-07 1.060581496196316425e-05
7.750000000000620837e-01 3.225017127756998935e-04 9.259106758557932507e-07 1.021597640869527352e-05
7.800000000000624212e-01 3.219606836804466614e-04 8.874459629956537045e-07 9.823113407632955591e-06
7.850000000000628697e-01 3.207520834938065897e-04 8.502816492036600334e-07 9.441860358917613402e-06
7.900000000000632072e-01 3.189908957649348906e-04 8.176525559611655249e-07 9.108403947414802124e-06
7.950000000000636557e-01 3.167961948059218758e-04 7.919200705250176517e-07 8.849624689549232288e-06
8.000000000000639933e-01 3.143095162028724686e-04 7.748379378329776558e-07 8.685919671371794971e-06
8.050000000000644418e-01 3.116717248199753253e-04 7.667799216194452718e-07 8.622408828206394048e-06
8.100000000000648903e-01 3.089910597328107082e-04 7.680210132893690994e-07 8.663144343398824333e-06
8.150000000000652278e-01 3.063713198984885019e-04 7.820610753184399569e-07 8.848698824336435187e-06
8.200000000000656764e-01 3.038710242925307062e-04 8.080354610486112477e-07 9.170590163701316936e-06
8.250000000000660139e-01 3.015093889177441902e-04 8.394582823965518572e-07 9.556217618964735208e-06
8.300000000000664624e-01 2.992949313795629628e-04 8.663158798374604933e-07 9.891798475052167457e-06
8.350000000000667999e-01 2.972215792704776876e-04 8.787075544045970723e-07 1.006346490479369024e-05
8.400000000000672484e-01 2.952631080141550563e-04 8.737830646928536581e-07 1.003698337237277584e-05
8.450000000000675859e-01 2.934197029500347194e-04 8.540469558791953904e-07 9.839432302714779601e-06
8.500000000000680345e-01 2.916695998205626195e-04 8.296107755688359682e-07 9.586140405963039545e-06
8.550000000000684830e-01 2.900118927358547082e-04 8.115771711191861914e-07 9.405303581328480799e-06
8.600000000000688205e-01 2.884477818893159320e-04 8.076212392083606515e-07 9.386785544191740026e-06
8.650000000000692690e-01 2.869690648544150069e-04 8.164301679415054793e-07 9.516714400989640700e-06
8.700000000000696065e-01 2.855839406616132248e-04 8.319899336542806964e-07 9.726075501121706672e-06
8.750000000000700551e-01 2.842808068551241994e-04 8.481541341875922235e-07 9.943487871580932792e-06
8.800000000000703926e-01 2.830635325293991687e-04 8.620052124359629048e-07 1.013470627728738847e-05
8.850000000000708411e-01 2.819155691193835512e-04 8.720877911695915104e-07 1.028233574182123037e-05
8.900000000000712896e-01 2.808387777418083981e-04 8.804036643995944886e-07 1.040966571678244010e-05
8.950000000000716271e-01 2.798159465497671050e-04 8.866528667686141429e-07 1.051296161606694998e-05
9.000000000000720757e-01 2.788348763263017198e-04 8.917371967137745569e-07 1.060273912207951731e-05
9.050000000000724132e-01 2.778927382436471643e-04 8.973936799113734861e-07 1.069959242762779516e-05
9.100000000000728617e-01 2.769769601561357635e-04 9.034673276563597638e-07 1.080172425173400174e-05
9.150000000000731992e-01 2.761033492571283001e-04 9.079921249751021535e-07 1.088560490437353096e-05
9.200000000000736478e-01 2.752785725336820877e-04 9.100074407226426237e-07 1.093953332365641655e-05
9.250000000000740963e-01 2.745275635905823478e-04 9.082332748640453313e-07 1.094783425939515305e-05
9.300000000000744338e-01 2.738736149210185627e-04 9.030661160739441684e-07 1.091493013568350396e-05
9.350000000000748823e-01 2.733436192524282544e-04 8.945160640777860083e-07 1.084061418262878306e-05
9.400000000000752198e-01 2.729492438920628821e-04 8.848513216168008291e-07 1.075212164600328130e-05
9.450000000000756684e-01 2.726758726676644772e-04 8.733223298598954260e-07 1.064021509626001192e-05
9.500000000000760059e-01 2.725095685433401088e-04 8.579567472703167939e-07 1.048062386865942346e-05
9.550000000000764544e-01 2.723922852669531159e-04 8.366040802874005461e-07 1.024664293731993162e-05
9.600000000000767919e-01 2.722634468997608688e-04 8.099721040243276351e-07 9.946393040876869179e-06
9.650000000000772404e-01 2.720775213991102654e-04 7.840526079568401448e-07 9.653144313945746248e-06
9.700000000000776890e-01 2.717839837470640034e-04 7.661388956403619029e-07 9.456998430944239998e-06
9.750000000000780265e-01 2.713656351528584507e-04 7.601478456782048336e-07 9.407198657458198246e-06
9.800000000000784750e-01 2.708214259229722669e-04 7.634480831145032950e-07 9.472235464179529929e-06
9.850000000000788125e-01 2.701504188302525779e-04 7.708849046579122811e-07 9.588873631243458826e-06
9.900000000000792610e-01 2.693801979172614634e-04 7.766963335893067079e-07 9.685650435327839187e-06
9.950000000000795985e-01 2.685002675288573242e-04 7.782073884744679732e-07 9.728969203581373483e-06
1.000000000000079936e+00 2.675253102166053987e-04 7.756431309907590869e-07 9.721245015824155132e-06
1.005000000000080274e+00 2.664558421095780021e-04 7.717783100558083045e-07 9.696958533148780388e-06
1.010000000000080833e+00 2.652942917464048782e-04 7.691354159165695956e-07 9.687761420001597549e-06
1.015000000000081171e+00 2.640506443091872693e-04 7.689335107839510861e-07 9.709162009256841437e-06
1.020000000000081508e+00 2.627143647944905056e-04 7.709734999601077310e-07 9.758868704463532684e-06
1.025000000000081846e+00 2.612929970990811356e-04 7.740995287916596622e-07 9.822423934797619555e-06
1.030000000000082405e+00 2.597644020545122434e-04 7.760504370822750245e-07 9.871166985692176289e-06
1.035000000000082743e+00 2.581285285670765475e-04 7.766062196779673014e-07 9.902183675863292594e-06
1.040000000000083080e+00 2.563615834145081991e-04 7.737777876182299759e-07 9.889922006461755304e-06
1.045000000000083418e+00 2.544781580516544315e-04 7.691625734373680593e-07 9.854537070410809553e-06
1.050000000000083977e+00 2.524629626010290069e-04 7.629735504891303147e-07 9.798600940122044004e-06
1.055000000000084315e+00 2.503112490666168548e-04 7.562658276526965750e-07 9.735553446101662074e-06
1.060000000000084652e+00 2.479980644493707869e-04 7.488281486752055057e-07 9.662622936534154871e-06
1.065000000000085212e+00 2.454959995511163352e-04 7.415301999074732783e-07 9.590993251476801970e-06
1.070000000000085549e+00 2.427817224825842759e-04 7.382836651134760753e-07 9.571391638990389792e-06
1.075000000000085887e+00 2.398501853829268125e-04 7.427345467064600550e-07 9.651566232445804832e-06
1.080000000000086224e+00 2.367256668992700954e-04 7.555408134449386107e-07 9.840785048617561398e-06
1.085000000000086784e+00 2.334486812310088643e-04 7.709795697222128063e-07 1.006509034242229537e-05
1.090000000000087121e+00 2.300748447084202154e-04 7.815098057703733376e-07 1.022604310547385309e-05
1.095000000000087459e+00 2.266420743614306580e-04 7.812733413619486168e-07 1.024636927578841603e-05
1.100000000000088018e+00 2.231668312591433443e-04 7.713096743544266147e-07 1.013876506556520987e-05
1.105000000000088356e+00 2.196446298142398909e-04 7.575432369500720486e-07 9.980412761921505992e-06
1.110000000000088693e+00 2.160519804375251479e-04 7.456365871341911474e-07 9.845746231259512382e-06
1.115000000000089031e+00 2.123722419686254533e-04 7.390863824732953170e-07 9.781209765127468509e-06
1.120000000000089591e+00 2.085918434682163826e-04 7.380127776154899704e-07 9.788876085001035031e-06
1.125000000000089928e+00 2.047157251806555503e-04 7.395192775148590426e-07 9.830728434375970160e-06
1.130000000000090266e+00 2.007561049177081073e-04 7.406659492825712467e-07 9.867827285038622556e-06
1.135000000000090825e+00 1.967155482698273007e-04 7.378025880873366343e-07 9.851402049681778035e-06
1.140000000000091163e+00 1.926032878770755972e-04 7.294034291227413254e-07 9.760682024235788144e-06
1.145000000000091500e+00 1.884153952950821129e-04 7.168955000598084161e-07 9.614319186103554370e-06
1.150000000000091838e+00 1.841457869024572367e-04 7.019670086784507105e-07 9.434644927633256524e-06
1.155000000000092397e+00 1.797939970455077381e-04 6.890348482500525765e-07 9.280943263347232972e-06
1.160000000000092735e+00 1.753561744213045408e-04 6.809695228748372295e-07 9.192139538649223338e-06
1.165000000000093072e+00 1.708472159148627975e-04 6.804044542725542797e-07 9.204284822578715262e-06
1.170000000000093632e+00 1.662742189597120974e-04 6.883755798928413137e-07 9.332077240284719540e-06
1.175000000000093969e+00 1.616425196609631680e-04 7.041859632824081711e-07 9.566789886346884961e-06
1.180000000000094307e+00 1.569691848726823154e-04 7.244956302787179241e-07 9.863628631480986903e-06
1.185000000000094644e+00 1.522492309108036603e-04 7.442715258998534519e-07 1.015431234026996528e-05
1.190000000000095204e+00 1.474948802382950895e-04 7.586634145705666756e-07 1.037247891239989014e-05
1.195000000000095541e+00 1.427308014518656313e-04 7.645788447087596594e-07 1.047529273820062062e-05
1.200000000000095879e+00 1.379766155490095452e-04 7.627023291081932107e-07 1.047142132676301055e-05
1.205000000000096438e+00 1.332690628935301335e-04 7.560301370136878356e-07 1.040141848138613656e-05
1.210000000000096776e+00 1.286326138115015697e-04 7.473992259147563847e-07 1.030398617663429277e-05
1.215000000000097113e+00 1.240841394182164734e-04 7.398906334025865111e-07 1.022152292262460741e-05
1.220000000000097451e+00 1.196065632094108508e-04 7.333895289619295384e-07 1.015253648404805344e-05
1.225000000000098010e+00 1.151960020501244469e-04 7.282840119069161636e-07 1.010249766680286108e-05
1.230000000000098348e+00 1.108363719714465989e-04 7.251471611534820821e-07 1.007949201974743349e-05
1.235000000000098686e+00 1.065214284155205398e-04 7.254090445569217888e-07 1.010360556563889312e-05
1.240000000000099023e+00 1.022605027749389780e-04 7.297780786502619825e-07 1.018501316780727990e-05
1.245000000000099583e+00 9.805613796994917027e-05 7.373811198944533840e-07 1.031185097035761575e-05
1.250000000000099920e+00 9.391145095965372307e-05 7.444176818709838594e-07 1.043113642054584703e-05
1.255000000000100258e+00 8.979688898875238232e-05 7.483405695980434721e-07 1.050705707990417422e-05
1.260000000000100817e+00 8.567087515733005270e-05 7.472693149838791603e-07 1.051289581103900408e-05
1.265000000000101155e+00 8.146837180102029625e-05 7.465409356474921187e-07 1.052346662365017811e-05
1.270000000000101492e+00 7.711889328696595208e-05 7.556260884654357050e-07 1.067256338516452149e-05
1.275000000000101830e+00 7.259429979348063877e-05 7.877104961238942948e-07 1.114760735194560036e-05
1.280000000000102389e+00 6.789327216821337688e-05 8.503798860367146749e-07 1.205807282990743256e-05
1.285000000000102727e+00 5.999006517318344607e-05 1.475567721899245132e-06 2.096383094307804651e-05
1.290000000000103064e+00 5.371610966338022266e-05 1.687634059136398918e-06 2.402332270583885793e-05
1.295000000000103624e+00 4.874639870481947565e-05 1.747431602033758140e-06 2.492269532319723281e-05
1.300000000000103961e+00 4.444503701902877818e-05 1.762812661945887157e-06 2.519055731798986803e-05
1.305000000000104299e+00 4.086502051426634078e-05 1.748269589694447547e-06 2.503073472733517114e-05
1.310000000000104636e+00 3.776299446191274246e-05 1.715026825685181782e-06 2.460177848688365417e-05
1.315000000000105196e+00 3.492619677177336533e-05 1.674172553372529814e-06 2.406151855007823841e-05
1.320000000000105533e+00 3.246171095012600685e-05 1.621495148538433469e-06 2.334869207762075796e-05
1.325000000000105871e+00 3.010353411776689415e-05 1.569217417245505425e-06 2.263867461978165399e-05
1.330000000000106430e+00 2.786100229391636884e-05 1.515773180601288223e-06 2.190886995860456899e-05
1.335000000000106768e+00 2.585597082592013847e-05 1.456103310155869797e-06 2.108593000397665661e-05
1.340000000000107105e+00 2.388478619966474470e-05 1.395171842542763178e-06 2.024137637704118194e-05
1.345000000000107443e+00 2.198043941760324227e-05 1.333703952162793354e-06 1.938565675538163715e-05
1.350000000000108002e+00 2.021013560341014133e-05 1.274856054792621987e-06 1.856470163072986509e-05
1.355000000000108340e+00 1.856627244032332390e-05 1.217754834108015833e-06 1.776599143427738453e-05
1.360000000000108678e+00 1.709184379173700900e-05 1.157968838958168546e-06 1.692490600119146460e-05
1.365000000000109015e+00 1.568874086534577635e-05 1.096079052803199000e-06 1.604974520467747465e-05
1.370000000000109575e+00 1.425380651844214013e-05 1.033455291287195476e-06 1.516044381594581557e-05
1.375000000000109912e+00 1.294431552798228377e-05 9.671409724695842618e-07 1.421350118204400908e-05
1.380000000000110250e+00 1.165703709357952738e-05 9.011621688460534930e-07 1.326790744526801167e-05
1.385000000000110809e+00 1.043850709263560843e-05 8.375377518957460919e-07 1.235347717466643194e-05
1.390000000000111147e+00 9.227897750896759581e-06 7.777711769628480136e-07 1.149262360747728153e-05
1.395000000000111484e+00 8.217215108742236370e-06 7.257758788664998365e-07 1.074359362063438880e-05
1.400000000000111822e+00 7.225452668073853161e-06 6.801718314544128010e-07 1.008654890389753046e-05
1.405000000000112381e+00 6.396923845108202213e-06 6.432128829711928095e-07 9.555487198140342106e-06
1.410000000000112719e+00 5.822539923455229205e-06 6.168392466983768926e-07 9.179974883380761464e-06
1.415000000000113056e+00 5.356419344751121659e-06 5.950886454416392979e-07 8.871965049182954551e-06
1.420000000000113616e+00 5.026372346927902693e-06 5.755264269796468324e-07 8.595465094653341841e-06
1.425000000000113953e+00 4.765297018709555176e-06 5.581376149616149792e-07 8.350426599240646456e-06
1.430000000000114291e+00 4.504270571486576686e-06 5.380275269406229739e-07 8.063664557750311576e-06
1.435000000000114628e+00 4.222411631941927699e-06 5.212777552626174588e-07 7.826274593142697509e-06
1.440000000000115188e+00 4.024556193189326463e-06 5.032712361221780073e-07 7.569083461634377828e-06
1.445000000000115525e+00 3.800561166587150144e-06 4.893250098984853305e-07 7.372100984181369527e-06
1.450000000000115863e+00 3.576773199144129515e-06 4.786593248737834213e-07 7.223879010378341957e-06
1.455000000000116422e+00 3.390839996313676238e-06 4.718100389178517505e-07 7.132776443367826510e-06
1.460000000000116760e+00 3.170346432790838913e-06 4.631535392213978304e-07 7.013928808967264388e-06
1.465000000000117097e+00 2.917959429962863807e-06 4.499840916635623555e-07 6.826151318311370773e-06
1.470000000000117435e+00 2.641053770456310856e-06 4.333808260213890763e-07 6.585493097622347864e-06
1.475000000000117995e+00 2.351145859522670832e-06 4.111393705820681823e-07 6.258136266262122294e-06
1.480000000000118332e+00 2.067418570460552268e-06 3.887744499638137488e-07 5.927731336467259979e-06
1.485000000000118670e+00 1.868595846246539484e-06 3.698780496512689598e-07 5.649132019878691697e-06
1.490000000000119229e+00 1.715278064963415654e-06 3.542522659829331332e-07 5.419580975936344820e-06
1.495000000000119567e+00 1.650357329479405416e-06 3.460419668911173378e-07 5.302849562484659838e-06
1.500000000000119904e+00 1.616010776796481371e-06 3.419754222411379043e-07 5.249288745609719743e-06
1.505000000000120242e+00 1.614378464149623679e-06 3.406161315895677898e-07 5.237130559188837322e-06
1.510000000000120801e+00 1.608942541483081960e-06 3.435396526572334831e-07 5.290847993272665145e-06
1.515000000000121139e+00 1.592051664048775724e-06 3.469747461122554767e-07 5.352591765007871363e-06
1.520000000000121476e+00 1.458290709764932739e-06 3.492133943281503757e-07 5.396008504926399109e-06
1.525000000000122036e+00 1.306994261633480037e-06 3.483393652421200075e-07 5.391348632591103391e-06
1.530000000000122373e+00 1.110260075566792836e-06 3.427019200609803319e-07 5.312784394869007644e-06
1.535000000000122711e+00 9.220409774467820469e-07 3.308846961522219291e-07 5.137961070468861749e-06
1.540000000000123048e+00 7.334308877873391062e-07 3.111769101167192067e-07 4.839802761480633576e-06
1.545000000000123608e+00 6.017361088864188184e-07 2.911874969762194193e-07 4.536249190184618247e-06
1.550000000000123945e+00 5.374811587647624217e-07 2.691304064670813027e-07 4.199412676828375148e-06
1.555000000000124283e+00 4.982101873122288935e-07 2.458690211929944582e-07 3.842633348613558176e-06
1.560000000000124620e+00 4.627454803963278274e-07 2.284538507975273926e-07 3.576191120984774622e-06
1.565000000000125180e+00 3.700370349031975159e-07 2.167636379772503412e-07 3.398627292656557959e-06
1.570000000000125517e+00 2.631702378607534048e-07 2.119740854406979878e-07 3.328837037643853242e-06
1.575000000000125855e+00 1.150678548572588798e-07 2.176640218143590545e-07 3.423630344785871758e-06
1.580000000000126414e+00 -5.752612435387631808e-08 2.276567009938796433e-07 3.586484185181857555e-06
1.585000000000126752e+00 -1.732213152253199400e-07 2.397771639885565084e-07 3.783401145330540507e-06
1.590000000000127089e+00 -3.121642106456808107e-07 2.436593737932320099e-07 3.850717196258737596e-06
1.595000000000127427e+00 -3.319702052307835265e-07 2.469156080796857293e-07 3.908308396931216045e-06
1.600000000000127987e+00 -3.431756662842736618e-07 2.424931276339874954e-07 3.844318528934718708e-06
1.605000000000128324e+00 -3.293148992113314500e-07 2.398630352090473374e-07 3.808559824107498012e-06
1.610000000000128662e+00 -2.458449877139863799e-07 2.312288082797568015e-07 3.677179391077911378e-06
1.615000000000129221e+00 -2.246072493285300111e-07 2.247104772429390432e-07 3.579064490613437252e-06
1.620000000000129559e+00 -1.701205324237124441e-07 2.180207155030976699e-07 3.477884910935911567e-06
1.625000000000129896e+00 -1.033856822298292956e-07 2.075053862424952111e-07 3.315247799009464641e-06
1.630000000000130234e+00 -1.211216089729281143e-07 2.022971102716293084e-07 3.237005369611271050e-06
1.635000000000130793e+00 -1.040956778484733276e-07 2.007233219135762955e-07 3.216745135175826235e-06
1.640000000000131131e+00 -1.185374920580463830e-07 2.031521583991187838e-07 3.260643389372813841e-06
1.645000000000131468e+00 -1.155334374817924893e-07 2.050513450674764264e-07 3.296138956486474260e-06
1.650000000000132028e+00 -1.477189567066614031e-07 2.080203084921043426e-07 3.348942158973606844e-06
1.655000000000132365e+00 -1.517954558148680356e-07 2.096715189860508251e-07 3.380635744352918755e-06
1.660000000000132703e+00 -1.192122513041651172e-07 2.025963202046279590e-07 3.271489535480146749e-06
1.665000000000133040e+00 -1.196720568080238565e-07 1.986201391728825371e-07 3.212109481159563754e-06
1.670000000000133600e+00 -7.522970889666790557e-08 1.976135275833362813e-07 3.200625380991852351e-06
1.675000000000133937e+00 -1.064256336163071496e-07 1.921245226468184407e-07 3.116378113847053747e-06
1.680000000000134275e+00 -1.156231777459575340e-07 1.939710113824275908e-07 3.151021813262209022e-06
1.685000000000134612e+00 -1.285107298937194724e-07 1.949270225411193580e-07 3.171260661017793567e-06
1.690000000000135172e+00 -1.755816232873908137e-07 1.903619506336754575e-07 3.101583211169954472e-06
1.695000000000135509e+00 -2.084078778175967785e-07 1.862738365203018777e-07 3.039461517906317132e-06
1.700000000000135847e+00 -1.993914155506142291e-07 1.771280025001067315e-07 2.894487139256188104e-06
1.705000000000136406e+00 -2.192619891878517192e-07 1.698213174702711116e-07 2.779165027046156821e-06
1.710000000000136744e+00 -2.408133694033044566e-07 1.626693449121471652e-07 2.666021892830792123e-06
1.715000000000137081e+00 -2.180313146587228087e-07 1.570558764163307760e-07 2.577782026993275233e-06
1.720000000000137419e+00 -1.660514313139687339e-07 1.469045284817815533e-07 2.414678668532104886e-06
1.725000000000137979e+00 -1.255481929446531920e-07 1.390430972699176540e-07 2.288779324265621453e-06
1.730000000000138316e+00 -1.071269257616443859e-07 1.347016441073627394e-07 2.220526122560104620e-06
1.735000000000138654e+00 -8.595785197073321203e-08 1.332070080389549514e-07 2.199058343346330620e-06
1.740000000000139213e+00 -1.511058973175262353e-08 1.282841333875134889e-07 2.120838054255054180e-06
1.745000000000139551e+00 3.152710225249076855e-08 1.347565448689364587e-07 2.231040845742783249e-06
1.750000000000139888e+00 5.552038926343017658e-08 1.422168340481227365e-07 2.357924903069134966e-06
1.755000000000140226e+00 6.673555589424039289e-08 1.474766532456248933e-07 2.448622141881942460e-06
1.760000000000140785e+00 7.289125435877894547e-08 1.485998283548535265e-07 2.470782861462353466e-06
1.765000000000141123e+00 6.131063596417609344e-08 1.484798176283162170e-07 2.472291745433180321e-06
1.770000000000141460e+00 9.995686501623043469e-08 1.461148503897744334e-07 2.436357019697596562e-06
1.775000000000142020e+00 6.263258009975701659e-08 1.418838972828889126e-07 2.369148188757101977e-06
1.780000000000142357e+00 3.123196410629943182e-08 1.316323648816616069e-07 2.201063760966300928e-06
1.785000000000142695e+00 3.144094211417617485e-08 1.236417369736794986e-07 2.070351790783599856e-06
1.790000000000143032e+00 2.765891957763767231e-08 1.064642448308432935e-07 1.785213785906686726e-06
1.795000000000143592e+00 -8.654442609557123770e-09 7.909803894706834911e-08 1.328182890099858859e-06
1.800000000000143929e+00 -8.564077889609770899e-09 6.789750663238558522e-08 1.141694784869569467e-06
1.805000000000144267e+00 -1.923941916968807139e-09 5.659057723136374856e-08 9.528897721176566598e-07
1.810000000000144826e+00 0.000000000000000000e+00 0.000000000000000000e+00 0.000000000000000000e+00
1.815000000000145164e+00 0.000000000000000000e+00 0.000000000000000000e+00 0.000000000000000000e+00
1.820000000000145501e+00 0.000000000000000000e+00 0.000000000000000000e+00 0.000000000000000000e+00
1.825000000000145839e+00 0.000000000000000000e+00 0.000000000000000000e+00 0.000000000000000000e+00
1.830000000000146398e+00 0.000000000000000000e+00 0.000000000000000000e+00 0.000000000000000000e+00
1.835000000000146736e+00 0.000000000000000000e+00 0.000000000000000000e+00 0.000000000000000000e+00
1.840000000000147073e+00 0.000000000000000000e+00 0.000000000000000000e+00 0.000000000000000000e+00
1.845000000000147633e+00 0.000000000000000000e+00 0.000000000000000000e+00 0.000000000000000000e+00
1.850000000000147971e+00 0.000000000000000000e+00 0.000000000000000000e+00 0.000000000000000000e+00
1.855000000000148308e+00 0.000000000000000000e+00 0.000000000000000000e+00 0.000000000000000000e+00
1.860000000000148646e+00 0.000000000000000000e+00 0.000000000000000000e+00 0.000000000000000000e+00
1.865000000000149205e+00 0.000000000000000000e+00 0.000000000000000000e+00 0.000000000000000000e+00
1.870000000000149543e+00 0.000000000000000000e+00 0.000000000000000000e+00 0.000000000000000000e+00
1.875000000000149880e+00 0.000000000000000000e+00 0.000000000000000000e+00 0.000000000000000000e+00
1.880000000000150218e+00 0.000000000000000000e+00 0.000000000000000000e+00 0.000000000000000000e+00
1.885000000000150777e+00 0.000000000000000000e+00 0.000000000000000000e+00 0.000000000000000000e+00
1.890000000000151115e+00 0.000000000000000000e+00 0.000000000000000000e+00 0.000000000000000000e+00
1.895000000000151452e+00 0.000000000000000000e+00 0.000000000000000000e+00 0.000000000000000000e+00
1.900000000000152012e+00 0.000000000000000000e+00 0.000000000000000000e+00 0.000000000000000000e+00
1.905000000000152349e+00 0.000000000000000000e+00 0.000000000000000000e+00 0.000000000000000000e+00
1.910000000000152687e+00 0.000000000000000000e+00 0.000000000000000000e+00 0.000000000000000000e+00
1.915000000000153024e+00 0.000000000000000000e+00 0.000000000000000000e+00 0.000000000000000000e+00
1.920000000000153584e+00 0.000000000000000000e+00 0.000000000000000000e+00 0.000000000000000000e+00
1.925000000000153921e+00 0.000000000000000000e+00 0.000000000000000000e+00 0.000000000000000000e+00
1.930000000000154259e+00 0.000000000000000000e+00 0.000000000000000000e+00 0.000000000000000000e+00
1.935000000000154818e+00 0.000000000000000000e+00 0.000000000000000000e+00 0.000000000000000000e+00
1.940000000000155156e+00 0.000000000000000000e+00 0.000000000000000000e+00 0.000000000000000000e+00
1.945000000000155493e+00 0.000000000000000000e+00 0.000000000000000000e+00 0.000000000000000000e+00
1.950000000000155831e+00 0.000000000000000000e+00 0.000000000000000000e+00 0.000000000000000000e+00
1.955000000000156390e+00 0.000000000000000000e+00 0.000000000000000000e+00 0.000000000000000000e+00
1.960000000000156728e+00 0.000000000000000000e+00 0.000000000000000000e+00 0.000000000000000000e+00
1.965000000000157065e+00 0.000000000000000000e+00 0.000000000000000000e+00 0.000000000000000000e+00
1.970000000000157625e+00 0.000000000000000000e+00 0.000000000000000000e+00 0.000000000000000000e+00
1.975000000000157963e+00 0.000000000000000000e+00 0.000000000000000000e+00 0.000000000000000000e+00
1.980000000000158300e+00 0.000000000000000000e+00 0.000000000000000000e+00 0.000000000000000000e+00
1.985000000000158638e+00 0.000000000000000000e+00 0.000000000000000000e+00 0.000000000000000000e+00
1.990000000000159197e+00 0.000000000000000000e+00 0.000000000000000000e+00 0.000000000000000000e+00
1.995000000000159535e+00 0.000000000000000000e+00 0.000000000000000000e+00 0.000000000000000000e+00
2.000000000000159872e+00 0.000000000000000000e+00 0.000000000000000000e+00 0.000000000000000000e+00
2.005000000000160210e+00 0.000000000000000000e+00 0.000000000000000000e+00 0.000000000000000000e+00
2.010000000000160547e+00 0.000000000000000000e+00 0.000000000000000000e+00 0.000000000000000000e+00
2.015000000000161329e+00 0.000000000000000000e+00 0.000000000000000000e+00 0.000000000000000000e+00
2.020000000000161666e+00 0.000000000000000000e+00 0.000000000000000000e+00 0.000000000000000000e+00
2.025000000000162004e+00 0.000000000000000000e+00 0.000000000000000000e+00 0.000000000000000000e+00
2.030000000000162341e+00 0.000000000000000000e+00 0.000000000000000000e+00 0.000000000000000000e+00
2.035000000000162679e+00 0.000000000000000000e+00 0.000000000000000000e+00 0.000000000000000000e+00
2.040000000000163016e+00 0.000000000000000000e+00 0.000000000000000000e+00 0.000000000000000000e+00
2.045000000000163354e+00 0.000000000000000000e+00 0.000000000000000000e+00 0.000000000000000000e+00
2.050000000000164135e+00 0.000000000000000000e+00 0.000000000000000000e+00 0.000000000000000000e+00
2.055000000000164473e+00 0.000000000000000000e+00 0.000000000000000000e+00 0.000000000000000000e+00
2.060000000000164810e+00 0.000000000000000000e+00 0.000000000000000000e+00 0.000000000000000000e+00
2.065000000000165148e+00 0.000000000000000000e+00 0.000000000000000000e+00 0.000000000000000000e+00
2.070000000000165485e+00 0.000000000000000000e+00 0.000000000000000000e+00 0.000000000000000000e+00
2.075000000000165823e+00 0.000000000000000000e+00 0.000000000000000000e+00 0.000000000000000000e+00
2.080000000000166160e+00 0.000000000000000000e+00 0.000000000000000000e+00 0.000000000000000000e+00
2.085000000000166498e+00 0.000000000000000000e+00 0.000000000000000000e+00 0.000000000000000000e+00
2.090000000000167280e+00 0.000000000000000000e+00 0.000000000000000000e+00 0.000000000000000000e+00
2.095000000000167617e+00 0.000000000000000000e+00 0.000000000000000000e+00 0.000000000000000000e+00
2.100000000000167955e+00 0.000000000000000000e+00 0.000000000000000000e+00 0.000000000000000000e+00
2.105000000000168292e+00 0.000000000000000000e+00 0.000000000000000000e+00 0.000000000000000000e+00
2.110000000000168630e+00 0.000000000000000000e+00 0.000000000000000000e+00 0.000000000000000000e+00
2.115000000000168967e+00 0.000000000000000000e+00 0.000000000000000000e+00 0.000000000000000000e+00
2.120000000000169305e+00 0.000000000000000000e+00 0.000000000000000000e+00 0.000000000000000000e+00
2.125000000000170086e+00 0.000000000000000000e+00 0.000000000000000000e+00 0.000000000000000000e+00
2.130000000000170424e+00 0.000000000000000000e+00 0.000000000000000000e+00 0.000000000000000000e+00
2.135000000000170761e+00 0.000000000000000000e+00 0.000000000000000000e+00 0.000000000000000000e+00
2.140000000000171099e+00 0.000000000000000000e+00 0.000000000000000000e+00 0.000000000000000000e+00
2.145000000000171436e+00 0.000000000000000000e+00 0.000000000000000000e+00 0.000000000000000000e+00
2.150000000000171774e+00 0.000000000000000000e+00 0.000000000000000000e+00 0.000000000000000000e+00
2.155000000000172111e+00 0.000000000000000000e+00 0.000000000000000000e+00 0.000000000000000000e+00
2.160000000000172893e+00 0.000000000000000000e+00 0.000000000000000000e+00 0.000000000000000000e+00
2.165000000000173230e+00 0.000000000000000000e+00 0.000000000000000000e+00 0.000000000000000000e+00
2.170000000000173568e+00 0.000000000000000000e+00 0.000000000000000000e+00 0.000000000000000000e+00
2.175000000000173905e+00 0.000000000000000000e+00 0.000000000000000000e+00 0.000000000000000000e+00
2.180000000000174243e+00 0.000000000000000000e+00 0.000000000000000000e+00 0.000000000000000000e+00
2.185000000000174580e+00 0.000000000000000000e+00 0.000000000000000000e+00 0.000000000000000000e+00
2.190000000000174918e+00 0.000000000000000000e+00 0.000000000000000000e+00 0.000000000000000000e+00
2.195000000000175699e+00 0.000000000000000000e+00 0.000000000000000000e+00 0.000000000000000000e+00
2.200000000000176037e+00 0.000000000000000000e+00 0.000000000000000000e+00 0.000000000000000000e+00
2.205000000000176374e+00 0.000000000000000000e+00 0.000000000000000000e+00 0.000000000000000000e+00
2.210000000000176712e+00 0.000000000000000000e+00 0.000000000000000000e+00 0.000000000000000000e+00
2.215000000000177049e+00 0.000000000000000000e+00 0.000000000000000000e+00 0.000000000000000000e+00
2.220000000000177387e+00 0.000000000000000000e+00 0.000000000000000000e+00 0.000000000000000000e+00
2.225000000000177725e+00 0.000000000000000000e+00 0.000000000000000000e+00 0.000000000000000000e+00
2.230000000000178506e+00 0.000000000000000000e+00 0.000000000000000000e+00 0.000000000000000000e+00
2.235000000000178844e+00 0.000000000000000000e+00 0.000000000000000000e+00 0.000000000000000000e+00
2.240000000000179181e+00 0.000000000000000000e+00 0.000000000000000000e+00 0.000000000000000000e+00
2.245000000000179519e+00 0.000000000000000000e+00 0.000000000000000000e+00 0.000000000000000000e+00
2.250000000000179856e+00 0.000000000000000000e+00 0.000000000000000000e+00 0.000000000000000000e+00
2.255000000000180194e+00 0.000000000000000000e+00 0.000000000000000000e+00 0.000000000000000000e+00
2.260000000000180531e+00 0.000000000000000000e+00 0.000000000000000000e+00 0.000000000000000000e+00
2.265000000000181313e+00 0.000000000000000000e+00 0.000000000000000000e+00 0.000000000000000000e+00
2.270000000000181650e+00 0.000000000000000000e+00 0.000000000000000000e+00 0.000000000000000000e+00
2.275000000000181988e+00 0.000000000000000000e+00 0.000000000000000000e+00 0.000000000000000000e+00
2.280000000000182325e+00 0.000000000000000000e+00 0.000000000000000000e+00 0.000000000000000000e+00
2.285000000000182663e+00 0.000000000000000000e+00 0.000000000000000000e+00 0.000000000000000000e+00
2.290000000000183000e+00 0.000000000000000000e+00 0.000000000000000000e+00 0.000000000000000000e+00
2.295000000000183338e+00 0.000000000000000000e+00 0.000000000000000000e+00 0.000000000000000000e+00
2.300000000000184119e+00 0.000000000000000000e+00 0.000000000000000000e+00 0.000000000000000000e+00
2.305000000000184457e+00 0.000000000000000000e+00 0.000000000000000000e+00 0.000000000000000000e+00
2.310000000000184794e+00 0.000000000000000000e+00 0.000000000000000000e+00 0.000000000000000000e+00
2.315000000000185132e+00 0.000000000000000000e+00 0.000000000000000000e+00 0.000000000000000000e+00
2.320000000000185469e+00 0.000000000000000000e+00 0.000000000000000000e+00 0.000000000000000000e+00
2.325000000000185807e+00 0.000000000000000000e+00 0.000000000000000000e+00 0.000000000000000000e+00
2.330000000000186144e+00 0.000000000000000000e+00 0.000000000000000000e+00 0.000000000000000000e+00
2.335000000000186926e+00 0.000000000000000000e+00 0.000000000000000000e+00 0.000000000000000000e+00
2.340000000000187264e+00 0.000000000000000000e+00 0.000000000000000000e+00 0.000000000000000000e+00
2.345000000000187601e+00 0.000000000000000000e+00 0.000000000000000000e+00 0.000000000000000000e+00
2.350000000000187939e+00 0.000000000000000000e+00 0.000000000000000000e+00 0.000000000000000000e+00
2.355000000000188276e+00 0.000000000000000000e+00 0.000000000000000000e+00 0.000000000000000000e+00
2.360000000000188614e+00 0.000000000000000000e+00 0.000000000000000000e+00 0.000000000000000000e+00
2.365000000000188951e+00 0.000000000000000000e+00 0.000000000000000000e+00 0.000000000000000000e+00
2.370000000000189733e+00 0.000000000000000000e+00 0.000000000000000000e+00 0.000000000000000000e+00
2.375000000000190070e+00 0.000000000000000000e+00 0.000000000000000000e+00 0.000000000000000000e+00
2.380000000000190408e+00 0.000000000000000000e+00 0.000000000000000000e+00 0.000000000000000000e+00
2.385000000000190745e+00 0.000000000000000000e+00 0.000000000000000000e+00 0.000000000000000000e+00
2.390000000000191083e+00 0.000000000000000000e+00 0.000000000000000000e+00 0.000000000000000000e+00
2.395000000000191420e+00 0.000000000000000000e+00 0.000000000000000000e+00 0.000000000000000000e+00
2.400000000000191758e+00 0.000000000000000000e+00 0.000000000000000000e+00 0.000000000000000000e+00
2.405000000000192539e+00 0.000000000000000000e+00 0.000000000000000000e+00 0.000000000000000000e+00
2.410000000000192877e+00 0.000000000000000000e+00 0.000000000000000000e+00 0.000000000000000000e+00
2.415000000000193214e+00 0.000000000000000000e+00 0.000000000000000000e+00 0.000000000000000000e+00
2.420000000000193552e+00 0.000000000000000000e+00 0.000000000000000000e+00 0.000000000000000000e+00
2.425000000000193889e+00 0.000000000000000000e+00 0.000000000000000000e+00 0.000000000000000000e+00
2.430000000000194227e+00 0.000000000000000000e+00 0.000000000000000000e+00 0.000000000000000000e+00
2.435000000000194564e+00 0.000000000000000000e+00 0.000000000000000000e+00 0.000000000000000000e+00
2.440000000000194902e+00 0.000000000000000000e+00 0.000000000000000000e+00 0.000000000000000000e+00
2.445000000000195683e+00 0.000000000000000000e+00 0.000000000000000000e+00 0.000000000000000000e+00
2.450000000000196021e+00 0.000000000000000000e+00 0.000000000000000000e+00 0.000000000000000000e+00
2.455000000000196358e+00 0.000000000000000000e+00 0.000000000000000000e+00 0.000000000000000000e+00
2.460000000000196696e+00 0.000000000000000000e+00 0.000000000000000000e+00 0.000000000000000000e+00
2.465000000000197034e+00 0.000000000000000000e+00 0.000000000000000000e+00 0.000000000000000000e+00
2.470000000000197371e+00 0.000000000000000000e+00 0.000000000000000000e+00 0.000000000000000000e+00
2.475000000000197709e+00 0.000000000000000000e+00 0.000000000000000000e+00 0.000000000000000000e+00
2.480000000000198490e+00 0.000000000000000000e+00 0.000000000000000000e+00 0.000000000000000000e+00
2.485000000000198828e+00 0.000000000000000000e+00 0.000000000000000000e+00 0.000000000000000000e+00
2.490000000000199165e+00 0.000000000000000000e+00 0.000000000000000000e+00 0.000000000000000000e+00
2.495000000000199503e+00 0.000000000000000000e+00 0.000000000000000000e+00 0.000000000000000000e+00
2.500000000000199840e+00 0.000000000000000000e+00 0.000000000000000000e+00 0.000000000000000000e+00
2.505000000000200178e+00 0.000000000000000000e+00 0.000000000000000000e+00 0.000000000000000000e+00
2.510000000000200515e+00 0.000000000000000000e+00 0.000000000000000000e+00 0.000000000000000000e+00
2.515000000000201297e+00 0.000000000000000000e+00 0.000000000000000000e+00 0.000000000000000000e+00
2.520000000000201634e+00 0.000000000000000000e+00 0.000000000000000000e+00 0.000000000000000000e+00
2.525000000000201972e+00 0.000000000000000000e+00 0.000000000000000000e+00 0.000000000000000000e+00
2.530000000000202309e+00 0.000000000000000000e+00 0.000000000000000000e+00 0.000000000000000000e+00
2.535000000000202647e+00 0.000000000000000000e+00 0.000000000000000000e+00 0.000000000000000000e+00
2.540000000000202984e+00 0.000000000000000000e+00 0.000000000000000000e+00 0.000000000000000000e+00
2.545000000000203322e+00 0.000000000000000000e+00 0.000000000000000000e+00 0.000000000000000000e+00
2.550000000000204103e+00 0.000000000000000000e+00 0.000000000000000000e+00 0.000000000000000000e+00
2.555000000000204441e+00 0.000000000000000000e+00 0.000000000000000000e+00 0.000000000000000000e+00
2.560000000000204778e+00 0.000000000000000000e+00 0.000000000000000000e+00 0.000000000000000000e+00
