5.000000000000399958e-03 -8.624405137436699338e-07 3.176373552203626272e-22 3.176373552203626272e-22
1.000000000000079992e-02 -1.142046275960574616e-06 1.090725397963489289e-06 1.367021561196770802e-06
1.500000000000119987e-02 -1.973964522987181239e-06 2.549205888891082744e-06 3.913005705235227298e-06
2.000000000000159983e-02 -2.917448885070869546e-06 4.204779707388403714e-06 7.452777984570242699e-06
2.500000000000199979e-02 -3.486704573752707754e-06 5.700012393589317260e-06 1.129550735810301054e-05
3.000000000000239975e-02 -3.377723679363043719e-06 6.795154449166991707e-06 1.475094685300387783e-05
3.500000000000279970e-02 -2.550450953646201264e-06 7.392584822378883298e-06 1.733366013510449980e-05
4.000000000000319966e-02 -1.180464988721184616e-06 7.512956761297101107e-06 1.883218984394821483e-05
4.500000000000359962e-02 4.499173451308791358e-07 7.255366094964869692e-06 1.928970236212546849e-05
5.000000000000399958e-02 2.105910535438437618e-06 6.733461323099525927e-06 1.887049578596476318e-05
5.500000000000439954e-02 3.716269127099374144e-06 6.079255835249758208e-06 1.786864841009262937e-05
6.000000000000479949e-02 5.317199616987338003e-06 5.449844520504561043e-06 1.673091435596509564e-05
6.500000000000519251e-02 6.945348474121686971e-06 5.008709105801828808e-06 1.600451163179262144e-05
7.000000000000558553e-02 8.544829870377208391e-06 4.831458738254468458e-06 1.602091194524318975e-05
7.500000000000600631e-02 9.959958825570148429e-06 4.861126217200180622e-06 1.668504828167895497e-05
8.000000000000639933e-02 1.099095952684811823e-05 4.973920548041702326e-06 1.763208925894988469e-05
8.500000000000679234e-02 1.147019961694985362e-05 5.069704371364469603e-06 1.852473638590562647e-05
9.000000000000718536e-02 1.134451713141191293e-05 5.094625155832556500e-06 1.915549719638514272e-05
9.500000000000760614e-02 1.067678289823025278e-05 5.035443306113207084e-06 1.945178460160174426e-05
1.000000000000079992e-01 9.633321419612805929e-06 4.913480043295131874e-06 1.947372958183474001e-05
1.050000000000083922e-01 8.422971561713554254e-06 4.773372667664177129e-06 1.938563047571196683e-05
1.100000000000087852e-01 7.240925694359605957e-06 4.666084203493129529e-06 1.939585160993640868e-05
1.150000000000092060e-01 6.295760575664855388e-06 4.609670033226973619e-06 1.959199664623860717e-05
1.200000000000095990e-01 5.772477489631858813e-06 4.586216252830149362e-06 1.991155100534127816e-05
1.250000000000099920e-01 5.781630367431899120e-06 4.567014726315046191e-06 2.023705709699907110e-05
1.300000000000103850e-01 6.352199958231815120e-06 4.535044133905294937e-06 2.049335826831260172e-05
1.350000000000107780e-01 7.396488146608678959e-06 4.487906659075337189e-06 2.066667636151292415e-05
1.400000000000111988e-01 8.693787229931929190e-06 4.425861514507426304e-06 2.075495409001578491e-05
1.450000000000115918e-01 9.961325759452419545e-06 4.353335337074683811e-06 2.077619734084133274e-05
1.500000000000119849e-01 1.092501733500116922e-05 4.276011175550384856e-06 2.075603525206679148e-05
1.550000000000124056e-01 1.139861848601047520e-05 4.199682415243484758e-06 2.072250425092992377e-05
1.600000000000127987e-01 1.135376320549051834e-05 4.109216686160335020e-06 2.060055746423081948e-05
1.650000000000131917e-01 1.092897853906580267e-05 3.973523117151723982e-06 2.022915092690108241e-05
1.700000000000135847e-01 1.039300689337442813e-05 3.770895489767101220e-06 1.948627805484888997e-05
1.750000000000139777e-01 1.005639896616479940e-05 3.515604428540941740e-06 1.843227603944841555e-05
1.800000000000143985e-01 1.018615141527658805e-05 3.257222996364667492e-06 1.731983232949436700e-05
1.850000000000147915e-01 1.090740329282112945e-05 3.059550426098742291e-06 1.649314276098897683e-05
1.900000000000151845e-01 1.220292238527011190e-05 2.964061022335674057e-06 1.619287186839268831e-05
1.950000000000156053e-01 1.394513394233437070e-05 2.961155386528406965e-06 1.638847118155981619e-05
2.000000000000159983e-01 1.597537855498363003e-05 3.007657407046840278e-06 1.685789334843238406e-05
2.050000000000163913e-01 1.817991896546833412e-05 3.065728462396991898e-06 1.739684743869529838e-05
2.100000000000167844e-01 2.052667908994517884e-05 3.115858409403260847e-06 1.789564269985112349e-05
2.150000000000171774e-01 2.310516263957292798e-05 3.150369851200669253e-06 1.830799187939545741e-05
2.200000000000175981e-01 2.606008312496948420e-05 3.153998575957803487e-06 1.854098368847720664e-05
2.250000000000179912e-01 2.952263707173810234e-05 3.099664587751897721e-06 1.842747791109040318e-05
2.300000000000183842e-01 3.356873610197208860e-05 2.970532964972354347e-06 1.785493332534154783e-05
2.350000000000188050e-01 3.813897030798961592e-05 2.788952632701080291e-06 1.694474384518665416e-05
2.400000000000191980e-01 4.308662315936520159e-05 2.619169839280022546e-06 1.608159869509959703e-05
2.450000000000195910e-01 4.821761515840754643e-05 2.531876984808229735e-06 1.570672289109900633e-05
2.500000000000199840e-01 5.337841231068032454e-05 2.541095115656789213e-06 1.592395216358073482e-05
2.550000000000203770e-01 5.852447571016357341e-05 2.595447804945212475e-06 1.642639750851292401e-05
2.600000000000207701e-01 6.370449857907705684e-05 2.634346106907432839e-06 1.683524517777645145e-05
2.650000000000211631e-01 6.904250753745831660e-05 2.635602000299373067e-06 1.700445448312996508e-05
2.700000000000216116e-01 7.466570101353537823e-05 2.616021966029861597e-06 1.703661098914142615e-05
2.750000000000220046e-01 8.067717828747721618e-05 2.608965708918714848e-06 1.714725697495125031e-05
2.800000000000223976e-01 8.712210227973784453e-05 2.632890152726056825e-06 1.746110381294967243e-05
2.850000000000227907e-01 9.399515029795472943e-05 2.684962354351614115e-06 1.796472482956998064e-05
2.900000000000231837e-01 1.012821523549584123e-04 2.745954422868555732e-06 1.853327893091194414e-05
2.950000000000235767e-01 1.090073906716851825e-04 2.794799316034344187e-06 1.902486460979391594e-05
3.000000000000239697e-01 1.172660592703987545e-04 2.815858318310668183e-06 1.932997823802280006e-05
3.050000000000244182e-01 1.262460430209228943e-04 2.809338998452458054e-06 1.944527127229285821e-05
3.100000000000248113e-01 1.361822217488680656e-04 2.786027115257974774e-06 1.944133681519457949e-05
3.150000000000252043e-01 1.473371254041336807e-04 2.767792641864783669e-06 1.946922955823000899e-05
3.200000000000255973e-01 1.599160601475131281e-04 2.771804459745305620e-06 1.965158195453138739e-05
3.250000000000259903e-01 1.740249981108663360e-04 2.807917251796575453e-06 2.006254039424567722e-05
3.300000000000263833e-01 1.896662097215987398e-04 2.869820140393283575e-06 2.066196338502610235e-05
3.350000000000267764e-01 2.067352152287496093e-04 2.936177355542770731e-06 2.129926549225961657e-05
3.400000000000271694e-01 2.250824339768915704e-04 2.977381700315050698e-06 2.175874847065735389e-05
3.450000000000275624e-01 2.445101350292281164e-04 2.973254372480062331e-06 2.188777180683168418e-05
3.500000000000280109e-01 2.648567276491569657e-04 2.921226430730586279e-06 2.166003639838834792e-05
3.550000000000284039e-01 2.860052701749704867e-04 2.839125629890984811e-06 2.120111614955142882e-05
3.600000000000287970e-01 3.078721681684929616e-04 2.753397606238524660e-06 2.070523287329722694e-05
3.650000000000291900e-01 3.303545522172334631e-04 2.684285003702264630e-06 2.032520786799623237e-05
3.700000000000295830e-01 3.532748010742546661e-04 2.639778251123246787e-06 2.012464587367364133e-05
3.750000000000299760e-01 3.763115989398501315e-04 2.620677427974234131e-06 2.011356903718987792e-05
3.800000000000303690e-01 3.989690840745096102e-04 2.629565027029305296e-06 2.031588060561878087e-05
3.850000000000308176e-01 4.205652240228199032e-04 2.670161780455712753e-06 2.076480602915283902e-05
3.900000000000312106e-01 4.403233805192127703e-04 2.744707734257053380e-06 2.148267449789590281e-05
3.950000000000316036e-01 4.574696253158466903e-04 2.846462182285882950e-06 2.242146081340476614e-05
4.000000000000319966e-01 4.713863567872381708e-04 2.962314683631756137e-06 2.348124529947464577e-05
4.050000000000323896e-01 4.817609916360566027e-04 3.064036092895762612e-06 2.443888157475061369e-05
4.100000000000327827e-01 4.886543980737977078e-04 3.116262259836267286e-06 2.500839768860458693e-05
4.150000000000331757e-01 4.924514397647376243e-04 3.102160259537791031e-06 2.504656751961191572e-05
4.200000000000335687e-01 4.937341706921473871e-04 3.022170581604354149e-06 2.454729023209436005e-05
4.250000000000339617e-01 4.931556509742421801e-04 2.911955022528749655e-06 2.379244457069076547e-05
4.300000000000344103e-01 4.912994163013600837e-04 2.810600598654804412e-06 2.309900648221670729e-05
4.350000000000348033e-01 4.886231847852006913e-04 2.754274678546735926e-06 2.276731500569809471e-05
4.400000000000351963e-01 4.854698668062598903e-04 2.734637464594807705e-06 2.273453292186467079e-05
4.450000000000355893e-01 4.820201344347066355e-04 2.732491450397939676e-06 2.284539943511661061e-05
4.500000000000359823e-01 4.784473522296140281e-04 2.720930909585969202e-06 2.287619077298338791e-05
4.550000000000363753e-01 4.748709508726439818e-04 2.692000703346638837e-06 2.275835176729277919e-05
4.600000000000367684e-01 4.714410156689723195e-04 2.655892015043571161e-06 2.257611806330496714e-05
4.650000000000372169e-01 4.682804794032641659e-04 2.628708301728975046e-06 2.246615814403133253e-05
4.700000000000376099e-01 4.654623642871038832e-04 2.622147003631881277e-06 2.253024441316258368e-05
4.750000000000380029e-01 4.630512898680889185e-04 2.631291037614547075e-06 2.272875408625664724e-05
4.800000000000383960e-01 4.610274607509396013e-04 2.638161723781821744e-06 2.290772559667445608e-05
4.850000000000387890e-01 4.593629488553452041e-04 2.624015743007558740e-06 2.290325688046780870e-05
4.900000000000391820e-01 4.580486540341587162e-04 2.568170069639685197e-06 2.253106698717054917e-05
4.950000000000395750e-01 4.572469925972628664e-04 2.466285904146360208e-06 2.174733070671052123e-05
5.000000000000399680e-01 4.573283510275022684e-04 2.329982688010565908e-06 2.064893393953838956e-05
5.050000000000404166e-01 4.589420754589360269e-04 2.180945613731707214e-06 1.942452749358355467e-05
5.100000000000408651e-01 4.632034255963972933e-04 2.044812302575095392e-06 1.830199683767598875e-05
5.150000000000412026e-01 4.716758155830880032e-04 1.950292536571450159e-06 1.754136202711164476e-05
5.200000000000416511e-01 4.866318110682088614e-04 1.911357224916528056e-06 1.727441993170254747e-05
5.250000000000419886e-01 5.110667951434917557e-04 1.944091729940368896e-06 1.765453743043338838e-05
5.300000000000424372e-01 5.487224395492833326e-04 2.038236990267679728e-06 1.859741370933969630e-05
5.350000000000428857e-01 6.037326749254356886e-04 2.175058546023259858e-06 1.993920235518251336e-05
5.400000000000432232e-01 6.800835947786442511e-04 2.341663850883697518e-06 2.156658443677986512e-05
5.450000000000436717e-01 7.806810701162374437e-04 2.513017010246048664e-06 2.325164148201167613e-05
5.500000000000440092e-01 9.064576929010694731e-04 2.669489719936753321e-06 2.481244354746269716e-05
5.550000000000444578e-01 1.055721170018696520e-03 2.827146183992962250e-06 2.639700747038756760e-05
5.600000000000447953e-01 1.224053249802600600e-03 2.952723148858629487e-06 2.769342565021862124e-05
5.650000000000452438e-01 1.404821576348694572e-03 3.028154950627482355e-06 2.852740426924329492e-05
5.700000000000456923e-01 1.590199214741787109e-03 3.044773557613881363e-06 2.881060416778210819e-05
5.750000000000460298e-01 1.772520421853775088e-03 2.996449681012779109e-06 2.847743373129725853e-05
5.800000000000464784e-01 1.945208079005373994e-03 2.904069439592637679e-06 2.771921531274771340e-05
5.850000000000468159e-01 2.103542466833682734e-03 2.795086149378382088e-06 2.679372339937125081e-05
5.900000000000472644e-01 2.244882392773194305e-03 2.691512149703586970e-06 2.591088751389083078e-05
5.950000000000476019e-01 2.368374519000019524e-03 2.595331819085018253e-06 2.509061535514590298e-05
6.000000000000480505e-01 2.474685070751004787e-03 2.505620990637649689e-06 2.432489321232868200e-05
6.050000000000484990e-01 2.565386514519647602e-03 2.421159904285108357e-06 2.360266807804588273e-05
6.100000000000488365e-01 2.642580104117502222e-03 2.350500631913564470e-06 2.300833692050569614e-05
6.150000000000492850e-01 2.708465264711502462e-03 2.304089802223381385e-06 2.264628133057518890e-05
6.200000000000496225e-01 2.765186137324314019e-03 2.302065027004724147e-06 2.271817132403652933e-05
6.250000000000500711e-01 2.814624935888293458e-03 2.330570325862719579e-06 2.309203247870655806e-05
6.300000000000504086e-01 2.858298877417314587e-03 2.357473524935987895e-06 2.345184620362929600e-05
6.350000000000508571e-01 2.897420861403559970e-03 2.359823989171284814e-06 2.356819988742888332e-05
6.400000000000511946e-01 2.932908021876464745e-03 2.330260699932564009e-06 2.336438943085049420e-05
6.450000000000516431e-01 2.965400111036412684e-03 2.268366482112392722e-06 2.283247639135435448e-05
6.500000000000520917e-01 2.995359463492336914e-03 2.190176946006184850e-06 2.213073409431049257e-05
6.550000000000524292e-01 3.023096146233254962e-03 2.110527346385467589e-06 2.140777700425486571e-05
6.600000000000528777e-01 3.048810047231060964e-03 2.038279282623705141e-06 2.075370296017139179e-05
6.650000000000532152e-01 3.072604388395850684e-03 1.978850207744076646e-06 2.022477421754372470e-05
6.700000000000536637e-01 3.094508734410689535e-03 1.922533177982214516e-06 1.972291864073575859e-05
6.750000000000540012e-01 3.114506989238517883e-03 1.868585132932184377e-06 1.924087038786536711e-05
6.800000000000544498e-01 3.132511547158168749e-03 1.823680969446461435e-06 1.884791267772046222e-05
6.850000000000547873e-01 3.148353800679530926e-03 1.795920595645252221e-06 1.862912064356647414e-05
6.900000000000552358e-01 3.161871077622905625e-03 1.793324013447477361e-06 1.866995399567321676e-05
6.950000000000556843e-01 3.172905539907394136e-03 1.811174789460562141e-06 1.892398979702396313e-05
7.000000000000560219e-01 3.181313886098928023e-03 1.832025076591801492e-06 1.921057537007733469e-05
7.050000000000564704e-01 3.187022004390049380e-03 1.837199231478900811e-06 1.933351199028111004e-05
7.100000000000568079e-01 3.190060760645406675e-03 1.822513580844983599e-06 1.924685994725322980e-05
7.150000000000572564e-01 3.190452097087911800e-03 1.801559258153717053e-06 1.909244337486759504e-05
7.200000000000575939e-01 3.188187163268724374e-03 1.794099848080212520e-06 1.907975510783340646e-05
7.250000000000580425e-01 3.183153739540253019e-03 1.816461595674130034e-06 1.938452493708918135e-05
7.300000000000584910e-01 3.175094903444349546e-03 1.866396304204681882e-06 1.998597014751882713e-05
7.350000000000588285e-01 3.163583517108933992e-03 1.922646848975411513e-06 2.065870664031064895e-05
7.400000000000592770e-01 3.148086064299301153e-03 1.962795822858058734e-06 2.116171803603803005e-05
7.450000000000596145e-01 3.128037028371634647e-03 1.974414750069326717e-06 2.135878094708489725e-05
7.500000000000600631e-01 3.102889030677099483e-03 1.954755905983067640e-06 2.121695738886881049e-05
7.550000000000604006e-01 3.072210452026462400e-03 1.909955774269010260e-06 2.079968344767611682e-05
7.600000000000608491e-01 3.035751577082675210e-03 1.855461668694962934e-06 2.027303272873648313e-05
7.650000000000612976e-01 2.993489752185044504e-03 1.800065648074191444e-06 1.973235863391618083e-05
7.700000000000616351e-01 2.945678256872022970e-03 1.752064726730798505e-06 1.926883453666405348e-05
7.750000000000620837e-01 2.892933118055141060e-03 1.725132773901880862e-06 1.903414247142075686e-05
7.800000000000624212e-01 2.836222743460444472e-03 1.728077698862382045e-06 1.912804150443772489e-05
7.850000000000628697e-01 2.776814612951591238e-03 1.759611259868035267e-06 1.953941240201184613e-05
7.900000000000632072e-01 2.716255562149841318e-03 1.811150852061990247e-06 2.017567663675061621e-05
7.950000000000636557e-01 2.656220970590850248e-03 1.870030165105629178e-06 2.089739322852254862e-05
8.000000000000639933e-01 2.598270089762773783e-03 1.929502469333584731e-06 2.162968878526657743e-05
8.050000000000644418e-01 2.543692167520530609e-03 1.989261367033503007e-06 2.236916263599333856e-05
8.100000000000648903e-01 2.493332436527564110e-03 2.048842030098045308e-06 2.311058413303355288e-05
8.150000000000652278e-01 2.447591589535426815e-03 2.096667973908640141e-06 2.372293420714604670e-05
8.200000000000656764e-01 2.406476965683147871e-03 2.125129992514487120e-06 2.411861501802031846e-05
8.250000000000660139e-01 2.369695242215327444e-03 2.126095427985042032e-06 2.420302594490725896e-05
8.300000000000664624e-01 2.336832061355826294e-03 2.097970995047609599e-06 2.395512626804125684e-05
8.350000000000667999e-01 2.307444959818145611e-03 2.049746580342070473e-06 2.347487815666990171e-05
8.400000000000672484e-01 2.281123624699213717e-03 1.990324398488231925e-06 2.286248578218480178e-05
8.450000000000675859e-01 2.257517969533698234e-03 1.932534209709255868e-06 2.226463006303871166e-05
8.500000000000680345e-01 2.236299868005003997e-03 1.891357585154359887e-06 2.185460929764467095e-05
8.550000000000684830e-01 2.217243004760534666e-03 1.878615605711389159e-06 2.177112751948278189e-05
8.600000000000688205e-01 2.200121763891016609e-03 1.893487972637603785e-06 2.200755089982233333e-05
8.650000000000692690e-01 2.184824832430255076e-03 1.920919890399407000e-06 2.239119364023946959e-05
8.700000000000696065e-01 2.171200859406384898e-03 1.942690303963784714e-06 2.271031392009634635e-05
8.750000000000700551e-01 2.159201786449856109e-03 1.948256809416083305e-06 2.284073987767539722e-05
8.800000000000703926e-01 2.148694584595737742e-03 1.941497583645691292e-06 2.282643708465280824e-05
8.850000000000708411e-01 2.139633528900435760e-03 1.933664503774344280e-06 2.279883727438109076e-05
8.900000000000712896e-01 2.131952646895396517e-03 1.937372994801464214e-06 2.290699830101049548e-05
8.950000000000716271e-01 2.125659632312958298e-03 1.952418661726518339e-06 2.314964877295117536e-05
9.000000000000720757e-01 2.120836356011747935e-03 1.970536946105969328e-06 2.342964860832985860e-05
9.050000000000724132e-01 2.117623579084314256e-03 1.973809201594805042e-06 2.353365580761783936e-05
9.100000000000728617e-01 2.116192263035614803e-03 1.952999318505788829e-06 2.334977641864198093e-05
9.150000000000731992e-01 2.116658431447554327e-03 1.906887932120563877e-06 2.286102275011636612e-05
9.200000000000736478e-01 2.119055550161191674e-03 1.845185846722734926e-06 2.218165605605722088e-05
9.250000000000740963e-01 2.123231312853797719e-03 1.779626075724178558e-06 2.145159383600271541e-05
9.300000000000744338e-01 2.128953635482455989e-03 1.725923092415113886e-06 2.086041059227526759e-05
9.350000000000748823e-01 2.135933462873878565e-03 1.693641603107149676e-06 2.052519336459556631e-05
9.400000000000752198e-01 2.143787215951141814e-03 1.679985416995125056e-06 2.041405954396684853e-05
9.450000000000756684e-01 2.152216420733480805e-03 1.678304104707284950e-06 2.044779580282394361e-05
9.500000000000760059e-01 2.161035853488387122e-03 1.677010424897428770e-06 2.048601580801247488e-05
9.550000000000764544e-01 2.170120476400857340e-03 1.674480936953924591e-06 2.050887471218348768e-05
9.600000000000767919e-01 2.179489912416119821e-03 1.676795404134962667e-06 2.059091424975962253e-05
9.650000000000772404e-01 2.189212041092509012e-03 1.693808429725055508e-06 2.085392873690159837e-05
9.700000000000776890e-01 2.199348575989851576e-03 1.721900278376425819e-06 2.125464236773626372e-05
9.750000000000780265e-01 2.209934372283093446e-03 1.749945527843530516e-06 2.165642554109608158e-05
9.800000000000784750e-01 2.220909870492206173e-03 1.759279374395303891e-06 2.182769051376009945e-05
9.850000000000788125e-01 2.232143280382372936e-03 1.739811993251452361e-06 2.164115193410506250e-05
9.900000000000792610e-01 2.243437397261618602e-03 1.694528698446905339e-06 2.113131209200000407e-05
9.950000000000795985e-01 2.254631821616868287e-03 1.643313447545717890e-06 2.054432553556764755e-05
1.000000000000079936e+00 2.265558731747349328e-03 1.614954046128729054e-06 2.024044737128085177e-05
1.005000000000080274e+00 2.276142146880572037e-03 1.622186026801058361e-06 2.038185114816943187e-05
1.010000000000080833e+00 2.286320889363591558e-03 1.657315749192490624e-06 2.087497109550558031e-05
1.015000000000081171e+00 2.296082851651230945e-03 1.694373526262146668e-06 2.139449879600479693e-05
1.020000000000081508e+00 2.305356005195117065e-03 1.711868143298217883e-06 2.166857414770479226e-05
1.025000000000081846e+00 2.314054501594104210e-03 1.707364713708372549e-06 2.166447518129363024e-05
1.030000000000082405e+00 2.322040061628129724e-03 1.691872588439441050e-06 2.152019513292330227e-05
1.035000000000082743e+00 2.329125146612247114e-03 1.680817910790379600e-06 2.143141177162958598e-05
1.040000000000083080e+00 2.335191323072677468e-03 1.675027333465603633e-06 2.140910472198742041e-05
1.045000000000083418e+00 2.340153102741608822e-03 1.665276033798988553e-06 2.133557322504733906e-05
1.050000000000083977e+00 2.343997022481327137e-03 1.644472967594556537e-06 2.111938789483223369e-05
1.055000000000084315e+00 2.346722219634800669e-03 1.613831059350034270e-06 2.077515333470336692e-05
1.060000000000084652e+00 2.348400339323044542e-03 1.583520173283449173e-06 2.043320403206395490e-05
1.065000000000085212e+00 2.349025632283914707e-03 1.565935948299918138e-06 2.025390350152086688e-05
1.070000000000085549e+00 2.348602686834779570e-03 1.564073227394000719e-06 2.027724317745357581e-05
1.075000000000085887e+00 2.347052285250087952e-03 1.571861541277454826e-06 2.042577101219647569e-05
1.080000000000086224e+00 2.344346638706210073e-03 1.579561207878196006e-06 2.057350449010105571e-05
1.085000000000086784e+00 2.340415178866259681e-03 1.579657264193573577e-06 2.062232735933661570e-05
1.090000000000087121e+00 2.335252776121989494e-03 1.571115803161157889e-06 2.055802474670144166e-05
1.095000000000087459e+00 2.328874278632815046e-03 1.559248404782710189e-06 2.044948176554510071e-05
1.100000000000088018e+00 2.321346964128592674e-03 1.552289862696304507e-06 2.040464777614647057e-05
1.105000000000088356e+00 2.312774480629487678e-03 1.556607333368367721e-06 2.050785082287544275e-05
1.110000000000088693e+00 2.303277640252242558e-03 1.569533021182484566e-06 2.072487334284162512e-05
1.115000000000089031e+00 2.292991406815653513e-03 1.588685013271884959e-06 2.102495964480591544e-05
1.120000000000089591e+00 2.282036742744721937e-03 1.609160744235429727e-06 2.134363469567935711e-05
1.125000000000089928e+00 2.270496461298580817e-03 1.627240406388284875e-06 2.163156393489065721e-05
1.130000000000090266e+00 2.258395083621538360e-03 1.638681504857553424e-06 2.183200953248144654e-05
1.135000000000090825e+00 2.245719156730905351e-03 1.636694528337783174e-06 2.185372631040589101e-05
1.140000000000091163e+00 2.232435970968300182e-03 1.622192386187195786e-06 2.170774557881202812e-05
1.145000000000091500e+00 2.218483792875250524e-03 1.596798774976828575e-06 2.141474328870190109e-05
1.150000000000091838e+00 2.203853130649630846e-03 1.571942250010176984e-06 2.112737036390326207e-05
1.155000000000092397e+00 2.188525606790313067e-03 1.554809067432931974e-06 2.094247450158884244e-05
1.160000000000092735e+00 2.172516058339194790e-03 1.549776659545710613e-06 2.091982508724436060e-05
1.165000000000093072e+00 2.155806289741048556e-03 1.552822609507823720e-06 2.100606703424760720e-05
1.170000000000093632e+00 2.138372431699856781e-03 1.559495478551280134e-06 2.114155801979615551e-05
1.175000000000093969e+00 2.120191831149511631e-03 1.563696871885140680e-06 2.124376258443483158e-05
1.180000000000094307e+00 2.101230127810666069e-03 1.564514801365845835e-06 2.130004977834199054e-05
1.185000000000094644e+00 2.081521748197539753e-03 1.561040058361630770e-06 2.129772237237266959e-05
1.190000000000095204e+00 2.061142922024147318e-03 1.551192291171807036e-06 2.120796788173085298e-05
1.195000000000095541e+00 2.040165576168800204e-03 1.535100801528481401e-06 2.103201048517451779e-05
1.200000000000095879e+00 2.018664047437345593e-03 1.511483574173070193e-06 2.075171496087390924e-05
1.205000000000096438e+00 1.996654433228501301e-03 1.483751714787724606e-06 2.041336945765429879e-05
1.210000000000096776e+00 1.974087123470039985e-03 1.456684801003935940e-06 2.008252020182014252e-05
1.215000000000097113e+00 1.950898465651882459e-03 1.440182344071309482e-06 1.989599026951632241e-05
1.220000000000097451e+00 1.927006875096637720e-03 1.443785071577636025e-06 1.998676015331653832e-05
1.225000000000098010e+00 1.902392971216890476e-03 1.473642891448987400e-06 2.044185184511069833e-05
1.230000000000098348e+00 1.877052776750406981e-03 1.523960342516939833e-06 2.118293628341166615e-05
1.235000000000098686e+00 1.850995249941325260e-03 1.579336006192005452e-06 2.199722788392022304e-05
1.240000000000099023e+00 1.824178090814935517e-03 1.624805651332062064e-06 2.267630042348188932e-05
1.245000000000099583e+00 1.796438296126644284e-03 1.657298113000177064e-06 2.317636117013533988e-05
1.250000000000099920e+00 1.767357064777635945e-03 1.722820916928946015e-06 2.414099026703438460e-05
1.255000000000100258e+00 1.736212504627897193e-03 1.958712684723735698e-06 2.750125653695208484e-05
1.260000000000100817e+00 1.701922243366966797e-03 2.615872611351941004e-06 3.680118488297187641e-05
1.265000000000101155e+00 1.663203786667464710e-03 3.924688042279711791e-06 5.532358863261519014e-05
1.270000000000101492e+00 1.618741055892408253e-03 5.999026258446880008e-06 8.473104485125165862e-05
1.275000000000101830e+00 1.567573907744783260e-03 8.856903837429006208e-06 1.253420981686013068e-04
1.280000000000102389e+00 1.509424609968023669e-03 1.241566351511573211e-05 1.760495248713189959e-04
1.285000000000102727e+00 1.374627290568514355e-03 3.090591103464169099e-05 4.390895005741248859e-04
1.290000000000103064e+00 1.273833946678415603e-03 3.734742726223030918e-05 5.316373490426740556e-04
1.295000000000103624e+00 1.196720059531363638e-03 4.014927149880303809e-05 5.726278841749272075e-04
1.300000000000103961e+00 1.130694101510149041e-03 4.163362647125986356e-05 5.949436809821632499e-04
1.305000000000104299e+00 1.070854428451791830e-03 4.244993819465935775e-05 6.077741947842258026e-04
1.310000000000104636e+00 1.016705856003901134e-03 4.275524684233816147e-05 6.133170025180228416e-04
1.315000000000105196e+00 9.645474085130695697e-04 4.286197985955243284e-05 6.160203268212430293e-04
1.320000000000105533e+00 9.173922479892835692e-04 4.261286780808733757e-05 6.136032721973984101e-04
1.325000000000105871e+00 8.716566380653511560e-04 4.225140974195631938e-05 6.095496435759825736e-04
1.330000000000106430e+00 8.274735485077010753e-04 4.178937719271041111e-05 6.040204710595141295e-04
1.335000000000106768e+00 7.879641518664373331e-04 4.109718302071735217e-05 5.951310724255555072e-04
1.340000000000107105e+00 7.497589219748174551e-04 4.034967638596096936e-05 5.853995626313059216e-04
1.345000000000107443e+00 7.127668194104941953e-04 3.955525724472041513e-05 5.749436661513137583e-04
1.350000000000108002e+00 6.770805654745505825e-04 3.872097837165223690e-05 5.638624122443383190e-04
1.355000000000108340e+00 6.426530804987187762e-04 3.785046737279625182e-05 5.522056330994182163e-04
1.360000000000108678e+00 6.119226642020728860e-04 3.685457802743160005e-05 5.386675770904655273e-04
1.365000000000109015e+00 5.820857943578691771e-04 3.584271003839103201e-05 5.248402130212050012e-04
1.370000000000109575e+00 5.506806831833651380e-04 3.489626721221600358e-05 5.119165801532605652e-04
1.375000000000109912e+00 5.227053296191915780e-04 3.385610862653601165e-05 4.975632856851318212e-04
1.380000000000110250e+00 4.956569299761426697e-04 3.281139628636259965e-05 4.830857132350824452e-04
1.385000000000110809e+00 4.695648046977820471e-04 3.176442650862540374e-05 4.685175288546492012e-04
1.390000000000111147e+00 4.444259247794854397e-04 3.071631674535179164e-05 4.538752237397993255e-04
1.395000000000111484e+00 4.222463092595528443e-04 2.961666947190906077e-05 4.384128357913746974e-04
1.400000000000111822e+00 3.986908745430489199e-04 2.856546784247894499e-05 4.236091161549187210e-04
1.405000000000112381e+00 3.759075070430772068e-04 2.750802689704792125e-05 4.086556812211950777e-04
1.410000000000112719e+00 3.556326545722358640e-04 2.640439789878094721e-05 3.929576641223770316e-04
1.415000000000113056e+00 3.341078287745422580e-04 2.533384419168746075e-05 3.776932763744694430e-04
1.420000000000113616e+00 3.149858524845268654e-04 2.423031390498605684e-05 3.618788080606532144e-04
1.425000000000113953e+00 2.964591699993545477e-04 2.313709219140042391e-05 3.461594146050172736e-04
1.430000000000114291e+00 2.770017079553087694e-04 2.208445656526918024e-05 3.309898485959631505e-04
1.435000000000114628e+00 2.599913257123056490e-04 2.103096959190953489e-05 3.157513270509623412e-04
1.440000000000115188e+00 2.437247983528512618e-04 2.000626024342816423e-05 3.008895455748307403e-04
1.445000000000115525e+00 2.268679319981177413e-04 1.903164671069792747e-05 2.867280817623350580e-04
1.450000000000115863e+00 2.122133652891257936e-04 1.807190571410968220e-05 2.727394068842544576e-04
1.455000000000116422e+00 1.982778883153826365e-04 1.714402218746924249e-05 2.591815932611965544e-04
1.460000000000116760e+00 1.850148200288464768e-04 1.624569652060192472e-05 2.460224292772169468e-04
1.465000000000117097e+00 1.723237300861314399e-04 1.537099677096736734e-05 2.331743539732674460e-04
1.470000000000117435e+00 1.601840207965091645e-04 1.451750775513487199e-05 2.206026233181832550e-04
1.475000000000117995e+00 1.486244003314386318e-04 1.368336667013697258e-05 2.082806447889264936e-04
1.480000000000118332e+00 1.375583249118310554e-04 1.286700453285861161e-05 1.961861073509113312e-04
1.485000000000118670e+00 1.270207783294604665e-04 1.207096385083568194e-05 1.843593272562290750e-04
1.490000000000119229e+00 1.170828083937771181e-04 1.130164004125494613e-05 1.728998209637891501e-04
1.495000000000119567e+00 1.084773488726899449e-04 1.055661482934509496e-05 1.617726914225000603e-04
1.500000000000119904e+00 9.944770355581565569e-05 9.838143632801439462e-06 1.510145270408970778e-04
1.505000000000120242e+00 9.102912753664857198e-05 9.152456059814267163e-06 1.407232449584733876e-04
1.510000000000120801e+00 8.299504221983219107e-05 8.489735103981432693e-06 1.307502571854011564e-04
1.515000000000121139e+00 7.622935657605425146e-05 7.865114453258741569e-06 1.213308672318678396e-04
1.520000000000121476e+00 6.910987925436968919e-05 7.259851565339051302e-06 1.121784600113629951e-04
1.525000000000122036e+00 6.256642706488720800e-05 6.693123021882797956e-06 1.035913917644946833e-04
1.530000000000122373e+00 5.709321789906625301e-05 6.168688601779060629e-06 9.563095688085581920e-05
1.535000000000122711e+00 5.147333709590532088e-05 5.672777459643064660e-06 8.808660566057305524e-05
1.540000000000123048e+00 4.634307013987658632e-05 5.210968295447625186e-06 8.104733328972147624e-05
1.545000000000123608e+00 4.209915512111874066e-05 4.784896181052269704e-06 7.454125486778185770e-05
1.550000000000123945e+00 3.774211885574710866e-05 4.377977532267020862e-06 6.831236421485763362e-05
1.555000000000124283e+00 3.402140155199440596e-05 3.995071854462154571e-06 6.243810734502204583e-05
1.560000000000124620e+00 3.018549122848879394e-05 3.627027704003478635e-06 5.677708747452385582e-05
1.565000000000125180e+00 2.696180536671726678e-05 3.286493416821167996e-06 5.152878189245370166e-05
1.570000000000125517e+00 2.369053917446764141e-05 2.962106735259966648e-06 4.651686827325048513e-05
1.575000000000125855e+00 2.097711988295336967e-05 2.666278795231434435e-06 4.193781275804427198e-05
1.580000000000126414e+00 1.829402505945316776e-05 2.388894568936343571e-06 3.763444060356195558e-05
1.585000000000126752e+00 1.619569844662067555e-05 2.149366451032471510e-06 3.391447024104176489e-05
1.590000000000127089e+00 1.409414425073046478e-05 1.925219411605970770e-06 3.042557066215426778e-05
1.595000000000127427e+00 1.248435833236458193e-05 1.738781799948778463e-06 2.752234077878886658e-05
1.600000000000127987e+00 1.114052086522943506e-05 1.584521742666281751e-06 2.511991310543909027e-05
1.605000000000128324e+00 9.824314864144046244e-06 1.445677125253472610e-06 2.295454909537441492e-05
1.610000000000128662e+00 8.717404038346467178e-06 1.323599294551586056e-06 2.104889993673185082e-05
1.615000000000129221e+00 7.802018108975396606e-06 1.225344222369629351e-06 1.951660665256889574e-05
1.620000000000129559e+00 6.909837587113024240e-06 1.136495546586581945e-06 1.812947317275993457e-05
1.625000000000129896e+00 6.100392909565121402e-06 1.057550055485812813e-06 1.689614210637619185e-05
1.630000000000130234e+00 5.360549915658524578e-06 9.823513997105751961e-07 1.571884418634839328e-05
1.635000000000130793e+00 4.673703150043639588e-06 9.042419690882535786e-07 1.449117086822043699e-05
1.640000000000131131e+00 4.120799996588284697e-06 8.328044783976389132e-07 1.336672196114414786e-05
1.645000000000131468e+00 3.588383457752578446e-06 7.578249158411211146e-07 1.218180854399183932e-05
1.650000000000132028e+00 3.267112937876966507e-06 7.046333133509071462e-07 1.134397034022128113e-05
1.655000000000132365e+00 2.897540556196198608e-06 6.508932147496969362e-07 1.049466745975164125e-05
1.660000000000132703e+00 2.562488514911703146e-06 6.067177608384198893e-07 9.797171061982082118e-06
1.665000000000133040e+00 2.409217960297876587e-06 5.742688064235906715e-07 9.287146235668561085e-06
1.670000000000133600e+00 2.213044269264234678e-06 5.359242982145879332e-07 8.680037911030632835e-06
1.675000000000133937e+00 2.086284862476486287e-06 5.146930194094036387e-07 8.348637846642342625e-06
1.680000000000134275e+00 1.977376237501282989e-06 4.867300752252890312e-07 7.906836559107531255e-06
1.685000000000134612e+00 1.956418938409504753e-06 4.929226656046378747e-07 8.019340971702713035e-06
1.690000000000135172e+00 1.908914747170879447e-06 5.007163288421226646e-07 8.158213098393467936e-06
1.695000000000135509e+00 1.980080854944090331e-06 5.077024499851522736e-07 8.284266261453420907e-06
1.700000000000135847e+00 2.077919777879008546e-06 5.326978655204865887e-07 8.704931456884360891e-06
1.705000000000136406e+00 2.186011729335142135e-06 5.587427442405626381e-07 9.143953874819084462e-06
1.710000000000136744e+00 2.220472315814360568e-06 5.735196225876251053e-07 9.399532964323655630e-06
1.715000000000137081e+00 2.217372609520917848e-06 5.753563901918040653e-07 9.443412087431733105e-06
1.720000000000137419e+00 1.998135535637561514e-06 5.496231436968738979e-07 9.034189037821160095e-06
1.725000000000137979e+00 1.710241692362653759e-06 5.091250915653393164e-07 8.380674811763564068e-06
1.730000000000138316e+00 1.339456328414296122e-06 4.513059504130150736e-07 7.439676470171151991e-06
1.735000000000138654e+00 9.947223361032515226e-07 3.929204066311585978e-07 6.486557360560178658e-06
1.740000000000139213e+00 6.785479789733904853e-07 3.157258409470763590e-07 5.219689766072144881e-06
1.745000000000139551e+00 4.443258241987127131e-07 2.693522704871549478e-07 4.459419154259767905e-06
1.750000000000139888e+00 2.862370298273294489e-07 2.465576385816853317e-07 4.087873281280861117e-06
1.755000000000140226e+00 2.385432476944658922e-07 2.355562694364420821e-07 3.911048184966131493e-06
1.760000000000140785e+00 2.371306801409588670e-07 2.313291225413877378e-07 3.846330360271355410e-06
1.765000000000141123e+00 2.450079612345029873e-07 2.288112897986751342e-07 3.809866364782648809e-06
1.770000000000141460e+00 2.126505548858431362e-07 2.176018069277005300e-07 3.628349126683198737e-06
1.775000000000142020e+00 2.944965508951587938e-07 1.952140437144227800e-07 3.259644025451720580e-06
1.780000000000142357e+00 2.226961752370744343e-07 1.659414941157647957e-07 2.774756872803833772e-06
1.785000000000142695e+00 1.983729729913507682e-07 1.608607600204477756e-07 2.693575573481640872e-06
1.790000000000143032e+00 1.301077809512174559e-07 1.434849255168643053e-07 2.405983976211812684e-06
1.795000000000143592e+00 1.499539833535146386e-07 1.322538380659949133e-07 2.220753980852041362e-06
1.800000000000143929e+00 7.723291402115175588e-08 1.097481297620498430e-07 1.845411909997242007e-06
1.805000000000144267e+00 2.987948022434101701e-08 8.683528953169152694e-08 1.462159661587008284e-06
1.810000000000144826e+00 0.000000000000000000e+00 0.000000000000000000e+00 0.000000000000000000e+00
1.815000000000145164e+00 0.000000000000000000e+00 0.000000000000000000e+00 0.000000000000000000e+00
1.820000000000145501e+00 0.000000000000000000e+00 0.000000000000000000e+00 0.000000000000000000e+00
1.825000000000145839e+00 0.000000000000000000e+00 0.000000000000000000e+00 0.000000000000000000e+00
1.830000000000146398e+00 0.000000000000000000e+00 0.000000000000000000e+00 0.000000000000000000e+00
1.835000000000146736e+00 0.000000000000000000e+00 0.000000000000000000e+00 0.000000000000000000e+00
1.840000000000147073e+00 0.000000000000000000e+00 0.000000000000000000e+00 0.000000000000000000e+00
1.845000000000147633e+00 0.000000000000000000e+00 0.000000000000000000e+00 0.000000000000000000e+00
1.850000000000147971e+00 0.000000000000000000e+00 0.000000000000000000e+00 0.000000000000000000e+00
1.855000000000148308e+00 0.000000000000000000e+00 0.000000000000000000e+00 0.000000000000000000e+00
1.860000000000148646e+00 0.000000000000000000e+00 0.000000000000000000e+00 0.000000000000000000e+00
1.865000000000149205e+00 0.000000000000000000e+00 0.000000000000000000e+00 0.000000000000000000e+00
1.870000000000149543e+00 0.000000000000000000e+00 0.000000000000000000e+00 0.000000000000000000e+00
1.875000000000149880e+00 0.000000000000000000e+00 0.000000000000000000e+00 0.000000000000000000e+00
1.880000000000150218e+00 0.000000000000000000e+00 0.000000000000000000e+00 0.000000000000000000e+00
1.885000000000150777e+00 0.000000000000000000e+00 0.000000000000000000e+00 0.000000000000000000e+00
1.890000000000151115e+00 0.000000000000000000e+00 0.000000000000000000e+00 0.000000000000000000e+00
1.895000000000151452e+00 0.000000000000000000e+00 0.000000000000000000e+00 0.000000000000000000e+00
1.900000000000152012e+00 0.000000000000000000e+00 0.000000000000000000e+00 0.000000000000000000e+00
1.905000000000152349e+00 0.000000000000000000e+00 0.000000000000000000e+00 0.000000000000000000e+00
1.910000000000152687e+00 0.000000000000000000e+00 0.000000000000000000e+00 0.000000000000000000e+00
1.915000000000153024e+00 0.000000000000000000e+00 0.000000000000000000e+00 0.000000000000000000e+00
1.920000000000153584e+00 0.000000000000000000e+00 0.000000000000000000e+00 0.000000000000000000e+00
1.925000000000153921e+00 0.000000000000000000e+00 0.000000000000000000e+00 0.000000000000000000e+00
1.930000000000154259e+00 0.000000000000000000e+00 0.000000000000000000e+00 0.000000000000000000e+00
1.935000000000154818e+00 0.000000000000000000e+00 0.000000000000000000e+00 0.000000000000000000e+00
1.940000000000155156e+00 0.000000000000000000e+00 0.000000000000000000e+00 0.000000000000000000e+00
1.945000000000155493e+00 0.000000000000000000e+00 0.000000000000000000e+00 0.000000000000000000e+00
1.950000000000155831e+00 0.000000000000000000e+00 0.000000000000000000e+00 0.000000000000000000e+00
1.955000000000156390e+00 0.000000000000000000e+00 0.000000000000000000e+00 0.000000000000000000e+00
1.960000000000156728e+00 0.000000000000000000e+00 0.000000000000000000e+00 0.000000000000000000e+00
1.965000000000157065e+00 0.000000000000000000e+00 0.000000000000000000e+00 0.000000000000000000e+00
1.970000000000157625e+00 0.000000000000000000e+00 0.000000000000000000e+00 0.000000000000000000e+00
1.975000000000157963e+00 0.000000000000000000e+00 0.000000000000000000e+00 0.000000000000000000e+00
1.980000000000158300e+00 0.000000000000000000e+00 0.000000000000000000e+00 0.000000000000000000e+00
1.985000000000158638e+00 0.000000000000000000e+00 0.000000000000000000e+00 0.000000000000000000e+00
1.990000000000159197e+00 0.000000000000000000e+00 0.000000000000000000e+00 0.000000000000000000e+00
1.995000000000159535e+00 0.000000000000000000e+00 0.000000000000000000e+00 0.000000000000000000e+00
2.000000000000159872e+00 0.000000000000000000e+00 0.000000000000000000e+00 0.000000000000000000e+00
2.005000000000160210e+00 0.000000000000000000e+00 0.000000000000000000e+00 0.000000000000000000e+00
2.010000000000160547e+00 0.000000000000000000e+00 0.000000000000000000e+00 0.000000000000000000e+00
2.015000000000161329e+00 0.000000000000000000e+00 0.000000000000000000e+00 0.000000000000000000e+00
2.020000000000161666e+00 0.000000000000000000e+00 0.000000000000000000e+00 0.000000000000000000e+00
2.025000000000162004e+00 0.000000000000000000e+00 0.000000000000000000e+00 0.000000000000000000e+00
2.030000000000162341e+00 0.000000000000000000e+00 0.000000000000000000e+00 0.000000000000000000e+00
2.035000000000162679e+00 0.000000000000000000e+00 0.000000000000000000e+00 0.000000000000000000e+00
2.040000000000163016e+00 0.000000000000000000e+00 0.000000000000000000e+00 0.000000000000000000e+00
2.045000000000163354e+00 0.000000000000000000e+00 0.000000000000000000e+00 0.000000000000000000e+00
2.050000000000164135e+00 0.000000000000000000e+00 0.000000000000000000e+00 0.000000000000000000e+00
2.055000000000164473e+00 0.000000000000000000e+00 0.000000000000000000e+00 0.000000000000000000e+00
2.060000000000164810e+00 0.000000000000000000e+00 0.000000000000000000e+00 0.000000000000000000e+00
2.065000000000165148e+00 0.000000000000000000e+00 0.000000000000000000e+00 0.000000000000000000e+00
2.070000000000165485e+00 0.000000000000000000e+00 0.000000000000000000e+00 0.000000000000000000e+00
2.075000000000165823e+00 0.000000000000000000e+00 0.000000000000000000e+00 0.000000000000000000e+00
2.080000000000166160e+00 0.000000000000000000e+00 0.000000000000000000e+00 0.000000000000000000e+00
2.085000000000166498e+00 0.000000000000000000e+00 0.000000000000000000e+00 0.000000000000000000e+00
2.090000000000167280e+00 0.000000000000000000e+00 0.000000000000000000e+00 0.000000000000000000e+00
2.095000000000167617e+00 0.000000000000000000e+00 0.000000000000000000e+00 0.000000000000000000e+00
2.100000000000167955e+00 0.000000000000000000e+00 0.000000000000000000e+00 0.000000000000000000e+00
2.105000000000168292e+00 0.000000000000000000e+00 0.000000000000000000e+00 0.000000000000000000e+00
2.110000000000168630e+00 0.000000000000000000e+00 0.000000000000000000e+00 0.000000000000000000e+00
2.115000000000168967e+00 0.000000000000000000e+00 0.000000000000000000e+00 0.000000000000000000e+00
2.120000000000169305e+00 0.000000000000000000e+00 0.000000000000000000e+00 0.000000000000000000e+00
2.125000000000170086e+00 0.000000000000000000e+00 0.000000000000000000e+00 0.000000000000000000e+00
2.130000000000170424e+00 0.000000000000000000e+00 0.000000000000000000e+00 0.000000000000000000e+00
2.135000000000170761e+00 0.000000000000000000e+00 0.000000000000000000e+00 0.000000000000000000e+00
2.140000000000171099e+00 0.000000000000000000e+00 0.000000000000000000e+00 0.000000000000000000e+00
2.145000000000171436e+00 0.000000000000000000e+00 0.000000000000000000e+00 0.000000000000000000e+00
2.150000000000171774e+00 0.000000000000000000e+00 0.000000000000000000e+00 0.000000000000000000e+00
2.155000000000172111e+00 0.000000000000000000e+00 0.000000000000000000e+00 0.000000000000000000e+00
2.160000000000172893e+00 0.000000000000000000e+00 0.000000000000000000e+00 0.000000000000000000e+00
2.165000000000173230e+00 0.000000000000000000e+00 0.000000000000000000e+00 0.000000000000000000e+00
2.170000000000173568e+00 0.000000000000000000e+00 0.000000000000000000e+00 0.000000000000000000e+00
2.175000000000173905e+00 0.000000000000000000e+00 0.000000000000000000e+00 0.000000000000000000e+00
2.180000000000174243e+00 0.000000000000000000e+00 0.000000000000000000e+00 0.000000000000000000e+00
2.185000000000174580e+00 0.000000000000000000e+00 0.000000000000000000e+00 0.000000000000000000e+00
2.190000000000174918e+00 0.000000000000000000e+00 0.000000000000000000e+00 0.000000000000000000e+00
2.195000000000175699e+00 0.000000000000000000e+00 0.000000000000000000e+00 0.000000000000000000e+00
2.200000000000176037e+00 0.000000000000000000e+00 0.000000000000000000e+00 0.000000000000000000e+00
2.205000000000176374e+00 0.000000000000000000e+00 0.000000000000000000e+00 0.000000000000000000e+00
2.210000000000176712e+00 0.000000000000000000e+00 0.000000000000000000e+00 0.000000000000000000e+00
2.215000000000177049e+00 0.000000000000000000e+00 0.000000000000000000e+00 0.000000000000000000e+00
2.220000000000177387e+00 0.000000000000000000e+00 0.000000000000000000e+00 0.000000000000000000e+00
2.225000000000177725e+00 0.000000000000000000e+00 0.000000000000000000e+00 0.000000000000000000e+00
2.230000000000178506e+00 0.000000000000000000e+00 0.000000000000000000e+00 0.000000000000000000e+00
2.235000000000178844e+00 0.000000000000000000e+00 0.000000000000000000e+00 0.000000000000000000e+00
2.240000000000179181e+00 0.000000000000000000e+00 0.000000000000000000e+00 0.000000000000000000e+00
2.245000000000179519e+00 0.000000000000000000e+00 0.000000000000000000e+00 0.000000000000000000e+00
2.250000000000179856e+00 0.000000000000000000e+00 0.000000000000000000e+00 0.000000000000000000e+00
2.255000000000180194e+00 0.000000000000000000e+00 0.000000000000000000e+00 0.000000000000000000e+00
2.260000000000180531e+00 0.000000000000000000e+00 0.000000000000000000e+00 0.000000000000000000e+00
2.265000000000181313e+00 0.000000000000000000e+00 0.000000000000000000e+00 0.000000000000000000e+00
2.270000000000181650e+00 0.000000000000000000e+00 0.000000000000000000e+00 0.000000000000000000e+00
2.275000000000181988e+00 0.000000000000000000e+00 0.000000000000000000e+00 0.000000000000000000e+00
2.280000000000182325e+00 0.000000000000000000e+00 0.000000000000000000e+00 0.000000000000000000e+00
2.285000000000182663e+00 0.000000000000000000e+00 0.000000000000000000e+00 0.000000000000000000e+00
2.290000000000183000e+00 0.000000000000000000e+00 0.000000000000000000e+00 0.000000000000000000e+00
2.295000000000183338e+00 0.000000000000000000e+00 0.000000000000000000e+00 0.000000000000000000e+00
2.300000000000184119e+00 0.000000000000000000e+00 0.000000000000000000e+00 0.000000000000000000e+00
2.305000000000184457e+00 0.000000000000000000e+00 0.000000000000000000e+00 0.000000000000000000e+00
2.310000000000184794e+00 0.000000000000000000e+00 0.000000000000000000e+00 0.000000000000000000e+00
2.315000000000185132e+00 0.000000000000000000e+00 0.000000000000000000e+00 0.000000000000000000e+00
2.320000000000185469e+00 0.000000000000000000e+00 0.000000000000000000e+00 0.000000000000000000e+00
2.325000000000185807e+00 0.000000000000000000e+00 0.000000000000000000e+00 0.000000000000000000e+00
2.330000000000186144e+00 0.000000000000000000e+00 0.000000000000000000e+00 0.000000000000000000e+00
2.335000000000186926e+00 0.000000000000000000e+00 0.000000000000000000e+00 0.000000000000000000e+00
2.340000000000187264e+00 0.000000000000000000e+00 0.000000000000000000e+00 0.000000000000000000e+00
2.345000000000187601e+00 0.000000000000000000e+00 0.000000000000000000e+00 0.000000000000000000e+00
2.350000000000187939e+00 0.000000000000000000e+00 0.000000000000000000e+00 0.000000000000000000e+00
2.355000000000188276e+00 0.000000000000000000e+00 0.000000000000000000e+00 0.000000000000000000e+00
2.360000000000188614e+00 0.000000000000000000e+00 0.000000000000000000e+00 0.000000000000000000e+00
2.365000000000188951e+00 0.000000000000000000e+00 0.000000000000000000e+00 0.000000000000000000e+00
2.370000000000189733e+00 0.000000000000000000e+00 0.000000000000000000e+00 0.000000000000000000e+00
2.375000000000190070e+00 0.000000000000000000e+00 0.000000000000000000e+00 0.000000000000000000e+00
2.380000000000190408e+00 0.000000000000000000e+00 0.000000000000000000e+00 0.000000000000000000e+00
2.385000000000190745e+00 0.000000000000000000e+00 0.000000000000000000e+00 0.000000000000000000e+00
2.390000000000191083e+00 0.000000000000000000e+00 0.000000000000000000e+00 0.000000000000000000e+00
2.395000000000191420e+00 0.000000000000000000e+00 0.000000000000000000e+00 0.000000000000000000e+00
2.400000000000191758e+00 0.000000000000000000e+00 0.000000000000000000e+00 0.000000000000000000e+00
2.405000000000192539e+00 0.000000000000000000e+00 0.000000000000000000e+00 0.000000000000000000e+00
2.410000000000192877e+00 0.000000000000000000e+00 0.000000000000000000e+00 0.000000000000000000e+00
2.415000000000193214e+00 0.000000000000000000e+00 0.000000000000000000e+00 0.000000000000000000e+00
2.420000000000193552e+00 0.000000000000000000e+00 0.000000000000000000e+00 0.000000000000000000e+00
2.425000000000193889e+00 0.000000000000000000e+00 0.000000000000000000e+00 0.000000000000000000e+00
2.430000000000194227e+00 0.000000000000000000e+00 0.000000000000000000e+00 0.000000000000000000e+00
2.435000000000194564e+00 0.000000000000000000e+00 0.000000000000000000e+00 0.000000000000000000e+00
2.440000000000194902e+00 0.000000000000000000e+00 0.000000000000000000e+00 0.000000000000000000e+00
2.445000000000195683e+00 0.000000000000000000e+00 0.000000000000000000e+00 0.000000000000000000e+00
2.450000000000196021e+00 0.000000000000000000e+00 0.000000000000000000e+00 0.000000000000000000e+00
2.455000000000196358e+00 0.000000000000000000e+00 0.000000000000000000e+00 0.000000000000000000e+00
2.460000000000196696e+00 0.000000000000000000e+00 0.000000000000000000e+00 0.000000000000000000e+00
2.465000000000197034e+00 0.000000000000000000e+00 0.000000000000000000e+00 0.000000000000000000e+00
2.470000000000197371e+00 0.000000000000000000e+00 0.000000000000000000e+00 0.000000000000000000e+00
2.475000000000197709e+00 0.000000000000000000e+00 0.000000000000000000e+00 0.000000000000000000e+00
2.480000000000198490e+00 0.000000000000000000e+00 0.000000000000000000e+00 0.000000000000000000e+00
2.485000000000198828e+00 0.000000000000000000e+00 0.000000000000000000e+00 0.000000000000000000e+00
2.490000000000199165e+00 0.000000000000000000e+00 0.000000000000000000e+00 0.000000000000000000e+00
2.495000000000199503e+00 0.000000000000000000e+00 0.000000000000000000e+00 0.000000000000000000e+00
2.500000000000199840e+00 0.000000000000000000e+00 0.000000000000000000e+00 0.000000000000000000e+00
2.505000000000200178e+00 0.000000000000000000e+00 0.000000000000000000e+00 0.000000000000000000e+00
2.510000000000200515e+00 0.000000000000000000e+00 0.000000000000000000e+00 0.000000000000000000e+00
2.515000000000201297e+00 0.000000000000000000e+00 0.000000000000000000e+00 0.000000000000000000e+00
2.520000000000201634e+00 0.000000000000000000e+00 0.000000000000000000e+00 0.000000000000000000e+00
2.525000000000201972e+00 0.000000000000000000e+00 0.000000000000000000e+00 0.000000000000000000e+00
2.530000000000202309e+00 0.000000000000000000e+00 0.000000000000000000e+00 0.000000000000000000e+00
2.535000000000202647e+00 0.000000000000000000e+00 0.000000000000000000e+00 0.000000000000000000e+00
2.540000000000202984e+00 0.000000000000000000e+00 0.000000000000000000e+00 0.000000000000000000e+00
2.545000000000203322e+00 0.000000000000000000e+00 0.000000000000000000e+00 0.000000000000000000e+00
2.550000000000204103e+00 0.000000000000000000e+00 0.000000000000000000e+00 0.000000000000000000e+00
2.555000000000204441e+00 0.000000000000000000e+00 0.000000000000000000e+00 0.000000000000000000e+00
2.560000000000204778e+00 0.000000000000000000e+00 0.000000000000000000e+00 0.000000000000000000e+00
