5.000000000000399958e-03 1.206554813237942633e-05 1.694065894508600678e-21 1.694065894508600678e-21
1.000000000000079992e-02 1.141368963311894255e-05 6.698857223522523273e-07 8.395772462099173366e-07
1.500000000000119987e-02 9.303806852827418679e-06 1.066275108815365329e-06 1.636721695304032910e-06
2.000000000000159983e-02 6.210440493919487410e-06 1.413514596907952303e-06 2.505389390600758569e-06
2.500000000000199979e-02 2.685494674112592605e-06 1.842016540851375230e-06 3.650257219499172551e-06
3.000000000000239975e-02 -6.490921242229205160e-07 2.336150201346951742e-06 5.071323649593814744e-06
3.500000000000279970e-02 -3.214498932250752492e-06 2.797445332049494048e-06 6.559270917729794577e-06
4.000000000000319966e-02 -4.613921241150517186e-06 3.140523837423959693e-06 7.872125848039863213e-06
4.500000000000359962e-02 -4.687052365551380632e-06 3.337235059819350442e-06 8.872642699730916128e-06
5.000000000000399958e-02 -3.509495118542762935e-06 3.401100776318488826e-06 9.531569988675033921e-06
5.500000000000439954e-02 -1.318802016163410957e-06 3.374872243217234174e-06 9.919701880839145499e-06
6.000000000000479949e-02 1.588779903000980423e-06 3.302692907076580195e-06 1.013920157987109055e-05
6.500000000000519251e-02 5.006797901005746248e-06 3.224983221834557477e-06 1.030490699218285934e-05
7.000000000000558553e-02 8.876387033944638374e-06 3.175306892177612140e-06 1.052918277370621965e-05
7.500000000000600631e-02 1.331556949466502221e-05 3.170206256228170328e-06 1.088123247260861874e-05
8.000000000000639933e-02 1.858864333046788962e-05 3.197133588934770454e-06 1.133354348313406781e-05
8.500000000000679234e-02 2.507143156537159192e-05 3.216963804597041188e-06 1.175480897461504696e-05
9.000000000000718536e-02 3.321181326795335863e-05 3.187461840995687693e-06 1.198467296242123771e-05
9.500000000000760614e-02 4.349185375612388347e-05 3.081199686569849206e-06 1.190259307356643205e-05
1.000000000000079992e-01 5.646224768905812942e-05 2.892135387557606823e-06 1.146247912987986134e-05
1.050000000000083922e-01 7.274144096295777199e-05 2.640986192978138921e-06 1.072557832648431883e-05
1.100000000000087852e-01 9.303731146799042086e-05 2.372051012772349080e-06 9.860076982856274484e-06
1.150000000000092060e-01 1.181339228331033389e-04 2.147280818648068558e-06 9.126362254617803029e-06
1.200000000000095990e-01 1.488721249072510534e-04 2.020426096809712219e-06 8.771897150362981428e-06
1.250000000000099920e-01 1.861373280833410497e-04 2.005536667997713998e-06 8.886802975812268678e-06
1.300000000000103850e-01 2.308689791714697761e-04 2.071355263020293013e-06 9.360223242077981244e-06
1.350000000000107780e-01 2.840903830901364080e-04 2.174754587682804725e-06 1.001468003762275336e-05
1.400000000000111988e-01 3.469954585743984595e-04 2.299398915607564813e-06 1.078296706113238848e-05
1.450000000000115918e-01 4.209589155287012758e-04 2.448308424611817389e-06 1.168449821629415844e-05
1.500000000000119849e-01 5.075060227533093439e-04 2.631845716554168523e-06 1.277514960277624982e-05
1.550000000000124056e-01 6.082327120699897779e-04 2.859316365506066881e-06 1.410873244221675389e-05
1.600000000000127987e-01 7.245458089039280482e-04 3.135205265628578495e-06 1.571758833119380982e-05
1.650000000000131917e-01 8.572353370375349535e-04 3.447265799124611396e-06 1.754998223984744900e-05
1.700000000000135847e-01 1.005903580202938477e-03 3.767358907299401834e-06 1.946800260024758678e-05
1.750000000000139777e-01 1.168371286257854740e-03 4.049302943643125552e-06 2.123045158853596645e-05
1.800000000000143985e-01 1.340309561758321315e-03 4.243312245688311620e-06 2.256322539139524560e-05
1.850000000000147915e-01 1.515344274074914305e-03 4.308751200280434978e-06 2.322721928738504034e-05
1.900000000000151845e-01 1.685771177098198490e-03 4.222387785602981220e-06 2.306719864257651342e-05
1.950000000000156053e-01 1.843918740773485467e-03 3.992666533990404656e-06 2.209735454193543410e-05
2.000000000000159983e-01 1.983810533103889072e-03 3.656692867285015291e-06 2.049573140219828650e-05
2.050000000000163913e-01 2.102609754812367632e-03 3.268079846386507959e-06 1.854511487315753856e-05
2.100000000000167844e-01 2.201405656378933873e-03 2.885282371863571091e-06 1.657135069399325543e-05
2.150000000000171774e-01 2.285014055679887926e-03 2.559643208394904607e-06 1.487505571943675908e-05
2.200000000000175981e-01 2.360895068579070815e-03 2.338796148068369490e-06 1.374876373203191760e-05
2.250000000000179912e-01 2.437461561523121111e-03 2.267820207667976797e-06 1.348217060267007690e-05
2.300000000000183842e-01 2.522335852369006655e-03 2.362886070203086250e-06 1.420256019250977978e-05
2.350000000000188050e-01 2.620943364969589417e-03 2.588219182545456152e-06 1.572515450753863932e-05
2.400000000000191980e-01 2.735755838286127450e-03 2.863085086311173288e-06 1.757922861567371000e-05
2.450000000000195910e-01 2.866268751692733607e-03 3.110143734171035137e-06 1.929405183475466743e-05
2.500000000000199840e-01 3.009610312047655313e-03 3.268380041268008250e-06 2.048153455920587984e-05
2.550000000000203770e-01 3.161471760151459039e-03 3.311387489993157994e-06 2.095752690988624610e-05
2.600000000000207701e-01 3.317152088864497653e-03 3.244107191361674523e-06 2.073202902471943011e-05
2.650000000000211631e-01 3.472357912349229719e-03 3.093290816041728895e-06 1.995738464248047320e-05
2.700000000000216116e-01 3.623663560143197508e-03 2.893780808291893465e-06 1.884549080967062249e-05
2.750000000000220046e-01 3.768691481337269750e-03 2.683448048705174222e-06 1.763678729574008787e-05
2.800000000000223976e-01 3.906006000919874481e-03 2.488069191353487278e-06 1.650066350054263937e-05
2.850000000000227907e-01 4.034890619560039735e-03 2.320294377948219373e-06 1.552478006102400702e-05
2.900000000000231837e-01 4.155096605406694010e-03 2.177691217476360458e-06 1.469789826909249080e-05
2.950000000000235767e-01 4.266598842335399266e-03 2.048357631324074689e-06 1.394365827442466849e-05
3.000000000000239697e-01 4.369428959696759415e-03 1.924555443234889445e-06 1.321146543264907247e-05
3.050000000000244182e-01 4.463582059044599731e-03 1.803192582472128050e-06 1.248107435296054717e-05
3.100000000000248113e-01 4.548964519095342190e-03 1.690735814094053764e-06 1.179822129056021818e-05
3.150000000000252043e-01 4.625373621165627946e-03 1.589892805632049489e-06 1.118363693060968403e-05
3.200000000000255973e-01 4.692544402780696698e-03 1.501748254114308026e-06 1.064711790438258851e-05
3.250000000000259903e-01 4.750154489801315313e-03 1.421072288761468108e-06 1.015354714537207244e-05
3.300000000000263833e-01 4.797887252637728257e-03 1.345959152126678817e-06 9.690558069318964084e-06
3.350000000000267764e-01 4.835470123086566679e-03 1.283534006052260218e-06 9.310858389273624479e-06
3.400000000000271694e-01 4.862738023218925176e-03 1.235935869195170881e-06 9.032237183709222796e-06
3.450000000000275624e-01 4.879707817405341819e-03 1.213099664679212138e-06 8.930298357652774984e-06
3.500000000000280109e-01 4.886624089964897513e-03 1.221172271113429730e-06 9.054633890329500474e-06
3.550000000000284039e-01 4.883975278167455684e-03 1.262851782269641306e-06 9.430321446041381185e-06
3.600000000000287970e-01 4.872488079447644116e-03 1.339077678944904578e-06 1.006970991591205627e-05
3.650000000000291900e-01 4.853075339504514009e-03 1.433587186720694619e-06 1.085501633649403896e-05
3.700000000000295830e-01 4.826807609074033195e-03 1.526039961245077855e-06 1.163393697787458470e-05
3.750000000000299760e-01 4.794878293576773816e-03 1.599513492315649708e-06 1.227618657305572522e-05
3.800000000000303690e-01 4.758588239021255273e-03 1.643694194612941142e-06 1.269909459041990997e-05
3.850000000000308176e-01 4.719308471662910301e-03 1.656283542676027096e-06 1.288027068048142356e-05
3.900000000000312106e-01 4.678410029549553810e-03 1.638266922888493221e-06 1.282262391941324525e-05
3.950000000000316036e-01 4.637169345759535599e-03 1.589136983401224647e-06 1.251756402112081914e-05
4.000000000000319966e-01 4.596647110664761789e-03 1.510685037106202929e-06 1.197467849129640637e-05
4.050000000000323896e-01 4.557609831512966780e-03 1.409772899290918427e-06 1.124440831912735106e-05
4.100000000000327827e-01 4.520489155940110582e-03 1.300688171457684795e-06 1.043818663143799794e-05
4.150000000000331757e-01 4.485393229816326405e-03 1.205199209867135271e-06 9.730671809011485321e-06
4.200000000000335687e-01 4.452224895308179442e-03 1.145264176246164008e-06 9.302298254723554691e-06
4.250000000000339617e-01 4.420715279759753098e-03 1.136252838969990842e-06 9.283877147939916425e-06
4.300000000000344103e-01 4.390561240754988284e-03 1.177279620774952259e-06 9.675508360980816496e-06
4.350000000000348033e-01 4.361448814310916848e-03 1.247034874551296862e-06 1.030820783168261620e-05
4.400000000000351963e-01 4.333103905661914862e-03 1.318895401077041595e-06 1.096469689473983773e-05
4.450000000000355893e-01 4.305314664715114738e-03 1.365725341250307158e-06 1.141834897049006106e-05
4.500000000000359823e-01 4.277940501337297238e-03 1.377016628898511244e-06 1.157724916471552338e-05
4.550000000000363753e-01 4.250942395210965258e-03 1.362255605680468434e-06 1.151659887477023578e-05
4.600000000000367684e-01 4.224347865855125270e-03 1.345553420160324590e-06 1.143772890688288300e-05
4.650000000000372169e-01 4.198221918637588118e-03 1.346504086186807127e-06 1.150784730354464338e-05
4.700000000000376099e-01 4.172654441541961447e-03 1.370913688666675250e-06 1.177928637571787508e-05
4.750000000000380029e-01 4.147726185118997405e-03 1.406797982200176235e-06 1.215174031659275046e-05
4.800000000000383960e-01 4.123518147108158616e-03 1.440075503726263791e-06 1.250448529385994533e-05
4.850000000000387890e-01 4.100075806768062846e-03 1.459998326780554479e-06 1.274333693020526102e-05
4.900000000000391820e-01 4.077473639957612805e-03 1.458582874714807741e-06 1.279643776128497245e-05
4.950000000000395750e-01 4.055774633102379387e-03 1.432089293819612198e-06 1.262794367103774671e-05
5.000000000000399680e-01 4.035062416924825243e-03 1.380775413737086208e-06 1.223680349657026776e-05
5.050000000000404166e-01 4.015424078402818168e-03 1.313310731794730413e-06 1.169696312312687129e-05
5.100000000000408651e-01 3.996974967337156917e-03 1.238094703983836820e-06 1.108150871770461693e-05
5.150000000000412026e-01 3.979825092194119729e-03 1.169472138732121840e-06 1.051849083224399457e-05
5.200000000000416511e-01 3.964060038311126993e-03 1.111480251276594699e-06 1.004531039831377659e-05
5.250000000000419886e-01 3.949775486064796906e-03 1.063838211850226577e-06 9.660846369430951588e-06
5.300000000000424372e-01 3.937011034190320523e-03 1.028824905177626861e-06 9.387270708666575056e-06
5.350000000000428857e-01 3.925809819433712447e-03 1.008296185217649114e-06 9.243255409272232585e-06
5.400000000000432232e-01 3.916185353331294756e-03 9.991568230351167928e-07 9.202174761949553572e-06
5.450000000000436717e-01 3.908183354495026185e-03 9.950783256125488689e-07 9.206943040707116820e-06
5.500000000000440092e-01 3.901874415679343431e-03 9.876870592965922369e-07 9.180379762592517630e-06
5.550000000000444578e-01 3.897369469654425947e-03 9.740622156262495377e-07 9.094799458227230231e-06
5.600000000000447953e-01 3.894790034333748922e-03 9.568142814890233756e-07 8.973907755532776982e-06
5.650000000000452438e-01 3.894221024507894639e-03 9.465605010026392930e-07 8.917282806748157774e-06
5.700000000000456923e-01 3.895719962299651600e-03 9.514392861136905678e-07 9.002817497988428009e-06
5.750000000000460298e-01 3.899251700903883823e-03 9.760956059188004647e-07 9.276544208000179036e-06
5.800000000000464784e-01 3.904739925938874139e-03 1.016207362574014884e-06 9.699654664435253322e-06
5.850000000000468159e-01 3.912051153605562021e-03 1.063071696302900955e-06 1.019061576716517017e-05
5.900000000000472644e-01 3.921035009119892140e-03 1.102186817611360157e-06 1.061062966168159007e-05
5.950000000000476019e-01 3.931554882310780291e-03 1.123670701800236764e-06 1.086319258192434811e-05
6.000000000000480505e-01 3.943447015522884291e-03 1.122729573614699309e-06 1.089960416461499428e-05
6.050000000000484990e-01 3.956527258252828458e-03 1.098766341252409412e-06 1.071131948039051499e-05
6.100000000000488365e-01 3.970602678261007414e-03 1.066912976432599802e-06 1.044368714193288344e-05
6.150000000000492850e-01 3.985441100558298824e-03 1.041251350873971993e-06 1.023418054495052336e-05
6.200000000000496225e-01 4.000856696955264885e-03 1.038503800830706502e-06 1.024858420208591507e-05
6.250000000000500711e-01 4.016684644591572359e-03 1.061229979465785652e-06 1.051500436663695700e-05
6.300000000000504086e-01 4.032821749884327178e-03 1.099091319778920219e-06 1.093362038748624621e-05
6.350000000000508571e-01 4.049234692836490082e-03 1.133968112461771038e-06 1.132524597728784872e-05
6.400000000000511946e-01 4.065875316709540582e-03 1.150743835909930366e-06 1.153794814379713248e-05
6.450000000000516431e-01 4.082675121241122196e-03 1.145916688301245027e-06 1.153434241707366377e-05
6.500000000000520917e-01 4.099498203126853042e-03 1.126759624120582788e-06 1.138538951160498570e-05
6.550000000000524292e-01 4.116133374638753298e-03 1.103828582438859254e-06 1.119649844113319004e-05
6.600000000000528777e-01 4.132342373044172595e-03 1.089064212855462479e-06 1.108882152256453430e-05
6.650000000000532152e-01 4.147931368092069512e-03 1.086353743594395744e-06 1.110304311998817454e-05
6.700000000000536637e-01 4.162752226363666125e-03 1.089405852948551064e-06 1.117601675254126000e-05
6.750000000000540012e-01 4.176717473285493192e-03 1.088806890343274146e-06 1.121147326139514556e-05
6.800000000000544498e-01 4.189805421331441529e-03 1.077854087898466570e-06 1.113972239026028767e-05
6.850000000000547873e-01 4.202010713750696513e-03 1.054400721010663073e-06 1.093731999399104240e-05
6.900000000000552358e-01 4.213319020973721116e-03 1.024315143452618686e-06 1.066394943798699175e-05
6.950000000000556843e-01 4.223724851680784806e-03 9.942336010438896105e-07 1.038821135955451026e-05
7.000000000000560219e-01 4.233221592786821919e-03 9.688811482265804263e-07 1.015966678648305178e-05
7.050000000000564704e-01 4.241788664449751972e-03 9.494910246007420470e-07 9.991837463379410453e-06
7.100000000000568079e-01 4.249396429497617061e-03 9.345077177491657531e-07 9.868974010501652122e-06
7.150000000000572564e-01 4.255990425273283896e-03 9.197757975277394788e-07 9.747538002090900880e-06
7.200000000000575939e-01 4.261490568461724464e-03 9.027285604766901334e-07 9.600268280036198309e-06
7.250000000000580425e-01 4.265821737166784582e-03 8.854860930848646400e-07 9.449540410723085513e-06
7.300000000000584910e-01 4.268959389232074644e-03 8.732608580729541682e-07 9.351157308404487952e-06
7.350000000000588285e-01 4.270955726548794976e-03 8.702564023701225705e-07 9.350844502721483367e-06
7.400000000000592770e-01 4.271928545003119380e-03 8.760334576801942278e-07 9.444881024135104054e-06
7.450000000000596145e-01 4.272030262974279083e-03 8.828662066941850764e-07 9.550650851703149582e-06
7.500000000000600631e-01 4.271376007655059218e-03 8.810072592976836764e-07 9.562469371541556753e-06
7.550000000000604006e-01 4.270004689419225688e-03 8.657642297527582658e-07 9.428292613775569834e-06
7.600000000000608491e-01 4.267864293631856362e-03 8.421311497923810811e-07 9.201242283618496953e-06
7.650000000000612976e-01 4.264839856033186480e-03 8.225702242173505122e-07 9.017032619450675819e-06
7.700000000000616351e-01 4.260805043406504407e-03 8.207638724504803536e-07 9.026586181795734787e-06
7.750000000000620837e-01 4.255671124574684702e-03 8.425471147041825320e-07 9.296189871746086345e-06
7.800000000000624212e-01 4.249414568994867684e-03 8.815671626952837661e-07 9.758041139056256377e-06
7.850000000000628697e-01 4.242061442590761879e-03 9.239356415555800973e-07 1.025974312907374720e-05
7.900000000000632072e-01 4.233666029610721505e-03 9.576666523337509957e-07 1.066811893735283238e-05
7.950000000000636557e-01 4.224291504264492819e-03 9.796015803250109072e-07 1.094694610457128700e-05
8.000000000000639933e-01 4.214004715628707695e-03 9.935656444868868169e-07 1.113785342052794010e-05
8.050000000000644418e-01 4.202873964798157363e-03 1.004970895825437521e-06 1.130085658210066725e-05
8.100000000000648903e-01 4.190964051693835124e-03 1.014961024853166193e-06 1.144858501145477528e-05
8.150000000000652278e-01 4.178339423830240533e-03 1.019879363051792852e-06 1.153951475864816462e-05
8.200000000000656764e-01 4.165060510969088164e-03 1.014216955293567595e-06 1.151059388161523274e-05
8.250000000000660139e-01 4.151186658932269277e-03 9.959891328104849991e-07 1.133813210120286460e-05
8.300000000000664624e-01 4.136778426842993052e-03 9.711200161711765525e-07 1.108847675383371385e-05
8.350000000000667999e-01 4.121922069724975012e-03 9.494830102848303557e-07 1.087402618061441831e-05
8.400000000000672484e-01 4.106733339151708018e-03 9.390554881326365024e-07 1.078675554719727355e-05
8.450000000000675859e-01 4.091339880582384181e-03 9.385798270050818656e-07 1.081333128692346970e-05
8.500000000000680345e-01 4.075872362205613941e-03 9.422285347159398978e-07 1.088743696958209618e-05
8.550000000000684830e-01 4.060441974960570313e-03 9.390994088905446144e-07 1.088314869857838573e-05
8.600000000000688205e-01 4.045154030062765235e-03 9.249652119705509401e-07 1.075064604432153178e-05
8.650000000000692690e-01 4.030082216988351701e-03 9.021020757493014596e-07 1.051534859018232068e-05
8.700000000000696065e-01 4.015305856976487432e-03 8.741050716257500339e-07 1.021840719298671557e-05
8.750000000000700551e-01 4.000848773446506051e-03 8.479888390980217585e-07 9.941550004803980951e-06
8.800000000000703926e-01 3.986706022426748409e-03 8.240407931004705256e-07 9.688353710734238090e-06
8.850000000000708411e-01 3.972789837806089269e-03 8.044848514027475260e-07 9.485264471181653866e-06
8.900000000000712896e-01 3.958958574874550142e-03 7.898296926294932542e-07 9.338742449543393004e-06
8.950000000000716271e-01 3.945018537652444056e-03 7.815632851543422906e-07 9.266924097702177409e-06
9.000000000000720757e-01 3.930802147633603860e-03 7.784114153247021836e-07 9.255297633373937434e-06
9.050000000000724132e-01 3.916210050024633571e-03 7.783154817285511062e-07 9.279827372342006755e-06
9.100000000000728617e-01 3.901239276409327206e-03 7.779348718847614551e-07 9.300876428708406484e-06
9.150000000000731992e-01 3.885982346577021920e-03 7.747675639419615668e-07 9.288421520205819698e-06
9.200000000000736478e-01 3.870573029396233260e-03 7.671750180248296573e-07 9.222492365661065535e-06
9.250000000000740963e-01 3.855137515555428010e-03 7.581611214720627880e-07 9.138866114584680983e-06
9.300000000000744338e-01 3.839739968490386846e-03 7.532570350450059849e-07 9.104259107264670917e-06
9.350000000000748823e-01 3.824386712207273990e-03 7.582760528729289249e-07 9.189525446473401676e-06
9.400000000000752198e-01 3.809048932632758556e-03 7.722452360102550014e-07 9.383807782483758633e-06
9.450000000000756684e-01 3.793684907352204948e-03 7.906111406593490441e-07 9.632494562992005246e-06
9.500000000000760059e-01 3.778255283405292618e-03 8.058906236642826859e-07 9.844594768649276399e-06
9.550000000000764544e-01 3.762731092239637865e-03 8.135100472306113325e-07 9.963789534747128531e-06
9.600000000000767919e-01 3.747078654689504906e-03 8.131494594350337346e-07 9.985410712705837676e-06
9.650000000000772404e-01 3.731255778063703038e-03 8.057720593239165688e-07 9.920551113359971584e-06
9.700000000000776890e-01 3.715215336711386648e-03 7.941305449454722503e-07 9.802519308508759232e-06
9.750000000000780265e-01 3.698924482112774751e-03 7.821397516401804981e-07 9.679359171253858570e-06
9.800000000000784750e-01 3.682348273712281357e-03 7.736539085732490131e-07 9.598860946631698654e-06
9.850000000000788125e-01 3.665478127561803794e-03 7.740990716254295885e-07 9.628853971622439029e-06
9.900000000000792610e-01 3.648318720355766577e-03 7.861639554362713010e-07 9.803714692487138155e-06
9.950000000000795985e-01 3.630881614648168165e-03 8.067725300338597547e-07 1.008608401210568590e-05
1.000000000000079936e+00 3.613193671150734601e-03 8.278865039298146459e-07 1.037601859467982415e-05
1.005000000000080274e+00 3.595301049673802797e-03 8.394624060734602759e-07 1.054737096879933880e-05
1.010000000000080833e+00 3.577245166499670552e-03 8.374317139881630047e-07 1.054799776836743867e-05
1.015000000000081171e+00 3.559091419667120837e-03 8.235944354286451250e-07 1.039935402912347105e-05
1.020000000000081508e+00 3.540884244366070133e-03 8.033789917497602434e-07 1.016905263386597365e-05
1.025000000000081846e+00 3.522621217579399895e-03 7.848702112408160569e-07 9.959091385361553954e-06
1.030000000000082405e+00 3.504277600405438561e-03 7.733059142314344236e-07 9.836257343145549177e-06
1.035000000000082743e+00 3.485783524497925237e-03 7.711867910575988410e-07 9.833082790166843009e-06
1.040000000000083080e+00 3.467054431035140102e-03 7.747954346804314495e-07 9.902928906163874741e-06
1.045000000000083418e+00 3.448019690011737068e-03 7.785322542602772843e-07 9.974581740024202707e-06
1.050000000000083977e+00 3.428620723368938812e-03 7.757535289606310052e-07 9.962729708393638347e-06
1.055000000000084315e+00 3.408822823098622834e-03 7.657358998159116063e-07 9.857463481319806654e-06
1.060000000000084652e+00 3.388601639892524584e-03 7.525945946592752631e-07 9.711223870432373749e-06
1.065000000000085212e+00 3.367946050756329829e-03 7.418336820927508838e-07 9.594918507105372311e-06
1.070000000000085549e+00 3.346851086098406695e-03 7.363520692859387755e-07 9.546349692341391365e-06
1.075000000000085887e+00 3.325306052434030303e-03 7.337638001543466027e-07 9.534994632422429928e-06
1.080000000000086224e+00 3.303314324761511423e-03 7.299706942011144148e-07 9.507738782064906346e-06
1.085000000000086784e+00 3.280859242907419558e-03 7.239400387012135138e-07 9.450992189909482311e-06
1.090000000000087121e+00 3.257941031080928071e-03 7.193579456550343620e-07 9.412787026110488732e-06
1.095000000000087459e+00 3.234527896524075092e-03 7.216911799056206158e-07 9.464951561641236081e-06
1.100000000000088018e+00 3.210626715138551086e-03 7.351255218231937316e-07 9.663129100130437955e-06
1.105000000000088356e+00 3.186250684628565057e-03 7.573702071040490721e-07 9.978133143809681197e-06
1.110000000000088693e+00 3.161449059542045976e-03 7.827623436562567010e-07 1.033597268160669848e-05
1.115000000000089031e+00 3.136261315587403863e-03 8.038337482962998102e-07 1.063808871983765809e-05
1.120000000000089591e+00 3.110721921038897379e-03 8.160002248087362251e-07 1.082328833356238850e-05
1.125000000000089928e+00 3.084832901035001410e-03 8.178391905264621015e-07 1.087186667002601794e-05
1.130000000000090266e+00 3.058532391533492351e-03 8.100367567135750756e-07 1.079204844981051827e-05
1.135000000000090825e+00 3.031753587907525926e-03 7.967045264749505779e-07 1.063788163911536952e-05
1.140000000000091163e+00 3.004398844952413730e-03 7.809556291158989882e-07 1.045053980621551643e-05
1.145000000000091500e+00 2.976419817235484259e-03 7.687082745193028685e-07 1.030918273529533420e-05
1.150000000000091838e+00 2.947803087280075236e-03 7.650433962314377345e-07 1.028241029626586764e-05
1.155000000000092397e+00 2.918551548619133761e-03 7.725998184960601848e-07 1.040652022019665256e-05
1.160000000000092735e+00 2.888705133600021763e-03 7.891546352559703664e-07 1.065248778568025144e-05
1.165000000000093072e+00 2.858286471774634796e-03 8.082487167699476044e-07 1.093371942220460458e-05
1.170000000000093632e+00 2.827305662917896367e-03 8.225202014477752563e-07 1.115063095759450614e-05
1.175000000000093969e+00 2.795762599728720491e-03 8.271601408321242490e-07 1.123746805860212475e-05
1.180000000000094307e+00 2.763647586576910894e-03 8.209298992158734245e-07 1.117653070623682094e-05
1.185000000000094644e+00 2.730967957699216749e-03 8.073943979169400530e-07 1.101551599508052269e-05
1.190000000000095204e+00 2.697729367780088774e-03 7.922581820762043228e-07 1.083178802211417089e-05
1.195000000000095541e+00 2.663931849192472442e-03 7.789247079832354392e-07 1.067184162053279880e-05
1.200000000000095879e+00 2.629574651188462502e-03 7.705421598880848356e-07 1.057905725246257020e-05
1.205000000000096438e+00 2.594645921873638648e-03 7.650303951285843847e-07 1.052524350701713886e-05
1.210000000000096776e+00 2.559153860818872122e-03 7.584772950117434047e-07 1.045671348338182982e-05
1.215000000000097113e+00 2.523119164328463480e-03 7.490600729677841197e-07 1.034819791007817915e-05
1.220000000000097451e+00 2.486562690460803002e-03 7.361849476109434414e-07 1.019123432292021800e-05
1.225000000000098010e+00 2.449546011614745118e-03 7.245689996227981311e-07 1.005096433321480511e-05
1.230000000000098348e+00 2.412069152180247762e-03 7.216357288433489992e-07 1.003068336980171888e-05
1.235000000000098686e+00 2.374062600945191313e-03 7.361002507174558461e-07 1.025251428255865848e-05
1.240000000000099023e+00 2.335421771981623009e-03 7.804467965828768304e-07 1.089216178522541268e-05
1.245000000000099583e+00 2.295836772226020860e-03 8.978978880976032642e-07 1.255658567714159745e-05
1.250000000000099920e+00 2.254748943856297802e-03 1.192611391774042159e-06 1.671144093867470563e-05
1.255000000000100258e+00 2.211210664543544237e-03 1.830281759395658913e-06 2.569802533705624825e-05
1.260000000000100817e+00 2.163881364488339995e-03 2.998444470204657259e-06 4.218336505778728219e-05
1.265000000000101155e+00 2.111128178203097554e-03 4.880317546638377823e-06 6.879443090460865854e-05
1.270000000000101492e+00 2.051321862355844333e-03 7.623035516516374353e-06 1.076687676342753314e-04
1.275000000000101830e+00 1.983251615112993204e-03 1.128366620763445392e-05 1.596854186812077996e-04
1.280000000000102389e+00 1.906597002493177866e-03 1.577938189665854232e-05 2.237458096611387188e-04
1.285000000000102727e+00 1.733819607272740933e-03 3.899569975727166030e-05 5.540235429968921920e-04
1.290000000000103064e+00 1.604168918074686586e-03 4.702736072208812040e-05 6.694303522226463868e-04
1.295000000000103624e+00 1.504587322960668347e-03 5.045724227560334881e-05 7.196450348156834161e-04
1.300000000000103961e+00 1.418858811656676386e-03 5.223227112194126729e-05 7.463980988732188621e-04
1.305000000000104299e+00 1.341330404324932862e-03 5.316440693098035503e-05 7.611778953714160413e-04
1.310000000000104636e+00 1.271343398765125820e-03 5.345587232964441418e-05 7.668157198367069613e-04
1.315000000000105196e+00 1.204125286256523594e-03 5.350379547109441650e-05 7.689664751903667068e-04
1.320000000000105533e+00 1.143386876512968251e-03 5.311488289088045419e-05 7.648268614777540674e-04
1.325000000000105871e+00 1.084942538746017831e-03 5.258487512327797837e-05 7.586277495742921751e-04
1.330000000000106430e+00 1.028649873305566287e-03 5.193147524704736482e-05 7.506135828941884469e-04
1.335000000000106768e+00 9.780326119968422993e-04 5.099789227723207423e-05 7.385039093091181825e-04
1.340000000000107105e+00 9.292082524334498465e-04 5.000083028364198551e-05 7.254200479642599004e-04
1.345000000000107443e+00 8.821548827729251913e-04 4.894938211779466296e-05 7.114891716297152592e-04
1.350000000000108002e+00 8.368099643722290903e-04 4.785066757119923163e-05 6.968107206699961911e-04
1.355000000000108340e+00 7.930911549248083336e-04 4.670920566899279183e-05 6.814469748543979920e-04
1.360000000000108678e+00 7.540897342249789888e-04 4.541523856586623112e-05 6.637904388174461785e-04
1.365000000000109015e+00 7.163272867926468151e-04 4.410332613488336916e-05 6.457993566553133164e-04
1.370000000000109575e+00 6.767075097601823325e-04 4.286999631218491291e-05 6.288885217967981256e-04
1.375000000000109912e+00 6.412989493886770472e-04 4.151799036693344343e-05 6.101654484243855927e-04
1.380000000000110250e+00 6.070006228641813568e-04 4.015584234517215428e-05 5.912187817479655320e-04
1.385000000000110809e+00 5.739529962142999328e-04 3.879006823797115431e-05 5.721440275341501064e-04
1.390000000000111147e+00 5.420502208275629168e-04 3.742325632212007477e-05 5.529793489593596645e-04
1.395000000000111484e+00 5.139002915422053851e-04 3.600157951898256224e-05 5.329280723092874681e-04
1.400000000000111822e+00 4.842771175120780562e-04 3.465620570047941751e-05 5.139311824689210724e-04
1.405000000000112381e+00 4.558851598151683723e-04 3.332527560902503322e-05 4.950759738915227505e-04
1.410000000000112719e+00 4.310239996472077810e-04 3.196811707845357013e-05 4.757584952967156499e-04
1.415000000000113056e+00 4.048823098012236462e-04 3.067640258559194757e-05 4.573435800847056140e-04
1.420000000000113616e+00 3.820990827379935960e-04 2.937072804181676617e-05 4.386506958731193912e-04
1.425000000000113953e+00 3.601400579648994862e-04 2.808981923134149823e-05 4.202583151350354853e-04
1.430000000000114291e+00 3.371669359790301383e-04 2.686585234705642401e-05 4.026508134566507283e-04
1.435000000000114628e+00 3.171003193143433685e-04 2.563899711639269272e-05 3.849345760487946815e-04
1.440000000000115188e+00 2.978460543906398268e-04 2.444073234053010333e-05 3.675829844247810907e-04
1.445000000000115525e+00 2.777036682131717735e-04 2.329219108115343631e-05 3.509168371114629380e-04
1.450000000000115863e+00 2.602043190352800643e-04 2.215426720558785119e-05 3.343500012226019577e-04
1.455000000000116422e+00 2.435430065650514089e-04 2.104901698342492156e-05 3.182169095845871921e-04
1.460000000000116760e+00 2.276275268581109523e-04 1.997391009599929493e-05 3.024819451570307178e-04
1.465000000000117097e+00 2.125027336646317249e-04 1.893157273747420952e-05 2.871874419423650279e-04
1.470000000000117435e+00 1.980770791750145071e-04 1.791946844351346725e-05 2.722975467816272032e-04
1.475000000000117995e+00 1.843715483613259250e-04 1.694025317512597530e-05 2.578551711183208785e-04
1.480000000000118332e+00 1.713754991192312205e-04 1.599465732606282945e-05 2.438741317917964056e-04
1.485000000000118670e+00 1.590389624799120585e-04 1.508198031143278727e-05 2.303464560300994316e-04
1.490000000000119229e+00 1.474024448095641641e-04 1.420555812199705605e-05 2.173258435959936894e-04
1.495000000000119567e+00 1.375299175226591991e-04 1.336560839069660639e-05 2.048185404900556010e-04
1.500000000000119904e+00 1.270973653969652685e-04 1.255889501319499859e-05 1.927777903394838142e-04
1.505000000000120242e+00 1.173309334078159001e-04 1.178934630892725437e-05 1.812666521083643731e-04
1.510000000000120801e+00 1.081396947821286285e-04 1.105292873507964929e-05 1.702259560590802965e-04
1.515000000000121139e+00 1.004084952137781518e-04 1.035423443219375315e-05 1.597291750356689033e-04
1.520000000000121476e+00 9.230666670106172863e-05 9.683255532124233634e-06 1.496246422828174287e-04
1.525000000000122036e+00 8.464798141114347849e-05 9.038766337254620578e-06 1.398955885987696740e-04
1.530000000000122373e+00 7.822823664804952858e-05 8.429785431228777184e-06 1.306839263788110727e-04
1.535000000000122711e+00 7.144756598092743074e-05 7.841780832325668881e-06 1.217667819278731982e-04
1.540000000000123048e+00 6.518998693705892178e-05 7.287829477915661264e-06 1.133492109655120293e-04
1.545000000000123608e+00 5.996783230415569379e-05 6.770362587606021929e-06 1.054717394263402462e-04
1.550000000000123945e+00 5.452575102366694580e-05 6.277605005288691792e-06 9.795345827100027851e-05
1.555000000000124283e+00 5.012514376696727635e-05 5.827573554103412034e-06 9.107787704136457746e-05
1.560000000000124620e+00 4.553084449259421434e-05 5.399392616731571164e-06 8.452149030212443442e-05
1.565000000000125180e+00 4.173478177739336809e-05 5.004310207992754760e-06 7.846235379934426817e-05
1.570000000000125517e+00 3.783028915226084609e-05 4.632125605074451343e-06 7.274281309025424020e-05
1.575000000000125855e+00 3.467496451001188414e-05 4.292379776374834195e-06 6.751470238970209644e-05
1.580000000000126414e+00 3.132987649023032746e-05 3.964987380966294031e-06 6.246407188630721330e-05
1.585000000000126752e+00 2.859091950915436040e-05 3.662927383454593292e-06 5.779667849639802250e-05
1.590000000000127089e+00 2.570569990413922159e-05 3.370470311605705367e-06 5.326586778226439416e-05
1.595000000000127427e+00 2.337809458533381652e-05 3.102181160501154218e-06 4.910293347869561237e-05
1.600000000000127987e+00 2.114356494152476833e-05 2.843205643395535989e-06 4.507421815670976082e-05
1.605000000000128324e+00 1.875590183569346699e-05 2.589134964806924777e-06 4.111044203856424476e-05
1.610000000000128662e+00 1.688585864764960312e-05 2.362264554282020659e-06 3.756655842281639637e-05
1.615000000000129221e+00 1.515823559271044161e-05 2.149885420277677304e-06 3.424218870882738840e-05
1.620000000000129559e+00 1.338285486091659422e-05 1.949512232072232046e-06 3.109878416811576277e-05
1.625000000000129896e+00 1.199877584469931659e-05 1.773187270415885774e-06 2.832965110895030415e-05
1.630000000000130234e+00 1.079276697059231793e-05 1.616120015380708007e-06 2.585993028125457109e-05
1.635000000000130793e+00 9.511999874956062937e-06 1.466184318738133849e-06 2.349672788198796958e-05
1.640000000000131131e+00 8.554274787780864118e-06 1.338715777555519087e-06 2.148672593357208477e-05
1.645000000000131468e+00 7.739835179034086957e-06 1.228173438257013456e-06 1.974252016649158400e-05
1.650000000000132028e+00 6.974661170626506936e-06 1.125637936933467621e-06 1.812177075431866679e-05
1.655000000000132365e+00 6.300686598639224811e-06 1.035266975730717765e-06 1.669211230990438671e-05
1.660000000000132703e+00 5.567628154406153271e-06 9.480046922092239593e-07 1.530821204953804402e-05
1.665000000000133040e+00 5.035673451797479255e-06 8.759026741461827595e-07 1.416520648869877524e-05
1.670000000000133600e+00 4.578747747598607900e-06 8.135753665079043894e-07 1.317698236167980246e-05
1.675000000000133937e+00 4.155814885905531352e-06 7.554003304291944867e-07 1.225305871687149971e-05
1.680000000000134275e+00 3.741814132528205008e-06 6.983697860844669103e-07 1.134488300077387192e-05
1.685000000000134612e+00 3.367810896793497395e-06 6.442219858368806569e-07 1.048082412594332349e-05
1.690000000000135172e+00 2.960885527452907259e-06 5.884649299029065255e-07 9.587908407502323396e-06
1.695000000000135509e+00 2.562706361964240428e-06 5.253108117949901981e-07 8.571584862466616637e-06
1.700000000000135847e+00 2.201397772343613920e-06 4.680994714920680176e-07 7.649315077245299183e-06
1.705000000000136406e+00 1.858169646733132065e-06 4.141198508348207872e-07 6.777166869213476954e-06
1.710000000000136744e+00 1.578311535393531308e-06 3.723088623589951992e-07 6.101847760437419033e-06
1.715000000000137081e+00 1.317834151661316750e-06 3.347082031671712202e-07 5.493616731184167020e-06
1.720000000000137419e+00 1.102786065326318182e-06 3.063104312776888161e-07 5.034843186926205343e-06
1.725000000000137979e+00 9.689280133528159306e-07 2.898546961529852737e-07 4.771279183377181165e-06
1.730000000000138316e+00 8.734542150482066763e-07 2.804384605820525737e-07 4.622964564535350476e-06
1.735000000000138654e+00 8.402995003323259784e-07 2.791106474553672222e-07 4.607720021937794691e-06
1.740000000000139213e+00 8.177751021016589107e-07 2.796112930374406353e-07 4.622631458887696441e-06
1.745000000000139551e+00 7.930306790966918576e-07 2.754326178983576803e-07 4.560085904389740482e-06
1.750000000000139888e+00 7.619116915737204202e-07 2.672543174961416648e-07 4.431019821912677386e-06
1.755000000000140226e+00 6.879017283164216848e-07 2.490436400040333402e-07 4.134985150450195397e-06
1.760000000000140785e+00 6.132388772370277775e-07 2.241297659482792227e-07 3.726626003404058451e-06
1.765000000000141123e+00 4.875662341257695845e-07 1.871873074713647519e-07 3.116798245737215811e-06
1.770000000000141460e+00 3.554054739541942291e-07 1.523459701202216396e-07 2.540256330789891084e-06
1.775000000000142020e+00 2.247407880842655763e-07 1.173661151864511031e-07 1.959755296691949159e-06
1.780000000000142357e+00 1.679321188026340237e-07 9.385289986609585150e-08 1.569342136658989424e-06
1.785000000000142695e+00 8.333107064413489611e-08 6.974167580135931844e-08 1.167807949983190527e-06
1.790000000000143032e+00 2.623179606536348847e-08 5.453776977751364211e-08 9.145002494886077194e-07
1.795000000000143592e+00 2.280511107494064812e-08 4.518985894995908123e-08 7.588101836952835326e-07
1.800000000000143929e+00 1.067338851638289646e-08 2.732669791440985199e-08 4.594977053502987784e-07
1.805000000000144267e+00 -1.073463071688756511e-08 1.019413609380655352e-08 1.716520398731690918e-07
1.810000000000144826e+00 0.000000000000000000e+00 0.000000000000000000e+00 0.000000000000000000e+00
1.815000000000145164e+00 0.000000000000000000e+00 0.000000000000000000e+00 0.000000000000000000e+00
1.820000000000145501e+00 0.000000000000000000e+00 0.000000000000000000e+00 0.000000000000000000e+00
1.825000000000145839e+00 0.000000000000000000e+00 0.000000000000000000e+00 0.000000000000000000e+00
1.830000000000146398e+00 0.000000000000000000e+00 0.000000000000000000e+00 0.000000000000000000e+00
1.835000000000146736e+00 0.000000000000000000e+00 0.000000000000000000e+00 0.000000000000000000e+00
1.840000000000147073e+00 0.000000000000000000e+00 0.000000000000000000e+00 0.000000000000000000e+00
1.845000000000147633e+00 0.000000000000000000e+00 0.000000000000000000e+00 0.000000000000000000e+00
1.850000000000147971e+00 0.000000000000000000e+00 0.000000000000000000e+00 0.000000000000000000e+00
1.855000000000148308e+00 0.000000000000000000e+00 0.000000000000000000e+00 0.000000000000000000e+00
1.860000000000148646e+00 0.000000000000000000e+00 0.000000000000000000e+00 0.000000000000000000e+00
1.865000000000149205e+00 0.000000000000000000e+00 0.000000000000000000e+00 0.000000000000000000e+00
1.870000000000149543e+00 0.000000000000000000e+00 0.000000000000000000e+00 0.000000000000000000e+00
1.875000000000149880e+00 0.000000000000000000e+00 0.000000000000000000e+00 0.000000000000000000e+00
1.880000000000150218e+00 0.000000000000000000e+00 0.000000000000000000e+00 0.000000000000000000e+00
1.885000000000150777e+00 0.000000000000000000e+00 0.000000000000000000e+00 0.000000000000000000e+00
1.890000000000151115e+00 0.000000000000000000e+00 0.000000000000000000e+00 0.000000000000000000e+00
1.895000000000151452e+00 0.000000000000000000e+00 0.000000000000000000e+00 0.000000000000000000e+00
1.900000000000152012e+00 0.000000000000000000e+00 0.000000000000000000e+00 0.000000000000000000e+00
1.905000000000152349e+00 0.000000000000000000e+00 0.000000000000000000e+00 0.000000000000000000e+00
1.910000000000152687e+00 0.000000000000000000e+00 0.000000000000000000e+00 0.000000000000000000e+00
1.915000000000153024e+00 0.000000000000000000e+00 0.000000000000000000e+00 0.000000000000000000e+00
1.920000000000153584e+00 0.000000000000000000e+00 0.000000000000000000e+00 0.000000000000000000e+00
1.925000000000153921e+00 0.000000000000000000e+00 0.000000000000000000e+00 0.000000000000000000e+00
1.930000000000154259e+00 0.000000000000000000e+00 0.000000000000000000e+00 0.000000000000000000e+00
1.935000000000154818e+00 0.000000000000000000e+00 0.000000000000000000e+00 0.000000000000000000e+00
1.940000000000155156e+00 0.000000000000000000e+00 0.000000000000000000e+00 0.000000000000000000e+00
1.945000000000155493e+00 0.000000000000000000e+00 0.000000000000000000e+00 0.000000000000000000e+00
1.950000000000155831e+00 0.000000000000000000e+00 0.000000000000000000e+00 0.000000000000000000e+00
1.955000000000156390e+00 0.000000000000000000e+00 0.000000000000000000e+00 0.000000000000000000e+00
1.960000000000156728e+00 0.000000000000000000e+00 0.000000000000000000e+00 0.000000000000000000e+00
1.965000000000157065e+00 0.000000000000000000e+00 0.000000000000000000e+00 0.000000000000000000e+00
1.970000000000157625e+00 0.000000000000000000e+00 0.000000000000000000e+00 0.000000000000000000e+00
1.975000000000157963e+00 0.000000000000000000e+00 0.000000000000000000e+00 0.000000000000000000e+00
1.980000000000158300e+00 0.000000000000000000e+00 0.000000000000000000e+00 0.000000000000000000e+00
1.985000000000158638e+00 0.000000000000000000e+00 0.000000000000000000e+00 0.000000000000000000e+00
1.990000000000159197e+00 0.000000000000000000e+00 0.000000000000000000e+00 0.000000000000000000e+00
1.995000000000159535e+00 0.000000000000000000e+00 0.000000000000000000e+00 0.000000000000000000e+00
2.000000000000159872e+00 0.000000000000000000e+00 0.000000000000000000e+00 0.000000000000000000e+00
2.005000000000160210e+00 0.000000000000000000e+00 0.000000000000000000e+00 0.000000000000000000e+00
2.010000000000160547e+00 0.000000000000000000e+00 0.000000000000000000e+00 0.000000000000000000e+00
2.015000000000161329e+00 0.000000000000000000e+00 0.000000000000000000e+00 0.000000000000000000e+00
2.020000000000161666e+00 0.000000000000000000e+00 0.000000000000000000e+00 0.000000000000000000e+00
2.025000000000162004e+00 0.000000000000000000e+00 0.000000000000000000e+00 0.000000000000000000e+00
2.030000000000162341e+00 0.000000000000000000e+00 0.000000000000000000e+00 0.000000000000000000e+00
2.035000000000162679e+00 0.000000000000000000e+00 0.000000000000000000e+00 0.000000000000000000e+00
2.040000000000163016e+00 0.000000000000000000e+00 0.000000000000000000e+00 0.000000000000000000e+00
2.045000000000163354e+00 0.000000000000000000e+00 0.000000000000000000e+00 0.000000000000000000e+00
2.050000000000164135e+00 0.000000000000000000e+00 0.000000000000000000e+00 0.000000000000000000e+00
2.055000000000164473e+00 0.000000000000000000e+00 0.000000000000000000e+00 0.000000000000000000e+00
2.060000000000164810e+00 0.000000000000000000e+00 0.000000000000000000e+00 0.000000000000000000e+00
2.065000000000165148e+00 0.000000000000000000e+00 0.000000000000000000e+00 0.000000000000000000e+00
2.070000000000165485e+00 0.000000000000000000e+00 0.000000000000000000e+00 0.000000000000000000e+00
2.075000000000165823e+00 0.000000000000000000e+00 0.000000000000000000e+00 0.000000000000000000e+00
2.080000000000166160e+00 0.000000000000000000e+00 0.000000000000000000e+00 0.000000000000000000e+00
2.085000000000166498e+00 0.000000000000000000e+00 0.000000000000000000e+00 0.000000000000000000e+00
2.090000000000167280e+00 0.000000000000000000e+00 0.000000000000000000e+00 0.000000000000000000e+00
2.095000000000167617e+00 0.000000000000000000e+00 0.000000000000000000e+00 0.000000000000000000e+00
2.100000000000167955e+00 0.000000000000000000e+00 0.000000000000000000e+00 0.000000000000000000e+00
2.105000000000168292e+00 0.000000000000000000e+00 0.000000000000000000e+00 0.000000000000000000e+00
2.110000000000168630e+00 0.000000000000000000e+00 0.000000000000000000e+00 0.000000000000000000e+00
2.115000000000168967e+00 0.000000000000000000e+00 0.000000000000000000e+00 0.000000000000000000e+00
2.120000000000169305e+00 0.000000000000000000e+00 0.000000000000000000e+00 0.000000000000000000e+00
2.125000000000170086e+00 0.000000000000000000e+00 0.000000000000000000e+00 0.000000000000000000e+00
2.130000000000170424e+00 0.000000000000000000e+00 0.000000000000000000e+00 0.000000000000000000e+00
2.135000000000170761e+00 0.000000000000000000e+00 0.000000000000000000e+00 0.000000000000000000e+00
2.140000000000171099e+00 0.000000000000000000e+00 0.000000000000000000e+00 0.000000000000000000e+00
2.145000000000171436e+00 0.000000000000000000e+00 0.000000000000000000e+00 0.000000000000000000e+00
2.150000000000171774e+00 0.000000000000000000e+00 0.000000000000000000e+00 0.000000000000000000e+00
2.155000000000172111e+00 0.000000000000000000e+00 0.000000000000000000e+00 0.000000000000000000e+00
2.160000000000172893e+00 0.000000000000000000e+00 0.000000000000000000e+00 0.000000000000000000e+00
2.165000000000173230e+00 0.000000000000000000e+00 0.000000000000000000e+00 0.000000000000000000e+00
2.170000000000173568e+00 0.000000000000000000e+00 0.000000000000000000e+00 0.000000000000000000e+00
2.175000000000173905e+00 0.000000000000000000e+00 0.000000000000000000e+00 0.000000000000000000e+00
2.180000000000174243e+00 0.000000000000000000e+00 0.000000000000000000e+00 0.000000000000000000e+00
2.185000000000174580e+00 0.000000000000000000e+00 0.000000000000000000e+00 0.000000000000000000e+00
2.190000000000174918e+00 0.000000000000000000e+00 0.000000000000000000e+00 0.000000000000000000e+00
2.195000000000175699e+00 0.000000000000000000e+00 0.000000000000000000e+00 0.000000000000000000e+00
2.200000000000176037e+00 0.000000000000000000e+00 0.000000000000000000e+00 0.000000000000000000e+00
2.205000000000176374e+00 0.000000000000000000e+00 0.000000000000000000e+00 0.000000000000000000e+00
2.210000000000176712e+00 0.000000000000000000e+00 0.000000000000000000e+00 0.000000000000000000e+00
2.215000000000177049e+00 0.000000000000000000e+00 0.000000000000000000e+00 0.000000000000000000e+00
2.220000000000177387e+00 0.000000000000000000e+00 0.000000000000000000e+00 0.000000000000000000e+00
2.225000000000177725e+00 0.000000000000000000e+00 0.000000000000000000e+00 0.000000000000000000e+00
2.230000000000178506e+00 0.000000000000000000e+00 0.000000000000000000e+00 0.000000000000000000e+00
2.235000000000178844e+00 0.000000000000000000e+00 0.000000000000000000e+00 0.000000000000000000e+00
2.240000000000179181e+00 0.000000000000000000e+00 0.000000000000000000e+00 0.000000000000000000e+00
2.245000000000179519e+00 0.000000000000000000e+00 0.000000000000000000e+00 0.000000000000000000e+00
2.250000000000179856e+00 0.000000000000000000e+00 0.000000000000000000e+00 0.000000000000000000e+00
2.255000000000180194e+00 0.000000000000000000e+00 0.000000000000000000e+00 0.000000000000000000e+00
2.260000000000180531e+00 0.000000000000000000e+00 0.000000000000000000e+00 0.000000000000000000e+00
2.265000000000181313e+00 0.000000000000000000e+00 0.000000000000000000e+00 0.000000000000000000e+00
2.270000000000181650e+00 0.000000000000000000e+00 0.000000000000000000e+00 0.000000000000000000e+00
2.275000000000181988e+00 0.000000000000000000e+00 0.000000000000000000e+00 0.000000000000000000e+00
2.280000000000182325e+00 0.000000000000000000e+00 0.000000000000000000e+00 0.000000000000000000e+00
2.285000000000182663e+00 0.000000000000000000e+00 0.000000000000000000e+00 0.000000000000000000e+00
2.290000000000183000e+00 0.000000000000000000e+00 0.000000000000000000e+00 0.000000000000000000e+00
2.295000000000183338e+00 0.000000000000000000e+00 0.000000000000000000e+00 0.000000000000000000e+00
2.300000000000184119e+00 0.000000000000000000e+00 0.000000000000000000e+00 0.000000000000000000e+00
2.305000000000184457e+00 0.000000000000000000e+00 0.000000000000000000e+00 0.000000000000000000e+00
2.310000000000184794e+00 0.000000000000000000e+00 0.000000000000000000e+00 0.000000000000000000e+00
2.315000000000185132e+00 0.000000000000000000e+00 0.000000000000000000e+00 0.000000000000000000e+00
2.320000000000185469e+00 0.000000000000000000e+00 0.000000000000000000e+00 0.000000000000000000e+00
2.325000000000185807e+00 0.000000000000000000e+00 0.000000000000000000e+00 0.000000000000000000e+00
2.330000000000186144e+00 0.000000000000000000e+00 0.000000000000000000e+00 0.000000000000000000e+00
2.335000000000186926e+00 0.000000000000000000e+00 0.000000000000000000e+00 0.000000000000000000e+00
2.340000000000187264e+00 0.000000000000000000e+00 0.000000000000000000e+00 0.000000000000000000e+00
2.345000000000187601e+00 0.000000000000000000e+00 0.000000000000000000e+00 0.000000000000000000e+00
2.350000000000187939e+00 0.000000000000000000e+00 0.000000000000000000e+00 0.000000000000000000e+00
2.355000000000188276e+00 0.000000000000000000e+00 0.000000000000000000e+00 0.000000000000000000e+00
2.360000000000188614e+00 0.000000000000000000e+00 0.000000000000000000e+00 0.000000000000000000e+00
2.365000000000188951e+00 0.000000000000000000e+00 0.000000000000000000e+00 0.000000000000000000e+00
2.370000000000189733e+00 0.000000000000000000e+00 0.000000000000000000e+00 0.000000000000000000e+00
2.375000000000190070e+00 0.000000000000000000e+00 0.000000000000000000e+00 0.000000000000000000e+00
2.380000000000190408e+00 0.000000000000000000e+00 0.000000000000000000e+00 0.000000000000000000e+00
2.385000000000190745e+00 0.000000000000000000e+00 0.000000000000000000e+00 0.000000000000000000e+00
2.390000000000191083e+00 0.000000000000000000e+00 0.000000000000000000e+00 0.000000000000000000e+00
2.395000000000191420e+00 0.000000000000000000e+00 0.000000000000000000e+00 0.000000000000000000e+00
2.400000000000191758e+00 0.000000000000000000e+00 0.000000000000000000e+00 0.000000000000000000e+00
2.405000000000192539e+00 0.000000000000000000e+00 0.000000000000000000e+00 0.000000000000000000e+00
2.410000000000192877e+00 0.000000000000000000e+00 0.000000000000000000e+00 0.000000000000000000e+00
2.415000000000193214e+00 0.000000000000000000e+00 0.000000000000000000e+00 0.000000000000000000e+00
2.420000000000193552e+00 0.000000000000000000e+00 0.000000000000000000e+00 0.000000000000000000e+00
2.425000000000193889e+00 0.000000000000000000e+00 0.000000000000000000e+00 0.000000000000000000e+00
2.430000000000194227e+00 0.000000000000000000e+00 0.000000000000000000e+00 0.000000000000000000e+00
2.435000000000194564e+00 0.000000000000000000e+00 0.000000000000000000e+00 0.000000000000000000e+00
2.440000000000194902e+00 0.000000000000000000e+00 0.000000000000000000e+00 0.000000000000000000e+00
2.445000000000195683e+00 0.000000000000000000e+00 0.000000000000000000e+00 0.000000000000000000e+00
2.450000000000196021e+00 0.000000000000000000e+00 0.000000000000000000e+00 0.000000000000000000e+00
2.455000000000196358e+00 0.000000000000000000e+00 0.000000000000000000e+00 0.000000000000000000e+00
2.460000000000196696e+00 0.000000000000000000e+00 0.000000000000000000e+00 0.000000000000000000e+00
2.465000000000197034e+00 0.000000000000000000e+00 0.000000000000000000e+00 0.000000000000000000e+00
2.470000000000197371e+00 0.000000000000000000e+00 0.000000000000000000e+00 0.000000000000000000e+00
2.475000000000197709e+00 0.000000000000000000e+00 0.000000000000000000e+00 0.000000000000000000e+00
2.480000000000198490e+00 0.000000000000000000e+00 0.000000000000000000e+00 0.000000000000000000e+00
2.485000000000198828e+00 0.000000000000000000e+00 0.000000000000000000e+00 0.000000000000000000e+00
2.490000000000199165e+00 0.000000000000000000e+00 0.000000000000000000e+00 0.000000000000000000e+00
2.495000000000199503e+00 0.000000000000000000e+00 0.000000000000000000e+00 0.000000000000000000e+00
2.500000000000199840e+00 0.000000000000000000e+00 0.000000000000000000e+00 0.000000000000000000e+00
2.505000000000200178e+00 0.000000000000000000e+00 0.000000000000000000e+00 0.000000000000000000e+00
2.510000000000200515e+00 0.000000000000000000e+00 0.000000000000000000e+00 0.000000000000000000e+00
2.515000000000201297e+00 0.000000000000000000e+00 0.000000000000000000e+00 0.000000000000000000e+00
2.520000000000201634e+00 0.000000000000000000e+00 0.000000000000000000e+00 0.000000000000000000e+00
2.525000000000201972e+00 0.000000000000000000e+00 0.000000000000000000e+00 0.000000000000000000e+00
2.530000000000202309e+00 0.000000000000000000e+00 0.000000000000000000e+00 0.000000000000000000e+00
2.535000000000202647e+00 0.000000000000000000e+00 0.000000000000000000e+00 0.000000000000000000e+00
2.540000000000202984e+00 0.000000000000000000e+00 0.000000000000000000e+00 0.000000000000000000e+00
2.545000000000203322e+00 0.000000000000000000e+00 0.000000000000000000e+00 0.000000000000000000e+00
2.550000000000204103e+00 0.000000000000000000e+00 0.000000000000000000e+00 0.000000000000000000e+00
2.555000000000204441e+00 0.000000000000000000e+00 0.000000000000000000e+00 0.000000000000000000e+00
2.560000000000204778e+00 0.000000000000000000e+00 0.000000000000000000e+00 0.000000000000000000e+00
