5.000000000000399958e-03 8.972816590557540934e-06 1.694065894508600678e-21 1.694065894508600678e-21
1.000000000000079992e-02 8.906318109704457089e-06 2.139854953404197354e-06 2.681910464906188829e-06
1.500000000000119987e-02 8.720601381216134667e-06 3.515526209371523203e-06 5.396297793803854008e-06
2.000000000000159983e-02 8.553791853850298410e-06 4.544444584032599764e-06 8.054818303195620093e-06
2.500000000000199979e-02 8.512257377854391631e-06 5.262481728776996675e-06 1.042846874440778823e-05
3.000000000000239975e-02 8.618363663815261107e-06 5.647633159458699304e-06 1.225990331840805272e-05
3.500000000000279970e-02 8.798428737719164711e-06 5.697796678321668299e-06 1.335982927676082731e-05
4.000000000000319966e-02 8.903997384107584662e-06 5.482652879822781438e-06 1.374297272855141393e-05
4.500000000000359962e-02 8.788926439606554913e-06 5.132637287146344469e-06 1.364604408735621359e-05
5.000000000000399958e-02 8.358218116311226948e-06 4.785081202688291704e-06 1.341016905540989283e-05
5.500000000000439954e-02 7.555615866181636774e-06 4.529851055005930544e-06 1.331451053312394988e-05
6.000000000000479949e-02 6.364190135020574735e-06 4.367110501457424849e-06 1.340694243808543377e-05
6.500000000000519251e-02 4.766022004734483836e-06 4.236782989411471507e-06 1.353794784306242932e-05
7.000000000000558553e-02 2.787784762671613491e-06 4.077499275059404479e-06 1.352081439199471780e-05
7.500000000000600631e-02 5.303415837791352044e-07 3.869859394564927648e-06 1.328268141097842471e-05
8.000000000000639933e-02 -1.784472017857206714e-06 3.638567665392401251e-06 1.289838654061062512e-05
8.500000000000679234e-02 -3.845585367375915805e-06 3.425413338272866745e-06 1.251648507606992173e-05
9.000000000000718536e-02 -5.329817958516821720e-06 3.255471692055696880e-06 1.224038608585194147e-05
9.500000000000760614e-02 -6.000556808399970448e-06 3.121803211253333383e-06 1.205944341785490649e-05
1.000000000000079992e-01 -5.814047562582701171e-06 2.994384717598512648e-06 1.186772669079292696e-05
1.050000000000083922e-01 -4.940169856524706066e-06 2.850196846080940390e-06 1.157522504275838983e-05
1.100000000000087852e-01 -3.711009112119601201e-06 2.693602603929556136e-06 1.119669387081452370e-05
1.150000000000092060e-01 -2.489955422279418123e-06 2.553845040690547762e-06 1.085433948884962622e-05
1.200000000000095990e-01 -1.553369193437622090e-06 2.462029740418350195e-06 1.068916685355933229e-05
1.250000000000099920e-01 -1.027035288381614783e-06 2.427660241218404212e-06 1.075728935809486689e-05
1.300000000000103850e-01 -8.924192476500045751e-07 2.434324999058488345e-06 1.100044296685936994e-05
1.350000000000107780e-01 -1.047074385572178210e-06 2.458750630780637766e-06 1.132247334896191084e-05
1.400000000000111988e-01 -1.349962498822324687e-06 2.484759950913294747e-06 1.165221246459512822e-05
1.450000000000115918e-01 -1.665235756160487397e-06 2.506145249806781679e-06 1.196052319502363524e-05
1.500000000000119849e-01 -1.870836577860886978e-06 2.517698692117408897e-06 1.222107255155737461e-05
1.550000000000124056e-01 -1.853944853876791668e-06 2.509952065560601317e-06 1.238486323618696287e-05
1.600000000000127987e-01 -1.536390292453189264e-06 2.473160048259830123e-06 1.239858580931221449e-05
1.650000000000131917e-01 -8.946769134075502073e-07 2.403818837546812076e-06 1.223780827038928331e-05
1.700000000000135847e-01 2.668890157822076133e-08 2.316436324158622181e-06 1.197029258206645647e-05
1.750000000000139777e-01 1.110751626966185164e-06 2.251557875845839419e-06 1.180489361927691633e-05
1.800000000000143985e-01 2.201296058609303720e-06 2.252104970859673252e-06 1.197525638473152614e-05
1.850000000000147915e-01 3.159132325883155312e-06 2.325665831386918996e-06 1.253698525254528494e-05
1.900000000000151845e-01 3.914701194445746713e-06 2.429218904248375827e-06 1.327099211532916543e-05
1.950000000000156053e-01 4.458619506447225137e-06 2.502293627342709977e-06 1.384890748593391272e-05
2.000000000000159983e-01 4.838039403153381561e-06 2.506578564340473808e-06 1.404935083634024855e-05
2.050000000000163913e-01 5.122820991396596831e-06 2.439614740436989811e-06 1.384388929715936264e-05
2.100000000000167844e-01 5.365639190382979167e-06 2.325996307703347883e-06 1.335914325189250422e-05
2.150000000000171774e-01 5.615035867033474115e-06 2.200408611454261373e-06 1.278740747677705296e-05
2.200000000000175981e-01 5.897578410943920291e-06 2.094186960935148009e-06 1.231081287712024221e-05
2.250000000000179912e-01 6.227526518503972680e-06 2.028022369861169122e-06 1.205657462794009082e-05
2.300000000000183842e-01 6.600755909650274410e-06 2.008237073524944234e-06 1.207087733820203989e-05
2.350000000000188050e-01 7.013478315176547992e-06 2.023164409533875468e-06 1.229207060538993628e-05
2.400000000000191980e-01 7.471170301959576823e-06 2.048123155348021018e-06 1.257539475618809293e-05
2.450000000000195910e-01 7.990934290738615792e-06 2.056802437296070408e-06 1.275955590188095895e-05
2.500000000000199840e-01 8.604464314306994692e-06 2.037376208126472030e-06 1.276736202337628160e-05
2.550000000000203770e-01 9.338886301271197746e-06 2.000440100092481311e-06 1.266063768012554029e-05
2.600000000000207701e-01 1.020855041027774917e-05 1.967407418250491800e-06 1.257305794556594270e-05
2.650000000000211631e-01 1.120272139569483734e-05 1.951509423035283006e-06 1.259080587798663991e-05
2.700000000000216116e-01 1.229957512085411362e-05 1.946068966601136917e-06 1.267360151120595369e-05
2.750000000000220046e-01 1.348577256875628028e-05 1.933118134637149296e-06 1.270529286921891186e-05
2.800000000000223976e-01 1.477873945968078213e-05 1.907412561827275775e-06 1.264979806381450334e-05
2.850000000000227907e-01 1.623238308566384106e-05 1.881446895258962604e-06 1.258851011448845838e-05
2.900000000000231837e-01 1.792563771870106013e-05 1.879490949537482274e-06 1.268525425105721419e-05
2.950000000000235767e-01 1.992718628298012425e-05 1.913977810456727775e-06 1.302890282718302527e-05
3.000000000000239697e-01 2.225299778941865084e-05 1.976585268365780359e-06 1.356863375357213087e-05
3.050000000000244182e-01 2.484190012072152440e-05 2.045640806943463365e-06 1.415921696833301061e-05
3.100000000000248113e-01 2.759056688299343295e-05 2.103340512105448658e-06 1.467744197783928131e-05
3.150000000000252043e-01 3.036857497816240390e-05 2.140647882970125192e-06 1.505776278413869376e-05
3.200000000000255973e-01 3.307785201727055378e-05 2.158572217883063910e-06 1.530387856017859972e-05
3.250000000000259903e-01 3.568300934774632210e-05 2.159869131584684610e-06 1.543224312289718467e-05
3.300000000000263833e-01 3.819873866380375045e-05 2.145273503280695860e-06 1.544541483689566152e-05
3.350000000000267764e-01 4.069920515009257662e-05 2.113794492478379559e-06 1.533363439588632466e-05
3.400000000000271694e-01 4.328469742400433166e-05 2.065908190644283171e-06 1.509768689682725748e-05
3.450000000000275624e-01 4.607966055130253649e-05 2.002858774184526209e-06 1.474415247360592510e-05
3.500000000000280109e-01 4.920773216952280987e-05 1.925271439790110917e-06 1.427532252342451513e-05
3.550000000000284039e-01 5.277877559350700948e-05 1.829777128539915610e-06 1.366382558825232816e-05
3.600000000000287970e-01 5.685443870922570755e-05 1.716359897306260110e-06 1.290682874409241289e-05
3.650000000000291900e-01 6.143398166288015422e-05 1.589744596458934510e-06 1.203742871397257807e-05
3.700000000000295830e-01 6.642984638290528720e-05 1.466544192237333829e-06 1.118036430306628830e-05
3.750000000000299760e-01 7.167880949914603311e-05 1.369415443532390677e-06 1.051019548230853185e-05
3.800000000000303690e-01 7.696472633099378036e-05 1.321068916297155512e-06 1.020650871889927126e-05
3.850000000000308176e-01 8.204535910413530801e-05 1.326881012997519678e-06 1.031863576968620535e-05
3.900000000000312106e-01 8.668555703146719061e-05 1.365837640209232036e-06 1.069033510394196323e-05
3.950000000000316036e-01 9.068317611645140461e-05 1.405537438064246386e-06 1.107135825849019362e-05
4.000000000000319966e-01 9.388189914626363379e-05 1.424679544020009045e-06 1.129294265431122516e-05
4.050000000000323896e-01 9.619985953914042976e-05 1.422375076785285662e-06 1.134492382026094291e-05
4.100000000000327827e-01 9.763369551021843374e-05 1.410609759020064757e-06 1.132032123600982496e-05
4.150000000000331757e-01 9.824172258762726246e-05 1.402490275031664949e-06 1.132358241685861194e-05
4.200000000000335687e-01 9.816327143881273991e-05 1.398710110011485010e-06 1.136088850510538112e-05
4.250000000000339617e-01 9.757651130655529796e-05 1.395170125495470806e-06 1.139938893998042060e-05
4.300000000000344103e-01 9.668783195460899549e-05 1.386647872813645664e-06 1.139620770663912198e-05
4.350000000000348033e-01 9.569460791966582873e-05 1.373128325245890462e-06 1.135051829348231853e-05
4.400000000000351963e-01 9.474976885436298525e-05 1.357827110948390844e-06 1.128835743520779419e-05
4.450000000000355893e-01 9.393590108469732384e-05 1.340988281342646536e-06 1.121153111773571190e-05
4.500000000000359823e-01 9.326641218101289731e-05 1.317602991653087645e-06 1.107772979237322676e-05
4.550000000000363753e-01 9.271089351232577192e-05 1.284994447182184987e-06 1.086342793730852842e-05
4.600000000000367684e-01 9.219974665303952909e-05 1.243279501328385452e-06 1.056836070468628481e-05
4.650000000000372169e-01 9.167824125826064176e-05 1.199705263093750516e-06 1.025323659881293259e-05
4.700000000000376099e-01 9.111746116795480508e-05 1.173198726409830202e-06 1.008046231375033171e-05
4.750000000000380029e-01 9.054172125217912841e-05 1.176623757157229624e-06 1.016352491844408174e-05
4.800000000000383960e-01 9.001404561652398160e-05 1.208871792453735155e-06 1.049689374743591334e-05
4.850000000000387890e-01 8.958264972550671035e-05 1.261132631305554621e-06 1.100757291266305174e-05
4.900000000000391820e-01 8.929629128989734763e-05 1.318897593434760454e-06 1.157095099666269439e-05
4.950000000000395750e-01 8.919682328314578986e-05 1.371268429363115654e-06 1.209163461985283840e-05
5.000000000000399680e-01 8.928172217480764036e-05 1.411089097533909297e-06 1.250545152447433408e-05
5.050000000000404166e-01 8.955323306313926431e-05 1.432680921907978232e-06 1.276013018477663459e-05
5.100000000000408651e-01 9.002615941565363274e-05 1.432861981999022759e-06 1.282476412644195903e-05
5.150000000000412026e-01 9.075714279960446940e-05 1.412777948340123218e-06 1.270683704677461413e-05
5.200000000000416511e-01 9.185329319048942699e-05 1.375112836321487067e-06 1.242796285196206879e-05
5.250000000000419886e-01 9.354638192927646921e-05 1.328702867843756416e-06 1.206611506700422172e-05
5.300000000000424372e-01 9.617660681914836490e-05 1.277518795062188461e-06 1.165641957567872694e-05
5.350000000000428857e-01 1.002697813911124030e-04 1.230614194467396750e-06 1.128128964137912761e-05
5.400000000000432232e-01 1.065385989566961053e-04 1.196103147568609569e-06 1.101603866729280472e-05
5.450000000000436717e-01 1.159044890007948197e-04 1.181196714655508588e-06 1.092899985034755708e-05
5.500000000000440092e-01 1.293962280668339111e-04 1.185135127580246727e-06 1.101562528208446364e-05
5.550000000000444578e-01 1.480373407394990136e-04 1.204665708230835531e-06 1.124793966422227776e-05
5.600000000000447953e-01 1.726231351709086497e-04 1.228359038402742382e-06 1.152071087833946830e-05
5.650000000000452438e-01 2.035329829386452747e-04 1.240713909574284939e-06 1.168842012974425931e-05
5.700000000000456923e-01 2.406045568380555397e-04 1.235210513413117625e-06 1.168795002072898886e-05
5.750000000000460298e-01 2.831190757088554964e-04 1.217737523512525725e-06 1.157304254020412958e-05
5.800000000000464784e-01 3.299288733351383139e-04 1.200747505275232402e-06 1.146108222523688933e-05
5.850000000000468159e-01 3.796623772240836870e-04 1.204426960914357061e-06 1.154564872809433553e-05
5.900000000000472644e-01 4.309747561021627432e-04 1.236971343172936698e-06 1.190818526841506404e-05
5.950000000000476019e-01 4.827088352647839202e-04 1.295592581211885519e-06 1.252526358021859441e-05
6.000000000000480505e-01 5.339882500428475356e-04 1.362149733582958715e-06 1.322392609752810201e-05
6.050000000000484990e-01 5.841855587575342512e-04 1.416492438871594788e-06 1.380867112931132719e-05
6.100000000000488365e-01 6.328916092609016128e-04 1.446683924048851965e-06 1.416114962491925971e-05
6.150000000000492850e-01 6.798046234194310943e-04 1.448249322166392572e-06 1.423445455769403090e-05
6.200000000000496225e-01 7.246804867184065795e-04 1.428048831666036751e-06 1.409285039141192264e-05
6.250000000000500711e-01 7.673362927832438028e-04 1.395844534963816788e-06 1.383047187159121216e-05
6.300000000000504086e-01 8.076294567775525518e-04 1.360538402270049038e-06 1.353446264684354571e-05
6.350000000000508571e-01 8.455268495583909572e-04 1.326643435324325573e-06 1.324954649437610575e-05
6.400000000000511946e-01 8.810946047772594313e-04 1.293420919035484271e-06 1.296850178661475357e-05
6.450000000000516431e-01 9.144809786379133956e-04 1.261656534800488073e-06 1.269933375933332681e-05
6.500000000000520917e-01 9.458729783014996513e-04 1.233264947688785718e-06 1.246157698577893159e-05
6.550000000000524292e-01 9.754606344840935622e-04 1.211698172716040272e-06 1.229065537690997409e-05
6.600000000000528777e-01 1.003374266322721708e-03 1.197000423422392339e-06 1.218782501627080884e-05
6.650000000000532152e-01 1.029695047999874434e-03 1.184398779897305579e-06 1.210510922616293839e-05
6.700000000000536637e-01 1.054456835530557558e-03 1.170338604460581049e-06 1.200629114869912851e-05
6.750000000000540012e-01 1.077659757442010497e-03 1.155136682304027058e-06 1.189447287831291460e-05
6.800000000000544498e-01 1.099294118233792774e-03 1.142874565382544066e-06 1.181171508109565786e-05
6.850000000000547873e-01 1.119342875371926588e-03 1.135644698321989747e-06 1.178006541300668551e-05
6.900000000000552358e-01 1.137776639194575373e-03 1.131376563868145544e-06 1.177854545013025788e-05
6.950000000000556843e-01 1.154576767745454924e-03 1.127159857021937042e-06 1.177708620836707382e-05
7.000000000000560219e-01 1.169721365177954150e-03 1.121090296079253594e-06 1.175572862220787524e-05
7.050000000000564704e-01 1.183199811646628826e-03 1.118265423739024164e-06 1.176791150776371534e-05
7.100000000000568079e-01 1.195020621983586360e-03 1.125202059594537079e-06 1.188282308619952630e-05
7.150000000000572564e-01 1.205203240616004728e-03 1.141224455711189044e-06 1.209439167769015733e-05
7.200000000000575939e-01 1.213755345893276216e-03 1.156120065313181833e-06 1.229501677124140521e-05
7.250000000000580425e-01 1.220665929375677663e-03 1.158261577684331312e-06 1.236048727358950821e-05
7.300000000000584910e-01 1.225883986184719918e-03 1.143648962736144787e-06 1.224655984208314941e-05
7.350000000000588285e-01 1.229324589316916402e-03 1.117846767117348414e-06 1.201118574792010431e-05
7.400000000000592770e-01 1.230849351002723420e-03 1.090847117202029350e-06 1.176087642220524004e-05
7.450000000000596145e-01 1.230291532778186045e-03 1.066698027899579304e-06 1.153930272947696833e-05
7.500000000000600631e-01 1.227476709568677818e-03 1.041923083272363565e-06 1.130905275313696172e-05
7.550000000000604006e-01 1.222248117219209597e-03 1.013196976349409067e-06 1.103385568510136402e-05
7.600000000000608491e-01 1.214502772222887314e-03 9.825298530780315275e-07 1.073525807861150370e-05
7.650000000000612976e-01 1.204225619917775273e-03 9.590149363394700739e-07 1.051274250990693098e-05
7.700000000000616351e-01 1.191539905507942206e-03 9.525090139717862530e-07 1.047549117614499942e-05
7.750000000000620837e-01 1.176689120296233555e-03 9.623643465035368791e-07 1.061818565960761231e-05
7.800000000000624212e-01 1.160042534208962023e-03 9.794939506175964710e-07 1.084198989032327868e-05
7.850000000000628697e-01 1.142080405301655263e-03 9.926020975087759690e-07 1.102224234219806910e-05
7.900000000000632072e-01 1.123347763966519837e-03 9.934908735310859800e-07 1.106719000413778542e-05
7.950000000000636557e-01 1.104409293753016042e-03 9.825235037042940662e-07 1.097959829541819048e-05
8.000000000000639933e-01 1.085793125349411884e-03 9.681378292744490495e-07 1.085280805869212152e-05
8.050000000000644418e-01 1.067933818839092745e-03 9.611696512336039855e-07 1.080831337979901112e-05
8.100000000000648903e-01 1.051143984846114642e-03 9.704212475033831580e-07 1.094618401782644523e-05
8.150000000000652278e-01 1.035577916707311604e-03 9.939022141401391762e-07 1.124559402241849704e-05
8.200000000000656764e-01 1.021260266708989926e-03 1.023242432624017408e-06 1.161302620992161856e-05
8.250000000000660139e-01 1.008106703322402637e-03 1.051043013736113180e-06 1.196485397401815584e-05
8.300000000000664624e-01 9.960121806837115947e-04 1.075097636770907541e-06 1.227571768156661605e-05
8.350000000000667999e-01 9.848713411255496930e-04 1.094126962912164919e-06 1.253057201734861543e-05
8.400000000000672484e-01 9.746380706554757210e-04 1.108935516891578373e-06 1.273813580718327764e-05
8.450000000000675859e-01 9.652946347802051838e-04 1.117138547793082275e-06 1.287049738670100478e-05
8.500000000000680345e-01 9.568561878079053645e-04 1.117456116058039275e-06 1.291218911505769250e-05
8.550000000000684830e-01 9.493414389660380284e-04 1.108338712209760798e-06 1.284444958560888200e-05
8.600000000000688205e-01 9.427340427538209678e-04 1.092883475682634052e-06 1.270231924692747234e-05
8.650000000000692690e-01 9.369871913374867812e-04 1.077512474040770653e-06 1.256001907034438576e-05
8.700000000000696065e-01 9.320207703505097117e-04 1.068661047159206699e-06 1.249279301268232539e-05
8.750000000000700551e-01 9.277638364478978843e-04 1.070242600939734657e-06 1.254718204290416001e-05
8.800000000000703926e-01 9.241366880307000028e-04 1.080460320232348891e-06 1.270311110866072597e-05
8.850000000000708411e-01 9.210812048502095215e-04 1.090183460092783026e-06 1.285378888497072050e-05
8.900000000000712896e-01 9.185287115667211798e-04 1.090245222998129534e-06 1.289077815057613237e-05
8.950000000000716271e-01 9.164209996922158740e-04 1.074638782566148479e-06 1.274189335610994061e-05
9.000000000000720757e-01 9.147102461163700163e-04 1.043898557172961829e-06 1.241193494272588482e-05
9.050000000000724132e-01 9.133651882389301610e-04 1.004536110059619464e-06 1.197704775181174720e-05
9.100000000000728617e-01 9.123609799563070456e-04 9.670562416215479077e-07 1.156198407861780853e-05
9.150000000000731992e-01 9.116932115703732954e-04 9.391300671165265848e-07 1.125890696984693393e-05
9.200000000000736478e-01 9.113799215937779929e-04 9.216087257816609420e-07 1.107899662782411126e-05
9.250000000000740963e-01 9.114359073360872761e-04 9.110594860954249799e-07 1.098190137959377843e-05
9.300000000000744338e-01 9.118605233236207804e-04 9.039723767497543934e-07 1.092588367694157913e-05
9.350000000000748823e-01 9.126589154638292027e-04 8.997636362333898295e-07 1.090420935706877959e-05
9.400000000000752198e-01 9.138253470111869833e-04 9.027930512519095599e-07 1.097013754863413593e-05
9.450000000000756684e-01 9.153466754729293678e-04 9.169497516774121762e-07 1.117175441039631224e-05
9.500000000000760059e-01 9.172115247466998932e-04 9.428585498579572281e-07 1.151776689658397358e-05
9.550000000000764544e-01 9.194078913050458433e-04 9.760064773864720647e-07 1.195402952715100934e-05
9.600000000000767919e-01 9.218904218767556141e-04 1.008058213415640620e-06 1.237887471543705126e-05
9.650000000000772404e-01 9.245694030551507552e-04 1.031385633135784742e-06 1.269827337981138401e-05
9.700000000000776890e-01 9.273395862610556584e-04 1.041951198266029478e-06 1.286154625903213792e-05
9.750000000000780265e-01 9.300763743978642233e-04 1.038859355431577861e-06 1.285638891074480715e-05
9.800000000000784750e-01 9.326671258863591506e-04 1.019565527849709297e-06 1.264992992261463391e-05
9.850000000000788125e-01 9.350576354300657589e-04 9.851115410878694407e-07 1.225359327066195649e-05
9.900000000000792610e-01 9.372140177565280346e-04 9.398938538636043344e-07 1.172077544484666528e-05
9.950000000000795985e-01 9.391693240233948189e-04 8.946110331336587055e-07 1.118422070960206176e-05
1.000000000000079936e+00 9.409594953182520184e-04 8.621076258181640485e-07 1.080491675325449336e-05
1.005000000000080274e+00 9.426326836279619618e-04 8.492148789224942972e-07 1.066990528154246880e-05
1.010000000000080833e+00 9.442112740802648075e-04 8.520076250679942775e-07 1.073159086016686737e-05
1.015000000000081171e+00 9.457033563395895581e-04 8.582958768459236237e-07 1.083752184461065150e-05
1.020000000000081508e+00 9.470971599354563062e-04 8.610845613654910175e-07 1.089948121205359646e-05
1.025000000000081846e+00 9.483414738644863930e-04 8.621483541837761185e-07 1.093966126384281921e-05
1.030000000000082405e+00 9.493798049041504705e-04 8.686931705888578772e-07 1.104955932819594911e-05
1.035000000000082743e+00 9.500976502717494322e-04 8.855292299763038051e-07 1.129101578558979747e-05
1.040000000000083080e+00 9.503992071657158891e-04 9.086374495233923251e-07 1.161361007221159579e-05
1.045000000000083418e+00 9.501745614995676806e-04 9.283358194966044988e-07 1.189387011660731010e-05
1.050000000000083977e+00 9.493541601913546655e-04 9.378372921558735533e-07 1.204431446766249676e-05
1.055000000000084315e+00 9.478986585608969746e-04 9.343765659178717023e-07 1.202840676341636833e-05
1.060000000000084652e+00 9.458371233366060556e-04 9.206538531239971822e-07 1.187980320123219145e-05
1.065000000000085212e+00 9.432106360496704967e-04 8.998429249402658722e-07 1.163861892822183104e-05
1.070000000000085549e+00 9.400945578207670506e-04 8.765449479924413841e-07 1.136386375977124392e-05
1.075000000000085887e+00 9.365602837833572917e-04 8.543266620977151657e-07 1.110166532571323504e-05
1.080000000000086224e+00 9.326674478972937776e-04 8.371658965416381432e-07 1.090393727419710818e-05
1.085000000000086784e+00 9.284385076292728895e-04 8.269184167820164654e-07 1.079536851245309077e-05
1.090000000000087121e+00 9.238796299138220128e-04 8.231996109524467014e-07 1.077155352863539193e-05
1.095000000000087459e+00 9.189593474253958611e-04 8.248631073400137789e-07 1.081804734953128547e-05
1.100000000000088018e+00 9.136386179799572830e-04 8.305573747999328304e-07 1.091756836009764922e-05
1.105000000000088356e+00 9.078652323133301356e-04 8.420795954832903649e-07 1.109415480382545993e-05
1.110000000000088693e+00 9.016191912612167049e-04 8.606924349838052115e-07 1.136499930963056559e-05
1.115000000000089031e+00 8.948881080482154905e-04 8.851292602154407667e-07 1.171396898755895984e-05
1.120000000000089591e+00 8.876912520307429777e-04 9.120122979495576494e-07 1.209677615809057839e-05
1.125000000000089928e+00 8.800382825720967769e-04 9.332908388368934703e-07 1.240661205983518015e-05
1.130000000000090266e+00 8.719379870151594200e-04 9.439092893214853214e-07 1.257562042482185140e-05
1.135000000000090825e+00 8.634019597176488536e-04 9.446643767301416414e-07 1.261349408017942121e-05
1.140000000000091163e+00 8.544187195875046180e-04 9.355521789477910591e-07 1.251930957710604603e-05
1.145000000000091500e+00 8.449955144873444067e-04 9.242600531994689794e-07 1.239529493724455481e-05
1.150000000000091838e+00 8.351518142202577454e-04 9.180044056219828901e-07 1.233825165851032112e-05
1.155000000000092397e+00 8.249233014868415440e-04 9.196314870727193974e-07 1.238696079942267446e-05
1.160000000000092735e+00 8.143759596822026242e-04 9.293991119007898953e-07 1.254559277135074696e-05
1.165000000000093072e+00 8.035396721493795903e-04 9.419499281549696450e-07 1.274238487550069266e-05
1.170000000000093632e+00 7.924357052109000637e-04 9.514460288835331893e-07 1.289843523049652239e-05
1.175000000000093969e+00 7.810627341637161594e-04 9.568029369464843041e-07 1.299874342530123883e-05
1.180000000000094307e+00 7.694081904707770255e-04 9.559665740515645233e-07 1.301498432354421687e-05
1.185000000000094644e+00 7.574608912631342061e-04 9.511838542948566976e-07 1.297727726162056834e-05
1.190000000000095204e+00 7.452149048660709719e-04 9.436537242601575062e-07 1.290167440199618980e-05
1.195000000000095541e+00 7.326767017368630928e-04 9.332622710146659119e-07 1.278637979333636860e-05
1.200000000000095879e+00 7.198810803068278258e-04 9.188875389161647133e-07 1.261574562536646625e-05
1.205000000000096438e+00 7.068627783873949544e-04 9.018147417410604360e-07 1.240711456104573889e-05
1.210000000000096776e+00 6.936570959836795306e-04 8.827540736099328525e-07 1.217004976251042908e-05
1.215000000000097113e+00 6.803153480896323348e-04 8.612495326141353182e-07 1.189808526056188773e-05
1.220000000000097451e+00 6.668559425245485861e-04 8.386043895426908772e-07 1.160905811208681329e-05
1.225000000000098010e+00 6.533042507508063541e-04 8.162052498330891954e-07 1.132210991489531017e-05
1.230000000000098348e+00 6.396567594153649595e-04 7.980207635445094756e-07 1.109242971446612127e-05
1.235000000000098686e+00 6.258847344229659642e-04 7.921696119379650020e-07 1.103345672370973752e-05
1.240000000000099023e+00 6.119642587795861904e-04 8.047865500780114441e-07 1.123185506610283598e-05
1.245000000000099583e+00 5.978256390116896621e-04 8.372669915162634276e-07 1.170869745098870522e-05
1.250000000000099920e+00 5.833578017587286949e-04 8.937127053023429501e-07 1.252312965800765656e-05
1.255000000000100258e+00 5.683717264887457044e-04 9.940066301762498177e-07 1.395632526868734719e-05
1.260000000000100817e+00 5.525750149129456893e-04 1.188255753781286065e-06 1.671687661447702615e-05
1.265000000000101155e+00 5.355961292670631448e-04 1.545849029905655634e-06 2.179075506061141956e-05
1.270000000000101492e+00 5.170581555964039611e-04 2.122214596034648086e-06 2.997444124659434143e-05
1.275000000000101830e+00 4.966605698375387056e-04 2.933476500967661705e-06 4.151429283964165785e-05
1.280000000000102389e+00 4.743148765229386350e-04 3.953509852976995842e-06 5.605931010801806070e-05
1.285000000000102727e+00 4.284339158573523959e-04 9.606430674292109619e-06 1.364814272048776845e-04
1.290000000000103064e+00 3.931275379761773919e-04 1.150141641902831045e-05 1.637216532296941591e-04
1.295000000000103624e+00 3.653144805449027449e-04 1.224515928114232280e-05 1.746462485814853736e-04
1.300000000000103961e+00 3.413774364769447782e-04 1.255951339755508439e-05 1.794751926605374923e-04
1.305000000000104299e+00 3.195615140211989762e-04 1.266018124175445263e-05 1.812613112590520594e-04
1.310000000000104636e+00 2.997418657056138188e-04 1.260265904152699809e-05 1.807830766504188208e-04
1.315000000000105196e+00 2.808250087713590822e-04 1.248537460974048344e-05 1.794421203308897911e-04
1.320000000000105533e+00 2.638529121539992181e-04 1.226356919012880918e-05 1.765890579759126443e-04
1.325000000000105871e+00 2.476295237427749763e-04 1.201272597558800273e-05 1.733043437252320264e-04
1.330000000000106430e+00 2.321973931484444770e-04 1.173676234150226310e-05 1.696422678312704130e-04
1.335000000000106768e+00 2.183275474406478657e-04 1.140172837191741475e-05 1.651091956853458376e-04
1.340000000000107105e+00 2.050970659689022209e-04 1.105641002425831760e-05 1.604081661166725141e-04
1.345000000000107443e+00 1.925004482748607435e-04 1.070125557363373144e-05 1.555449146459127196e-04
1.350000000000108002e+00 1.804944325139623724e-04 1.033620516931156565e-05 1.505178284567122986e-04
1.355000000000108340e+00 1.689687733790200307e-04 9.962831563709335852e-06 1.453491090853747600e-04
1.360000000000108678e+00 1.585520160690505049e-04 9.559312833018707113e-06 1.397191925133224849e-04
1.365000000000109015e+00 1.485558941821473020e-04 9.157073744286876938e-06 1.340858581690590229e-04
1.370000000000109575e+00 1.383632503053581629e-04 8.777065728360326525e-06 1.287566215640885002e-04
1.375000000000109912e+00 1.292428812343821042e-04 8.379426936269053307e-06 1.231475018159849705e-04
1.380000000000110250e+00 1.205641221984385218e-04 7.986855586925456512e-06 1.175913330247127389e-04
1.385000000000110809e+00 1.123048719754798458e-04 7.599907193424215288e-06 1.120967739436726777e-04
1.390000000000111147e+00 1.043739496369078723e-04 7.217721255718258602e-06 1.066516170213138904e-04
1.395000000000111484e+00 9.730766103619828172e-05 6.830120783685254471e-06 1.011056501276489425e-04
1.400000000000111822e+00 9.007843734564521376e-05 6.461019695733603834e-06 9.581312856004386221e-05
1.405000000000112381e+00 8.313393974254280742e-05 6.096584732414048645e-06 9.057007237457552538e-05
1.410000000000112719e+00 7.703551223033042769e-05 5.735126881615528618e-06 8.535176872747924498e-05
1.415000000000113056e+00 7.087810359877771732e-05 5.394870614006235146e-06 8.043020800171100286e-05
1.420000000000113616e+00 6.552353836405766876e-05 5.065095508221249469e-06 7.564700698538181231e-05
1.425000000000113953e+00 6.053501503339561225e-05 4.754297959085902121e-06 7.113015692554024855e-05
1.430000000000114291e+00 5.562075312179837682e-05 4.469027216364296538e-06 6.697935434109368157e-05
1.435000000000114628e+00 5.145716390510642535e-05 4.197190385503645346e-06 6.301508964275891981e-05
1.440000000000115188e+00 4.750872436520291083e-05 3.937428450255544185e-06 5.921801689648478219e-05
1.445000000000115525e+00 4.359166611573911561e-05 3.692133676319315283e-06 5.562516069752815708e-05
1.450000000000115863e+00 4.009387521858638360e-05 3.452043142843401454e-06 5.209789239786052277e-05
1.455000000000116422e+00 3.682022579268189776e-05 3.221894221905391525e-06 4.870827094255828095e-05
1.460000000000116760e+00 3.366552063219744603e-05 2.999055760537528208e-06 4.541725759862566027e-05
1.465000000000117097e+00 3.076028617631327503e-05 2.786315782853825493e-06 4.226774569750763559e-05
1.470000000000117435e+00 2.793594821527610282e-05 2.577378226508477357e-06 3.916487648162820850e-05
1.475000000000117995e+00 2.531067675404725844e-05 2.376015562570414974e-06 3.616639569271559875e-05
1.480000000000118332e+00 2.273427735934017933e-05 2.175076219207915633e-06 3.316387551960672467e-05
1.485000000000118670e+00 2.033247676790176042e-05 1.981304380888254858e-06 3.026037914321896166e-05
1.490000000000119229e+00 1.805747409217259053e-05 1.793302049279272446e-06 2.743509810280179908e-05
1.495000000000119567e+00 1.606885642494766884e-05 1.614498720877012170e-06 2.474105644627947338e-05
1.500000000000119904e+00 1.411875542401958881e-05 1.448203663248040692e-06 2.222978230721582362e-05
1.505000000000120242e+00 1.236429338956083914e-05 1.297281652587270379e-06 1.994630540524838135e-05
1.510000000000120801e+00 1.072106937138246640e-05 1.159778231593108366e-06 1.786172362288587952e-05
1.515000000000121139e+00 9.418822410828830326e-06 1.045312107756200047e-06 1.612546458360599361e-05
1.520000000000121476e+00 8.171197051590068776e-06 9.454848758763207745e-07 1.460953249322900856e-05
1.525000000000122036e+00 7.049964744206573823e-06 8.554740184810781728e-07 1.324041765003908525e-05
1.530000000000122373e+00 6.151682273756662445e-06 7.741883815338990837e-07 1.200196354712663613e-05
1.535000000000122711e+00 5.268504322972520715e-06 6.939183228589589697e-07 1.077512913227683131e-05
1.540000000000123048e+00 4.481349413538055840e-06 6.190173190393722711e-07 9.627712187794889185e-06
1.545000000000123608e+00 3.810186385104791968e-06 5.530067330403899266e-07 8.614986463948276485e-06
1.550000000000123945e+00 3.200726025684498311e-06 4.986325556529656447e-07 7.780480484446924462e-06
1.555000000000124283e+00 2.717887330032386142e-06 4.609402889388801536e-07 7.203935320529016945e-06
1.560000000000124620e+00 2.244371350090785944e-06 4.337731903858567305e-07 6.790237181661586835e-06
1.565000000000125180e+00 1.911071766162437705e-06 4.194115334499526603e-07 6.575934495930300828e-06
1.570000000000125517e+00 1.606330818442865844e-06 4.071447948231928387e-07 6.393794174762539639e-06
1.575000000000125855e+00 1.387103537192188221e-06 4.033830410089847129e-07 6.344798778680190563e-06
1.580000000000126414e+00 1.251230363325312435e-06 3.963263470835471340e-07 6.243691355363403517e-06
1.585000000000126752e+00 1.181570201443742402e-06 3.875972323218158425e-07 6.115827663902522114e-06
1.590000000000127089e+00 1.183811273695074941e-06 3.828368284371732788e-07 6.050234537150103907e-06
1.595000000000127427e+00 1.204098806544888829e-06 3.790998273127298657e-07 6.000588824191926545e-06
1.600000000000127987e+00 1.287727341842046617e-06 3.694934407005420334e-07 5.857693759259539116e-06
1.605000000000128324e+00 1.341951053484969803e-06 3.651828623051916858e-07 5.798395641145766752e-06
1.610000000000128662e+00 1.331253048058482124e-06 3.614064560516642057e-07 5.747365053180658140e-06
1.615000000000129221e+00 1.338270325912038696e-06 3.577132553609871716e-07 5.697459352107159002e-06
1.620000000000129559e+00 1.233882318728243537e-06 3.475160037145292382e-07 5.543604711316238479e-06
1.625000000000129896e+00 1.126647417348679942e-06 3.357615658448061997e-07 5.364356137040869621e-06
1.630000000000130234e+00 9.630181108621431447e-07 3.206400435511276401e-07 5.130639490073584663e-06
1.635000000000130793e+00 7.407284505600078178e-07 3.041180356270779380e-07 4.873724698736487568e-06
1.640000000000131131e+00 5.846365839637097426e-07 3.050410755510497435e-07 4.895986212111137253e-06
1.645000000000131468e+00 4.012190511449495064e-07 3.048862559612761915e-07 4.900955247284869181e-06
1.650000000000132028e+00 3.061156407081514175e-07 3.078231356380488522e-07 4.955679009988782456e-06
1.655000000000132365e+00 2.145562974897512715e-07 3.032049496873282413e-07 4.888720679540189795e-06
1.660000000000132703e+00 1.647996824113893486e-07 2.919966781960238990e-07 4.715110699683057455e-06
1.665000000000133040e+00 2.289026156910682426e-07 2.701180324657524422e-07 4.368382263392703217e-06
1.670000000000133600e+00 2.085591182874889772e-07 2.470381105039062997e-07 4.001125106263959948e-06
1.675000000000133937e+00 2.297317442766648163e-07 2.271557468929616986e-07 3.684606151777624339e-06
1.680000000000134275e+00 2.729057873109962367e-07 2.127028223367636620e-07 3.455316483369621832e-06
1.685000000000134612e+00 3.661741982833340932e-07 2.012495558620529119e-07 3.274121726339925710e-06
1.690000000000135172e+00 3.743341519060209179e-07 1.996972605558787735e-07 3.253684197892308586e-06
1.695000000000135509e+00 4.515895919253908877e-07 2.117191140184160131e-07 3.454656390212156051e-06
1.700000000000135847e+00 5.368759245808618548e-07 2.220431583067272425e-07 3.628455450336039185e-06
1.705000000000136406e+00 5.519464090504474420e-07 2.273954078065088261e-07 3.721378293967013037e-06
1.710000000000136744e+00 5.603260133954419687e-07 2.279992859855340082e-07 3.736727951511113665e-06
1.715000000000137081e+00 5.381409272637034862e-07 2.228611549024919024e-07 3.657854088182798240e-06
1.720000000000137419e+00 5.039820787031853233e-07 2.137638231737091734e-07 3.513648961375875274e-06
1.725000000000137979e+00 4.441029140815775268e-07 2.045175087834485073e-07 3.366549327113869366e-06
1.730000000000138316e+00 3.322001583156166663e-07 1.934274760757701759e-07 3.188608173963931706e-06
1.735000000000138654e+00 2.878937263825802537e-07 1.888644347514534871e-07 3.117883338991559799e-06
1.740000000000139213e+00 2.362878365270210331e-07 1.865830306943798227e-07 3.084655766271061695e-06
1.745000000000139551e+00 1.687227628918340071e-07 1.808003920971214035e-07 2.993346705997153561e-06
1.750000000000139888e+00 1.203793069872007473e-07 1.753669820548645463e-07 2.907547316257399142e-06
1.755000000000140226e+00 1.236818569513942512e-07 1.701806346106092991e-07 2.825586700377747186e-06
1.760000000000140785e+00 1.064189945182382619e-07 1.626275259618376386e-07 2.704022665416546473e-06
1.765000000000141123e+00 1.287223483544894803e-07 1.555108732124579501e-07 2.589363688004319581e-06
1.770000000000141460e+00 1.375316591214541724e-07 1.444995636972415562e-07 2.409423309252159085e-06
1.775000000000142020e+00 1.746415608017739934e-07 1.290634223958386310e-07 2.155074531074144141e-06
1.780000000000142357e+00 1.260300296749380045e-07 1.046372226970213448e-07 1.749669992889874121e-06
1.785000000000142695e+00 1.282126443686235145e-07 9.406252692728161735e-08 1.575054879008892445e-06
1.790000000000143032e+00 7.415204891553872535e-08 7.561458221460703185e-08 1.267920462870593667e-06
1.795000000000143592e+00 6.885717694907333447e-08 6.304921981162404313e-08 1.058697486090428930e-06
1.800000000000143929e+00 1.742716144219597162e-08 4.638009139976663754e-08 7.798800147343064845e-07
1.805000000000144267e+00 6.714864136698786642e-09 4.055330261652516256e-08 6.828491452011966083e-07
1.810000000000144826e+00 0.000000000000000000e+00 0.000000000000000000e+00 0.000000000000000000e+00
1.815000000000145164e+00 0.000000000000000000e+00 0.000000000000000000e+00 0.000000000000000000e+00
1.820000000000145501e+00 0.000000000000000000e+00 0.000000000000000000e+00 0.000000000000000000e+00
1.825000000000145839e+00 0.000000000000000000e+00 0.000000000000000000e+00 0.000000000000000000e+00
1.830000000000146398e+00 0.000000000000000000e+00 0.000000000000000000e+00 0.000000000000000000e+00
1.835000000000146736e+00 0.000000000000000000e+00 0.000000000000000000e+00 0.000000000000000000e+00
1.840000000000147073e+00 0.000000000000000000e+00 0.000000000000000000e+00 0.000000000000000000e+00
1.845000000000147633e+00 0.000000000000000000e+00 0.000000000000000000e+00 0.000000000000000000e+00
1.850000000000147971e+00 0.000000000000000000e+00 0.000000000000000000e+00 0.000000000000000000e+00
1.855000000000148308e+00 0.000000000000000000e+00 0.000000000000000000e+00 0.000000000000000000e+00
1.860000000000148646e+00 0.000000000000000000e+00 0.000000000000000000e+00 0.000000000000000000e+00
1.865000000000149205e+00 0.000000000000000000e+00 0.000000000000000000e+00 0.000000000000000000e+00
1.870000000000149543e+00 0.000000000000000000e+00 0.000000000000000000e+00 0.000000000000000000e+00
1.875000000000149880e+00 0.000000000000000000e+00 0.000000000000000000e+00 0.000000000000000000e+00
1.880000000000150218e+00 0.000000000000000000e+00 0.000000000000000000e+00 0.000000000000000000e+00
1.885000000000150777e+00 0.000000000000000000e+00 0.000000000000000000e+00 0.000000000000000000e+00
1.890000000000151115e+00 0.000000000000000000e+00 0.000000000000000000e+00 0.000000000000000000e+00
1.895000000000151452e+00 0.000000000000000000e+00 0.000000000000000000e+00 0.000000000000000000e+00
1.900000000000152012e+00 0.000000000000000000e+00 0.000000000000000000e+00 0.000000000000000000e+00
1.905000000000152349e+00 0.000000000000000000e+00 0.000000000000000000e+00 0.000000000000000000e+00
1.910000000000152687e+00 0.000000000000000000e+00 0.000000000000000000e+00 0.000000000000000000e+00
1.915000000000153024e+00 0.000000000000000000e+00 0.000000000000000000e+00 0.000000000000000000e+00
1.920000000000153584e+00 0.000000000000000000e+00 0.000000000000000000e+00 0.000000000000000000e+00
1.925000000000153921e+00 0.000000000000000000e+00 0.000000000000000000e+00 0.000000000000000000e+00
1.930000000000154259e+00 0.000000000000000000e+00 0.000000000000000000e+00 0.000000000000000000e+00
1.935000000000154818e+00 0.000000000000000000e+00 0.000000000000000000e+00 0.000000000000000000e+00
1.940000000000155156e+00 0.000000000000000000e+00 0.000000000000000000e+00 0.000000000000000000e+00
1.945000000000155493e+00 0.000000000000000000e+00 0.000000000000000000e+00 0.000000000000000000e+00
1.950000000000155831e+00 0.000000000000000000e+00 0.000000000000000000e+00 0.000000000000000000e+00
1.955000000000156390e+00 0.000000000000000000e+00 0.000000000000000000e+00 0.000000000000000000e+00
1.960000000000156728e+00 0.000000000000000000e+00 0.000000000000000000e+00 0.000000000000000000e+00
1.965000000000157065e+00 0.000000000000000000e+00 0.000000000000000000e+00 0.000000000000000000e+00
1.970000000000157625e+00 0.000000000000000000e+00 0.000000000000000000e+00 0.000000000000000000e+00
1.975000000000157963e+00 0.000000000000000000e+00 0.000000000000000000e+00 0.000000000000000000e+00
1.980000000000158300e+00 0.000000000000000000e+00 0.000000000000000000e+00 0.000000000000000000e+00
1.985000000000158638e+00 0.000000000000000000e+00 0.000000000000000000e+00 0.000000000000000000e+00
1.990000000000159197e+00 0.000000000000000000e+00 0.000000000000000000e+00 0.000000000000000000e+00
1.995000000000159535e+00 0.000000000000000000e+00 0.000000000000000000e+00 0.000000000000000000e+00
2.000000000000159872e+00 0.000000000000000000e+00 0.000000000000000000e+00 0.000000000000000000e+00
2.005000000000160210e+00 0.000000000000000000e+00 0.000000000000000000e+00 0.000000000000000000e+00
2.010000000000160547e+00 0.000000000000000000e+00 0.000000000000000000e+00 0.000000000000000000e+00
2.015000000000161329e+00 0.000000000000000000e+00 0.000000000000000000e+00 0.000000000000000000e+00
2.020000000000161666e+00 0.000000000000000000e+00 0.000000000000000000e+00 0.000000000000000000e+00
2.025000000000162004e+00 0.000000000000000000e+00 0.000000000000000000e+00 0.000000000000000000e+00
2.030000000000162341e+00 0.000000000000000000e+00 0.000000000000000000e+00 0.000000000000000000e+00
2.035000000000162679e+00 0.000000000000000000e+00 0.000000000000000000e+00 0.000000000000000000e+00
2.040000000000163016e+00 0.000000000000000000e+00 0.000000000000000000e+00 0.000000000000000000e+00
2.045000000000163354e+00 0.000000000000000000e+00 0.000000000000000000e+00 0.000000000000000000e+00
2.050000000000164135e+00 0.000000000000000000e+00 0.000000000000000000e+00 0.000000000000000000e+00
2.055000000000164473e+00 0.000000000000000000e+00 0.000000000000000000e+00 0.000000000000000000e+00
2.060000000000164810e+00 0.000000000000000000e+00 0.000000000000000000e+00 0.000000000000000000e+00
2.065000000000165148e+00 0.000000000000000000e+00 0.000000000000000000e+00 0.000000000000000000e+00
2.070000000000165485e+00 0.000000000000000000e+00 0.000000000000000000e+00 0.000000000000000000e+00
2.075000000000165823e+00 0.000000000000000000e+00 0.000000000000000000e+00 0.000000000000000000e+00
2.080000000000166160e+00 0.000000000000000000e+00 0.000000000000000000e+00 0.000000000000000000e+00
2.085000000000166498e+00 0.000000000000000000e+00 0.000000000000000000e+00 0.000000000000000000e+00
2.090000000000167280e+00 0.000000000000000000e+00 0.000000000000000000e+00 0.000000000000000000e+00
2.095000000000167617e+00 0.000000000000000000e+00 0.000000000000000000e+00 0.000000000000000000e+00
2.100000000000167955e+00 0.000000000000000000e+00 0.000000000000000000e+00 0.000000000000000000e+00
2.105000000000168292e+00 0.000000000000000000e+00 0.000000000000000000e+00 0.000000000000000000e+00
2.110000000000168630e+00 0.000000000000000000e+00 0.000000000000000000e+00 0.000000000000000000e+00
2.115000000000168967e+00 0.000000000000000000e+00 0.000000000000000000e+00 0.000000000000000000e+00
2.120000000000169305e+00 0.000000000000000000e+00 0.000000000000000000e+00 0.000000000000000000e+00
2.125000000000170086e+00 0.000000000000000000e+00 0.000000000000000000e+00 0.000000000000000000e+00
2.130000000000170424e+00 0.000000000000000000e+00 0.000000000000000000e+00 0.000000000000000000e+00
2.135000000000170761e+00 0.000000000000000000e+00 0.000000000000000000e+00 0.000000000000000000e+00
2.140000000000171099e+00 0.000000000000000000e+00 0.000000000000000000e+00 0.000000000000000000e+00
2.145000000000171436e+00 0.000000000000000000e+00 0.000000000000000000e+00 0.000000000000000000e+00
2.150000000000171774e+00 0.000000000000000000e+00 0.000000000000000000e+00 0.000000000000000000e+00
2.155000000000172111e+00 0.000000000000000000e+00 0.000000000000000000e+00 0.000000000000000000e+00
2.160000000000172893e+00 0.000000000000000000e+00 0.000000000000000000e+00 0.000000000000000000e+00
2.165000000000173230e+00 0.000000000000000000e+00 0.000000000000000000e+00 0.000000000000000000e+00
2.170000000000173568e+00 0.000000000000000000e+00 0.000000000000000000e+00 0.000000000000000000e+00
2.175000000000173905e+00 0.000000000000000000e+00 0.000000000000000000e+00 0.000000000000000000e+00
2.180000000000174243e+00 0.000000000000000000e+00 0.000000000000000000e+00 0.000000000000000000e+00
2.185000000000174580e+00 0.000000000000000000e+00 0.000000000000000000e+00 0.000000000000000000e+00
2.190000000000174918e+00 0.000000000000000000e+00 0.000000000000000000e+00 0.000000000000000000e+00
2.195000000000175699e+00 0.000000000000000000e+00 0.000000000000000000e+00 0.000000000000000000e+00
2.200000000000176037e+00 0.000000000000000000e+00 0.000000000000000000e+00 0.000000000000000000e+00
2.205000000000176374e+00 0.000000000000000000e+00 0.000000000000000000e+00 0.000000000000000000e+00
2.210000000000176712e+00 0.000000000000000000e+00 0.000000000000000000e+00 0.000000000000000000e+00
2.215000000000177049e+00 0.000000000000000000e+00 0.000000000000000000e+00 0.000000000000000000e+00
2.220000000000177387e+00 0.000000000000000000e+00 0.000000000000000000e+00 0.000000000000000000e+00
2.225000000000177725e+00 0.000000000000000000e+00 0.000000000000000000e+00 0.000000000000000000e+00
2.230000000000178506e+00 0.000000000000000000e+00 0.000000000000000000e+00 0.000000000000000000e+00
2.235000000000178844e+00 0.000000000000000000e+00 0.000000000000000000e+00 0.000000000000000000e+00
2.240000000000179181e+00 0.000000000000000000e+00 0.000000000000000000e+00 0.000000000000000000e+00
2.245000000000179519e+00 0.000000000000000000e+00 0.000000000000000000e+00 0.000000000000000000e+00
2.250000000000179856e+00 0.000000000000000000e+00 0.000000000000000000e+00 0.000000000000000000e+00
2.255000000000180194e+00 0.000000000000000000e+00 0.000000000000000000e+00 0.000000000000000000e+00
2.260000000000180531e+00 0.000000000000000000e+00 0.000000000000000000e+00 0.000000000000000000e+00
2.265000000000181313e+00 0.000000000000000000e+00 0.000000000000000000e+00 0.000000000000000000e+00
2.270000000000181650e+00 0.000000000000000000e+00 0.000000000000000000e+00 0.000000000000000000e+00
2.275000000000181988e+00 0.000000000000000000e+00 0.000000000000000000e+00 0.000000000000000000e+00
2.280000000000182325e+00 0.000000000000000000e+00 0.000000000000000000e+00 0.000000000000000000e+00
2.285000000000182663e+00 0.000000000000000000e+00 0.000000000000000000e+00 0.000000000000000000e+00
2.290000000000183000e+00 0.000000000000000000e+00 0.000000000000000000e+00 0.000000000000000000e+00
2.295000000000183338e+00 0.000000000000000000e+00 0.000000000000000000e+00 0.000000000000000000e+00
2.300000000000184119e+00 0.000000000000000000e+00 0.000000000000000000e+00 0.000000000000000000e+00
2.305000000000184457e+00 0.000000000000000000e+00 0.000000000000000000e+00 0.000000000000000000e+00
2.310000000000184794e+00 0.000000000000000000e+00 0.000000000000000000e+00 0.000000000000000000e+00
2.315000000000185132e+00 0.000000000000000000e+00 0.000000000000000000e+00 0.000000000000000000e+00
2.320000000000185469e+00 0.000000000000000000e+00 0.000000000000000000e+00 0.000000000000000000e+00
2.325000000000185807e+00 0.000000000000000000e+00 0.000000000000000000e+00 0.000000000000000000e+00
2.330000000000186144e+00 0.000000000000000000e+00 0.000000000000000000e+00 0.000000000000000000e+00
2.335000000000186926e+00 0.000000000000000000e+00 0.000000000000000000e+00 0.000000000000000000e+00
2.340000000000187264e+00 0.000000000000000000e+00 0.000000000000000000e+00 0.000000000000000000e+00
2.345000000000187601e+00 0.000000000000000000e+00 0.000000000000000000e+00 0.000000000000000000e+00
2.350000000000187939e+00 0.000000000000000000e+00 0.000000000000000000e+00 0.000000000000000000e+00
2.355000000000188276e+00 0.000000000000000000e+00 0.000000000000000000e+00 0.000000000000000000e+00
2.360000000000188614e+00 0.000000000000000000e+00 0.000000000000000000e+00 0.000000000000000000e+00
2.365000000000188951e+00 0.000000000000000000e+00 0.000000000000000000e+00 0.000000000000000000e+00
2.370000000000189733e+00 0.000000000000000000e+00 0.000000000000000000e+00 0.000000000000000000e+00
2.375000000000190070e+00 0.000000000000000000e+00 0.000000000000000000e+00 0.000000000000000000e+00
2.380000000000190408e+00 0.000000000000000000e+00 0.000000000000000000e+00 0.000000000000000000e+00
2.385000000000190745e+00 0.000000000000000000e+00 0.000000000000000000e+00 0.000000000000000000e+00
2.390000000000191083e+00 0.000000000000000000e+00 0.000000000000000000e+00 0.000000000000000000e+00
2.395000000000191420e+00 0.000000000000000000e+00 0.000000000000000000e+00 0.000000000000000000e+00
2.400000000000191758e+00 0.000000000000000000e+00 0.000000000000000000e+00 0.000000000000000000e+00
2.405000000000192539e+00 0.000000000000000000e+00 0.000000000000000000e+00 0.000000000000000000e+00
2.410000000000192877e+00 0.000000000000000000e+00 0.000000000000000000e+00 0.000000000000000000e+00
2.415000000000193214e+00 0.000000000000000000e+00 0.000000000000000000e+00 0.000000000000000000e+00
2.420000000000193552e+00 0.000000000000000000e+00 0.000000000000000000e+00 0.000000000000000000e+00
2.425000000000193889e+00 0.000000000000000000e+00 0.000000000000000000e+00 0.000000000000000000e+00
2.430000000000194227e+00 0.000000000000000000e+00 0.000000000000000000e+00 0.000000000000000000e+00
2.435000000000194564e+00 0.000000000000000000e+00 0.000000000000000000e+00 0.000000000000000000e+00
2.440000000000194902e+00 0.000000000000000000e+00 0.000000000000000000e+00 0.000000000000000000e+00
2.445000000000195683e+00 0.000000000000000000e+00 0.000000000000000000e+00 0.000000000000000000e+00
2.450000000000196021e+00 0.000000000000000000e+00 0.000000000000000000e+00 0.000000000000000000e+00
2.455000000000196358e+00 0.000000000000000000e+00 0.000000000000000000e+00 0.000000000000000000e+00
2.460000000000196696e+00 0.000000000000000000e+00 0.000000000000000000e+00 0.000000000000000000e+00
2.465000000000197034e+00 0.000000000000000000e+00 0.000000000000000000e+00 0.000000000000000000e+00
2.470000000000197371e+00 0.000000000000000000e+00 0.000000000000000000e+00 0.000000000000000000e+00
2.475000000000197709e+00 0.000000000000000000e+00 0.000000000000000000e+00 0.000000000000000000e+00
2.480000000000198490e+00 0.000000000000000000e+00 0.000000000000000000e+00 0.000000000000000000e+00
2.485000000000198828e+00 0.000000000000000000e+00 0.000000000000000000e+00 0.000000000000000000e+00
2.490000000000199165e+00 0.000000000000000000e+00 0.000000000000000000e+00 0.000000000000000000e+00
2.495000000000199503e+00 0.000000000000000000e+00 0.000000000000000000e+00 0.000000000000000000e+00
2.500000000000199840e+00 0.000000000000000000e+00 0.000000000000000000e+00 0.000000000000000000e+00
2.505000000000200178e+00 0.000000000000000000e+00 0.000000000000000000e+00 0.000000000000000000e+00
2.510000000000200515e+00 0.000000000000000000e+00 0.000000000000000000e+00 0.000000000000000000e+00
2.515000000000201297e+00 0.000000000000000000e+00 0.000000000000000000e+00 0.000000000000000000e+00
2.520000000000201634e+00 0.000000000000000000e+00 0.000000000000000000e+00 0.000000000000000000e+00
2.525000000000201972e+00 0.000000000000000000e+00 0.000000000000000000e+00 0.000000000000000000e+00
2.530000000000202309e+00 0.000000000000000000e+00 0.000000000000000000e+00 0.000000000000000000e+00
2.535000000000202647e+00 0.000000000000000000e+00 0.000000000000000000e+00 0.000000000000000000e+00
2.540000000000202984e+00 0.000000000000000000e+00 0.000000000000000000e+00 0.000000000000000000e+00
2.545000000000203322e+00 0.000000000000000000e+00 0.000000000000000000e+00 0.000000000000000000e+00
2.550000000000204103e+00 0.000000000000000000e+00 0.000000000000000000e+00 0.000000000000000000e+00
2.555000000000204441e+00 0.000000000000000000e+00 0.000000000000000000e+00 0.000000000000000000e+00
2.560000000000204778e+00 0.000000000000000000e+00 0.000000000000000000e+00 0.000000000000000000e+00
