5.000000000000399958e-03 1.343095697944249464e-08 4.963083675318166049e-24 4.963083675318166049e-24
1.000000000000079992e-02 1.465796940925155670e-08 9.598639593325821812e-11 1.203011070131203641e-10
1.500000000000119987e-02 1.907865218337528430e-08 1.188681749392571667e-10 1.824614672103032870e-10
2.000000000000159983e-02 2.732537143771364974e-08 1.622183538437911576e-10 2.875245459579927506e-10
2.500000000000199979e-02 4.075627545147665016e-08 2.106070657945176436e-10 4.173523664660751690e-10
3.000000000000239975e-02 6.139232014083113311e-08 3.728227017330941817e-10 8.093249241056417456e-10
3.500000000000279970e-02 9.204361593992906880e-08 5.952868488540096565e-10 1.395790534549768281e-09
4.000000000000319966e-02 1.364441770591203397e-07 9.553333003742951593e-10 2.394665462414854540e-09
4.500000000000359962e-02 1.994206253268635680e-07 1.446517201771463139e-09 3.845827477021505512e-09
5.000000000000399958e-02 2.870755675712746084e-07 2.110079158897869720e-09 5.913487575763680511e-09
5.500000000000439954e-02 4.069870014821339002e-07 2.997757003232057357e-09 8.811253772057425441e-09
6.000000000000479949e-02 5.684025198018136300e-07 4.097543046280294969e-09 1.257937570865762500e-08
6.500000000000519251e-02 7.824859495281056501e-07 5.486340296950132547e-09 1.753070406839974838e-08
7.000000000000558553e-02 1.062551783410606743e-06 7.172140770526145937e-09 2.378251413671415431e-08
7.500000000000600631e-02 1.424313308397299172e-06 9.223129699387660613e-09 3.165693657530742107e-08
8.000000000000639933e-02 1.886113740516748021e-06 1.168694949390929492e-08 4.142915727163725937e-08
8.500000000000679234e-02 2.469143860452947552e-06 1.457632501874787686e-08 5.326199688738673122e-08
9.000000000000718536e-02 3.197643989922500938e-06 1.798892903619478028e-08 6.763733722868734532e-08
9.500000000000760614e-02 4.099060811114184802e-06 2.194376297328025474e-08 8.476817724998431949e-08
1.000000000000079992e-01 5.204422493354264598e-06 2.657195852549221390e-08 1.053133685749422705e-07
1.050000000000083922e-01 6.548595358731416091e-06 3.194531827075279910e-08 1.297363894549773149e-07
1.100000000000087852e-01 8.170670476172777377e-06 3.815361624339290775e-08 1.585959118537364132e-07
1.150000000000092060e-01 1.011415694753947303e-05 4.534320937725171427e-08 1.927174829533115931e-07
1.200000000000095990e-01 1.242726985739380747e-05 5.353519648015775099e-08 2.324288120164023191e-07
1.250000000000099920e-01 1.516303012823831224e-05 6.285245152470213691e-08 2.785076743595375904e-07
1.300000000000103850e-01 1.837948100791238597e-05 7.330854479593271853e-08 3.312731316989352748e-07
1.350000000000107780e-01 2.214025184174547763e-05 8.498480675722140927e-08 3.913525013595270390e-07
1.400000000000111988e-01 2.651505816730183936e-05 9.802254520424838403e-08 4.596739908901318968e-07
1.450000000000115918e-01 3.158036045931641327e-05 1.124545479224820444e-07 5.366868615920969599e-07
1.500000000000119849e-01 3.741952362740909408e-05 1.284232388397347006e-07 6.233747207639209349e-07
1.550000000000124056e-01 4.412261934208199627e-05 1.458969056810583489e-07 7.198994945902282792e-07
1.600000000000127987e-01 5.178629505714540525e-05 1.649416068235777536e-07 8.268945906541321409e-07
1.650000000000131917e-01 6.051316696493724563e-05 1.855350132050125666e-07 9.445561718637089772e-07
1.700000000000135847e-01 7.041243284881095528e-05 2.076732807188633026e-07 1.073161349507566738e-06
1.750000000000139777e-01 8.160048736407363623e-05 2.315284983435861172e-07 1.213901415592170986e-06
1.800000000000143985e-01 9.420150754076209154e-05 2.572067521086710799e-07 1.367661294761798180e-06
1.850000000000147915e-01 1.083485702167110072e-04 2.851118014007847679e-07 1.536954450311817819e-06
1.900000000000151845e-01 1.241846750562656631e-04 3.153831042065464357e-07 1.722959870727719644e-06
1.950000000000156053e-01 1.418617704272051214e-04 3.482094945428178185e-07 1.927160355185141732e-06
2.000000000000159983e-01 1.615413273749853737e-04 3.836278091137839950e-07 2.150230500448826525e-06
2.050000000000163913e-01 1.833921745485739675e-04 4.214362613246551123e-07 2.391491103444551174e-06
2.100000000000167844e-01 2.075887881643381620e-04 4.617131291235432937e-07 2.651806373386393030e-06
2.150000000000171774e-01 2.343131974538668059e-04 5.043626466576673111e-07 2.931042282467171955e-06
2.200000000000175981e-01 2.637545029852122872e-04 5.496466921347566614e-07 3.231133466888514614e-06
2.250000000000179912e-01 2.961139098310507523e-04 5.977786327107784968e-07 3.553788559422480838e-06
2.300000000000183842e-01 3.316044691104825474e-04 6.488896922473259213e-07 3.900270532996837495e-06
2.350000000000188050e-01 3.704542962137697543e-04 7.030749148120782731e-07 4.271648143385292992e-06
2.400000000000191980e-01 4.129017535217263213e-04 7.600834887849015594e-07 4.666882406056597124e-06
2.450000000000195910e-01 4.591910032529908283e-04 8.198344035916013083e-07 5.085915260127866149e-06
2.500000000000199840e-01 5.095692265992628721e-04 8.822086648647232113e-07 5.528422958686169464e-06
2.550000000000203770e-01 5.642815233386474019e-04 9.475340161738379199e-07 5.996872822043797543e-06
2.600000000000207701e-01 6.235752192571083650e-04 1.016352608206080313e-06 6.495177418546837815e-06
2.650000000000211631e-01 6.877041558426375423e-04 1.088800273542588653e-06 7.024753620072903236e-06
2.700000000000216116e-01 7.569351334531001629e-04 1.164859476112259839e-06 7.586044004690562078e-06
2.750000000000220046e-01 8.315458425263464815e-04 1.244244638923475784e-06 8.177716744375576350e-06
2.800000000000223976e-01 9.118287025566476764e-04 1.326734450438155498e-06 8.798790161196570650e-06
2.850000000000227907e-01 9.980785183019485682e-04 1.412251203042618601e-06 9.449184347695082183e-06
2.900000000000231837e-01 1.090590584609471949e-03 1.500966988086915750e-06 1.013048127260821166e-05
2.950000000000235767e-01 1.189657599360552723e-03 1.592953919418544875e-06 1.084361673938736985e-05
3.000000000000239697e-01 1.295558708577238373e-03 1.688402331829839121e-06 1.159034888902993119e-05
3.050000000000244182e-01 1.408568082105783343e-03 1.787599723123550972e-06 1.237314598258203054e-05
3.100000000000248113e-01 1.528949024921609848e-03 1.890684748022552363e-06 1.319349650129092266e-05
3.150000000000252043e-01 1.656960240968326096e-03 1.997471035277558722e-06 1.405062703524378510e-05
3.200000000000255973e-01 1.792850224914140176e-03 2.107802310281411956e-06 1.494392928722392440e-05
3.250000000000259903e-01 1.936869685149273171e-03 2.220639350310357301e-06 1.586644572169915326e-05
3.300000000000263833e-01 2.089256449788073379e-03 2.336039043538548228e-06 1.681887742866362817e-05
3.350000000000267764e-01 2.250239990016565488e-03 2.453248476013737344e-06 1.779606075581858260e-05
3.400000000000271694e-01 2.420037488993310570e-03 2.572794447716247284e-06 1.880201898488126068e-05
3.450000000000275624e-01 2.598803009251849511e-03 2.692078866362368125e-06 1.981788321185047423e-05
3.500000000000280109e-01 2.786551448595632821e-03 2.805531512165395076e-06 2.080219254182571611e-05
3.550000000000284039e-01 2.983073708358743338e-03 2.906878531936597164e-06 2.170705964518792201e-05
3.600000000000287970e-01 3.187713605317612445e-03 2.986534995009643162e-06 2.245839918499927567e-05
3.650000000000291900e-01 3.399086737360247461e-03 3.031183595574454125e-06 2.295189839422304273e-05
3.700000000000295830e-01 3.614706547667384182e-03 3.023982969501274231e-06 2.305367368010484262e-05
3.750000000000299760e-01 3.830654745621255887e-03 2.946079414661897505e-06 2.261101311566248082e-05
3.800000000000303690e-01 4.041425677240001457e-03 2.780974769338113094e-06 2.148566428301591839e-05
3.850000000000308176e-01 4.240175938372028192e-03 2.520075397678067480e-06 1.959764280750598376e-05
3.900000000000312106e-01 4.419454438476640157e-03 2.169395062018821090e-06 1.697973426934218177e-05
3.950000000000316036e-01 4.572355321565106309e-03 1.751448821741537999e-06 1.379608742661235808e-05
4.000000000000319966e-01 4.693851615937012084e-03 1.302074696703119614e-06 1.032109637793149573e-05
4.050000000000323896e-01 4.781762895850243979e-03 8.654620031802142355e-07 6.902961571571552694e-06
4.100000000000327827e-01 4.837141560121886036e-03 4.801117529660128381e-07 3.852957373933600196e-06
4.150000000000331757e-01 4.863857567498347870e-03 1.955623099161711616e-07 1.578952790896901479e-06
4.200000000000335687e-01 4.867539204727280855e-03 1.655554969293743718e-07 1.344708620148956195e-06
4.250000000000339617e-01 4.854365474307481554e-03 2.900016158356763644e-07 2.369489678514759677e-06
4.300000000000344103e-01 4.829987885780451587e-03 3.791918247096690270e-07 3.116399541494580694e-06
4.350000000000348033e-01 4.798919838717032038e-03 4.279857950706208980e-07 3.537805248777272386e-06
4.400000000000351963e-01 4.764354424870055962e-03 4.489218360296053520e-07 3.732132098932985181e-06
4.450000000000355893e-01 4.728336863640030668e-03 4.531134902318642774e-07 3.788322438219971155e-06
4.500000000000359823e-01 4.692075959324904649e-03 4.480785959189893076e-07 3.767214891572928033e-06
4.550000000000363753e-01 4.656275138288047330e-03 4.378866329205145086e-07 3.701922519489492853e-06
4.600000000000367684e-01 4.621415491816180041e-03 4.226492046651125714e-07 3.592683094732294083e-06
4.650000000000372169e-01 4.587978185779080856e-03 4.000680747415046691e-07 3.419166983879168529e-06
4.700000000000376099e-01 4.556641129773914001e-03 3.667765125322861508e-07 3.151449732190493051e-06
4.750000000000380029e-01 4.528539146738992313e-03 3.163848491327051203e-07 2.732891698317738444e-06
4.800000000000383960e-01 4.505624515376975212e-03 2.363959207631862103e-07 2.052676618040462706e-06
4.850000000000387890e-01 4.491198195758738278e-03 1.129979110111795761e-07 9.862822621174466381e-07
4.900000000000391820e-01 4.490463545770441087e-03 1.574923439453327538e-07 1.381711668299540514e-06
4.950000000000395750e-01 4.511129745413517377e-03 4.808365825897018484e-07 4.239943211726766970e-06
5.000000000000399680e-01 4.563994159391963207e-03 9.630521648092794706e-07 8.534827590695846387e-06
5.050000000000404166e-01 4.663004177581756698e-03 1.624522948786470824e-06 1.446876551344489306e-05
5.100000000000408651e-01 4.824624340622193225e-03 2.477727721808572236e-06 2.217678604146467431e-05
5.150000000000412026e-01 5.065811538261270550e-03 3.503252497662267465e-06 3.150902707237304955e-05
5.200000000000416511e-01 5.400598890623961243e-03 4.633156616617009422e-06 4.187343525399008697e-05
5.250000000000419886e-01 5.835925171482694851e-03 5.755185433105810049e-06 5.226355067667926187e-05
5.300000000000424372e-01 6.367306087196065133e-03 6.719456036406202245e-06 6.131009514960995973e-05
5.350000000000428857e-01 6.976628153445690525e-03 7.374336223102534675e-06 6.760203418727716239e-05
5.400000000000432232e-01 7.632869843216302796e-03 7.606468731373061375e-06 7.005512345376788510e-05
5.450000000000436717e-01 8.296593878647475634e-03 7.371475443978731777e-06 6.820443455735490288e-05
5.500000000000440092e-01 8.927009475558942558e-03 6.712480904138790453e-06 6.239134477779938843e-05
5.550000000000444578e-01 9.489523355609454786e-03 5.747427950803124642e-06 5.366362001790355959e-05
5.600000000000447953e-01 9.961424446222194584e-03 4.630322948983798460e-06 4.342754056496991866e-05
5.650000000000452438e-01 1.033390424316420891e-02 3.512618170429467829e-06 3.309139731127923263e-05
5.700000000000456923e-01 1.061064494692807655e-02 2.507358223383337982e-06 2.372541140213474129e-05
5.750000000000460298e-01 1.080380166194933739e-02 1.679899827498945296e-06 1.596530598059286667e-05
5.800000000000464784e-01 1.092968891450398980e-02 1.044772645266129404e-06 9.972309033720339958e-06
5.850000000000468159e-01 1.100483267857818234e-02 5.886035657564834093e-07 5.642359587474695487e-06
5.900000000000472644e-01 1.104379690614664192e-02 2.796576646500305015e-07 2.692233171580651226e-06
5.950000000000476019e-01 1.105815572852062237e-02 9.603949707721224802e-08 9.284709039307065627e-07
6.000000000000480505e-01 1.105655720386041277e-02 9.516338268590865842e-08 9.238584487471100558e-07
6.050000000000484990e-01 1.104515352071174308e-02 1.582138599745287778e-07 1.542347209581699536e-06
6.100000000000488365e-01 1.102809666397959465e-02 1.981963612933017770e-07 1.940083995358080563e-06
6.150000000000492850e-01 1.100795972678743351e-02 2.198243554961907235e-07 2.160594692565924232e-06
6.200000000000496225e-01 1.098618792091983487e-02 2.316183315309616893e-07 2.285749914004093706e-06
6.250000000000500711e-01 1.096347514973992215e-02 2.395385481237995430e-07 2.373424166520009836e-06
6.300000000000504086e-01 1.094006397885160381e-02 2.466794650272065932e-07 2.453935882723723009e-06
6.350000000000508571e-01 1.091594242311864915e-02 2.549553508144134120e-07 2.546307986501067040e-06
6.400000000000511946e-01 1.089096442118617225e-02 2.649229578161479543e-07 2.656253506643435017e-06
6.450000000000516431e-01 1.086494739819872032e-02 2.761434652801209483e-07 2.779550483290354089e-06
6.500000000000520917e-01 1.083773212332284769e-02 2.877626987992605243e-07 2.907710165153757707e-06
6.550000000000524292e-01 1.080923915996881077e-02 2.989493613871080577e-07 3.032342260383457903e-06
6.600000000000528777e-01 1.077950068826053279e-02 3.085319711670641995e-07 3.141463948490483317e-06
6.650000000000532152e-01 1.074863801535634947e-02 3.163385240780262184e-07 3.233127601448311325e-06
6.700000000000536637e-01 1.071680032491445500e-02 3.234119221199753806e-07 3.317824160574904339e-06
6.750000000000540012e-01 1.068408560832312393e-02 3.309144544722163155e-07 3.407434863821196031e-06
6.800000000000544498e-01 1.065048212904839108e-02 3.401049293889496622e-07 3.515016122765652192e-06
6.850000000000547873e-01 1.061583777057543976e-02 3.520819736420838201e-07 3.652153430005523711e-06
6.900000000000552358e-01 1.057988200339163298e-02 3.673981651087088785e-07 3.824912168263475202e-06
6.950000000000556843e-01 1.054227320933567510e-02 3.860384148092024426e-07 4.033507459147263095e-06
7.000000000000560219e-01 1.050263629936182622e-02 4.079030751166528784e-07 4.277262832445797215e-06
7.050000000000564704e-01 1.046057101629574090e-02 4.330632507622948432e-07 4.557281217902086194e-06
7.100000000000568079e-01 1.041562815053219924e-02 4.625502838388414408e-07 4.884814371304066138e-06
7.150000000000572564e-01 1.036722757661774977e-02 4.982138798352202272e-07 5.279937502069895392e-06
7.200000000000575939e-01 1.031457772885487761e-02 5.424354243472825050e-07 5.768650540511681674e-06
7.250000000000580425e-01 1.025659039509283291e-02 5.985383013049202036e-07 6.387352562299736697e-06
7.300000000000584910e-01 1.019182847435838764e-02 6.697424068033269006e-07 7.171816467244119351e-06
7.350000000000588285e-01 1.011852356536483560e-02 7.588271248751868095e-07 8.153544667790077057e-06
7.400000000000592770e-01 1.003462443722816927e-02 8.677025010659948126e-07 9.355061516274400731e-06
7.450000000000596145e-01 9.937949907724466514e-03 9.972688631318980521e-07 1.078823342068057827e-05
7.500000000000600631e-01 9.826291367573250501e-03 1.145088500568805339e-06 1.242881213387799389e-05
7.550000000000604006e-01 9.697642340878387390e-03 1.308979605146552273e-06 1.425496956175993161e-05
7.600000000000608491e-01 9.550397787309270262e-03 1.483026949208535550e-06 1.620375908926718290e-05
7.650000000000612976e-01 9.383685019414406830e-03 1.657780533646827856e-06 1.817262612685329463e-05
7.700000000000616351e-01 9.197758702689400045e-03 1.820936105280053449e-06 2.002626728291524336e-05
7.750000000000620837e-01 8.994345304949951520e-03 1.958235442548656036e-06 2.160606590398981495e-05
7.800000000000624212e-01 8.776852253713982033e-03 2.053701949351153710e-06 2.273236680896598529e-05
7.850000000000628697e-01 8.550370832275513977e-03 2.095315816870400748e-06 2.326720724744597333e-05
7.900000000000632072e-01 8.321168354598746514e-03 2.076174065517680667e-06 2.312795565306058939e-05
7.950000000000636557e-01 8.095946062395505127e-03 1.998009418791210341e-06 2.232754812081508134e-05
8.000000000000639933e-01 7.880846076586619370e-03 1.870781592903801392e-06 2.097142879205030435e-05
8.050000000000644418e-01 7.680593047293095971e-03 1.712230028053713717e-06 1.925395657026294488e-05
8.100000000000648903e-01 7.497910138192025523e-03 1.540432987220980539e-06 1.737581796424151459e-05
8.150000000000652278e-01 7.333588596653376271e-03 1.372862634869847778e-06 1.553337503493802639e-05
8.200000000000656764e-01 7.186787517627830392e-03 1.219913091084231404e-06 1.384508914887151795e-05
8.250000000000660139e-01 7.055737656528672866e-03 1.086489797097565319e-06 1.236837274653807350e-05
8.300000000000664624e-01 6.938361027799442096e-03 9.719475054241403334e-07 1.109792522075102905e-05
8.350000000000667999e-01 6.832751724125955134e-03 8.733569044530880075e-07 1.000218618045026152e-05
8.400000000000672484e-01 6.737397411111664680e-03 7.868651916133443690e-07 9.038573947754664634e-06
8.450000000000675859e-01 6.651191340184678044e-03 7.084162413358622315e-07 8.161628117498768739e-06
8.500000000000680345e-01 6.573383123818684823e-03 6.353663676607032295e-07 7.341649107011708202e-06
8.550000000000684830e-01 6.503465586689335075e-03 5.662880954532543136e-07 6.562667903639193937e-06
8.600000000000688205e-01 6.441058296607337155e-03 5.004986910862072328e-07 5.817174747632939392e-06
8.650000000000692690e-01 6.385856117165628412e-03 4.379051016975494712e-07 5.104438752060523640e-06
8.700000000000696065e-01 6.337603498523768086e-03 3.781108605910609523e-07 4.420167395235457412e-06
8.750000000000700551e-01 6.296059967965074097e-03 3.208960551568443013e-07 3.762082744012787686e-06
8.800000000000703926e-01 6.260989138585961941e-03 2.660727442139033485e-07 3.128251514140411232e-06
8.850000000000708411e-01 6.232181328931661254e-03 2.136159993675723511e-07 2.518635678153773695e-06
8.900000000000712896e-01 6.209415296047250329e-03 1.632509614630598904e-07 1.930237237179959814e-06
8.950000000000716271e-01 6.192483541173195161e-03 1.149951007652974811e-07 1.363486349271360431e-06
9.000000000000720757e-01 6.181185261394949587e-03 6.900399307466014562e-08 8.204562281898830333e-07
9.050000000000724132e-01 6.175315623440142190e-03 2.768071813207837119e-08 3.300362023348940067e-07
9.100000000000728617e-01 6.174673656310407377e-03 2.703374295906038622e-08 3.232115074858516475e-07
9.150000000000731992e-01 6.179054937364683066e-03 6.386486610486120989e-08 7.656538868190064716e-07
9.200000000000736478e-01 6.188243359197952154e-03 1.015352811485828693e-07 1.220592867646986500e-06
9.250000000000740963e-01 6.202020844842948133e-03 1.375839918458249097e-07 1.658435978025069993e-06
9.300000000000744338e-01 6.220155609891924939e-03 1.714171170607737734e-07 2.071837070925409556e-06
9.350000000000748823e-01 6.242402087106640671e-03 2.032667357845259999e-07 2.463383663293019745e-06
9.400000000000752198e-01 6.268505238111560587e-03 2.329139283962700911e-07 2.830214330910757903e-06
9.450000000000756684e-01 6.298186803589124819e-03 2.604015634899716423e-07 3.172630026968628963e-06
9.500000000000760059e-01 6.331156842039730587e-03 2.856065031406195873e-07 3.488910534690181983e-06
9.550000000000764544e-01 6.367103143669122431e-03 3.081499087641891548e-07 3.774189202124924455e-06
9.600000000000767919e-01 6.405692178763260428e-03 3.277729399215169450e-07 4.025025642766098160e-06
9.650000000000772404e-01 6.446567032503331893e-03 3.440781796582150690e-07 4.236241662630037428e-06
9.700000000000776890e-01 6.489352520217571592e-03 3.566164695498726954e-07 4.401971251130861040e-06
9.750000000000780265e-01 6.533640259199542319e-03 3.652942692581691687e-07 4.520693939843592205e-06
9.800000000000784750e-01 6.579011357398302853e-03 3.699862705858315066e-07 4.590485130574375142e-06
9.850000000000788125e-01 6.625025923961191943e-03 3.708622847034890269e-07 4.613077206634455247e-06
9.900000000000792610e-01 6.671239170547273167e-03 3.681829977589217986e-07 4.591359142953866683e-06
9.950000000000795985e-01 6.717204886094022866e-03 3.621496341512898710e-07 4.527511162099120537e-06
1.000000000000079936e+00 6.762481457625174608e-03 3.529715127156841262e-07 4.423841869562224098e-06
1.005000000000080274e+00 6.806641008794639923e-03 3.407575510829517354e-07 4.281426155225548256e-06
1.010000000000080833e+00 6.849268090160858316e-03 3.257198209893524453e-07 4.102653252223612415e-06
1.015000000000081171e+00 6.889979104668122328e-03 3.079104599839744378e-07 3.887920734890671779e-06
1.020000000000081508e+00 6.928410379042853826e-03 2.876259911401740576e-07 3.640727318997847087e-06
1.025000000000081846e+00 6.964246300143214427e-03 2.651805712529076826e-07 3.364833452597149086e-06
1.030000000000082405e+00 6.997206421499228488e-03 2.409925792034669763e-07 3.065365184992308659e-06
1.035000000000082743e+00 7.027057485721389940e-03 2.152893511921872154e-07 2.745065188695599673e-06
1.040000000000083080e+00 7.053594130186961741e-03 1.884648398234820287e-07 2.408834418149730692e-06
1.045000000000083418e+00 7.076657180955065254e-03 1.607784059558645567e-07 2.059898409425976696e-06
1.050000000000083977e+00 7.096132965877719606e-03 1.325600727473773640e-07 1.702422387528888640e-06
1.055000000000084315e+00 7.111951449667430064e-03 1.043657825201943389e-07 1.343520514239318374e-06
1.060000000000084652e+00 7.124103644045844119e-03 7.653006063563543099e-08 9.875177910185382939e-07
1.065000000000085212e+00 7.132624371041535773e-03 4.982927137604161307e-08 6.444945944929205646e-07
1.070000000000085549e+00 7.137623151071763664e-03 2.519588398946601588e-08 3.266490710134837008e-07
1.075000000000085887e+00 7.139237330846009977e-03 1.236752407946491288e-08 1.607114928390414299e-07
1.080000000000086224e+00 7.137631592292891999e-03 2.906857757880541068e-08 3.786130656764777558e-07
1.085000000000086784e+00 7.132985059245788503e-03 5.011762803291005537e-08 6.542825176040750240e-07
1.090000000000087121e+00 7.125470060303691795e-03 7.068540884879735495e-08 9.249174258323130262e-07
1.095000000000087459e+00 7.115245851413827538e-03 9.048050292690085657e-08 1.186648252494993468e-06
1.100000000000088018e+00 7.102449248452576483e-03 1.091387186474071520e-07 1.434614221387837135e-06
1.105000000000088356e+00 7.087215449234475148e-03 1.267861140172573148e-07 1.670370334856105612e-06
1.110000000000088693e+00 7.069670574476102226e-03 1.432141057833411103e-07 1.891068338933007968e-06
1.115000000000089031e+00 7.049955707636825983e-03 1.581077101847178570e-07 2.092427509793259716e-06
1.120000000000089591e+00 7.028241552185081689e-03 1.716923599660816331e-07 2.277298289983008659e-06
1.125000000000089928e+00 7.004693286232779870e-03 1.836860843633196501e-07 2.441813306906508055e-06
1.130000000000090266e+00 6.979489098118586352e-03 1.943661332900476534e-07 2.589522895206380513e-06
1.135000000000090825e+00 6.952786299573134390e-03 2.039619213354313881e-07 2.723371972860377548e-06
1.140000000000091163e+00 6.924701856625805133e-03 2.125301161732360603e-07 2.844021294273035308e-06
1.145000000000091500e+00 6.895336745314348606e-03 2.205005331362446113e-07 2.957142995179907079e-06
1.150000000000091838e+00 6.864768700335501656e-03 2.277415415953376675e-07 3.060913908573822304e-06
1.155000000000092397e+00 6.833077438836507832e-03 2.344141006350815763e-07 3.157436773550872036e-06
1.160000000000092735e+00 6.800343155183635399e-03 2.408090323169025867e-07 3.250586337372562935e-06
1.165000000000093072e+00 6.766633642892889294e-03 2.470180298945961184e-07 3.341577629577605283e-06
1.170000000000093632e+00 6.732003335569898550e-03 2.532401737881417131e-07 3.433092240869366683e-06
1.175000000000093969e+00 6.696477480607808917e-03 2.594712792735506278e-07 3.525073403594928528e-06
1.180000000000094307e+00 6.660057228395322229e-03 2.657658415402527855e-07 3.618262766992261382e-06
1.185000000000094644e+00 6.622729122416870853e-03 2.718846122178355107e-07 3.709400637939445609e-06
1.190000000000095204e+00 6.584482383898150257e-03 2.777244327035378480e-07 3.797060417505769215e-06
1.195000000000095541e+00 6.545319470218812635e-03 2.831429866612790572e-07 3.879267249638761476e-06
1.200000000000095879e+00 6.505256130372133287e-03 2.879848889366441742e-07 3.953850660614506855e-06
1.205000000000096438e+00 6.464318469974022520e-03 2.924520229546577783e-07 4.023537855904634036e-06
1.210000000000096776e+00 6.422511209741636057e-03 2.966973261192908176e-07 4.090404486619324458e-06
1.215000000000097113e+00 6.379817890035187344e-03 3.011613479737305414e-07 4.160517085566407811e-06
1.220000000000097451e+00 6.336190423564911668e-03 3.060403877358383600e-07 4.236611076896901339e-06
1.225000000000098010e+00 6.291573875601275470e-03 3.115453883388360548e-07 4.321647197163182855e-06
1.230000000000098348e+00 6.245810870987498348e-03 3.428900404583430354e-07 4.766146254993371716e-06
1.235000000000098686e+00 6.198531852611705376e-03 4.456902501424320539e-07 6.207640400514357038e-06
1.240000000000099023e+00 6.149268754743190957e-03 6.933340909260579337e-07 9.676389374194659188e-06
1.245000000000099583e+00 6.097056186915335643e-03 1.249805507407310033e-06 1.747781138763233687e-05
1.250000000000099920e+00 6.040130206050429648e-03 2.382956230351284608e-06 3.339112185045050527e-05
1.255000000000100258e+00 5.975658770689804521e-03 4.488296276068658287e-06 6.301781178254862211e-05
1.260000000000100817e+00 5.899623297311347089e-03 8.079838116391994046e-06 1.136705262540094327e-04
1.265000000000101155e+00 5.807138024542416593e-03 1.372029447654085132e-05 1.934054170322235149e-04
1.270000000000101492e+00 5.693245646833895897e-03 2.188373333665854950e-05 3.090887605718363115e-04
1.275000000000101830e+00 5.554168086502594102e-03 3.278250260200400040e-05 4.639349974635816683e-04
1.280000000000102389e+00 5.388603827126138904e-03 4.621928738709633801e-05 6.553724313229674541e-04
1.285000000000102727e+00 4.951047968569179808e-03 1.119384579412061259e-04 1.590343075062557003e-03
1.290000000000103064e+00 4.629706630308070420e-03 1.360913886610557811e-04 1.937248972661343750e-03
1.295000000000103624e+00 4.388780168162443283e-03 1.474783901282845358e-04 2.103406496508952814e-03
1.300000000000103961e+00 4.183675503333081358e-03 1.542724490721170333e-04 2.204550179851800552e-03
1.305000000000104299e+00 3.998916877174980150e-03 1.587195618570993755e-04 2.272456875245582129e-03
1.310000000000104636e+00 3.832669739881821962e-03 1.613653025115866196e-04 2.314758794675409338e-03
1.315000000000105196e+00 3.671825353035418696e-03 1.633361377468042070e-04 2.347497275818946714e-03
1.320000000000105533e+00 3.527416625898058440e-03 1.640255063467612210e-04 2.361882515663648544e-03
1.325000000000105871e+00 3.387098243586615133e-03 1.643071029473049615e-04 2.370414067842999389e-03
1.330000000000106430e+00 3.250463635211896414e-03 1.642206255228949795e-04 2.373632397740780067e-03
1.335000000000106768e+00 3.128516503257869862e-03 1.632457953868723455e-04 2.363973346508369423e-03
1.340000000000107105e+00 3.009423917993814430e-03 1.620420407983088956e-04 2.350931861357357950e-03
1.345000000000107443e+00 2.893068264349236453e-03 1.606253073593068303e-04 2.334721337254552515e-03
1.350000000000108002e+00 2.779295099569055461e-03 1.590091598649292864e-04 2.315522288456030309e-03
1.355000000000108340e+00 2.667871682899563765e-03 1.572036478558584162e-04 2.293465468597440538e-03
1.360000000000108678e+00 2.569436351443496729e-03 1.548352565601579154e-04 2.263076582707338694e-03
1.365000000000109015e+00 2.472888664732157682e-03 1.523559531758111895e-04 2.230928711422597126e-03
1.370000000000109575e+00 2.368132227121851931e-03 1.501120276043646647e-04 2.202093288195518684e-03
1.375000000000109912e+00 2.275685822676398306e-03 1.474120480395335099e-04 2.166428037587179653e-03
1.380000000000110250e+00 2.185225087584276478e-03 1.446304241317523183e-04 2.129409275588179089e-03
1.385000000000110809e+00 2.096758979191150254e-03 1.417751029090971683e-04 2.091148122886676234e-03
1.390000000000111147e+00 2.010241748655641238e-03 1.388515042504369270e-04 2.051719224044385934e-03
1.395000000000111484e+00 1.935107641378784648e-03 1.356377954065475413e-04 2.007833817407346771e-03
1.400000000000111822e+00 1.852435550566580540e-03 1.326204959507752267e-04 1.966684088057966528e-03
1.405000000000112381e+00 1.771639431427714283e-03 1.295520267455703672e-04 1.924608113167838343e-03
1.410000000000112719e+00 1.701687040926728057e-03 1.262621208250753189e-04 1.879068337659372048e-03
1.415000000000113056e+00 1.624616673479256255e-03 1.231277693835851100e-04 1.835668139398497238e-03
1.420000000000113616e+00 1.557986055085655141e-03 1.198116136315209980e-04 1.789381850471048665e-03
1.425000000000113953e+00 1.492819005053480468e-03 1.164923789915850314e-04 1.742869561312498190e-03
1.430000000000114291e+00 1.421288826484789179e-03 1.133039798799545029e-04 1.698138554369680014e-03
1.435000000000114628e+00 1.359525574940565525e-03 1.099847268823429407e-04 1.651270680444376013e-03
1.440000000000115188e+00 1.299277078180645275e-03 1.066741990654010875e-04 1.604355381305765408e-03
1.445000000000115525e+00 1.233083495037374210e-03 1.034657340691115399e-04 1.558800029694346100e-03
1.450000000000115863e+00 1.176207200561792728e-03 1.001778399202249778e-04 1.511874014562608354e-03
1.455000000000116422e+00 1.120874841584979008e-03 9.691092546832941830e-05 1.465089568401128830e-03
1.460000000000116760e+00 1.067097633203875108e-03 9.366893677600560131e-05 1.418508547431188236e-03
1.465000000000117097e+00 1.014889105287757401e-03 9.045610696219199523e-05 1.372197562599479937e-03
1.470000000000117435e+00 9.642566063508132331e-04 8.727627402667176521e-05 1.326217648956340683e-03
1.475000000000117995e+00 9.152016539328196049e-04 8.413305849391340999e-05 1.280626916869819203e-03
1.480000000000118332e+00 8.677063082658091359e-04 8.102855526066842873e-05 1.235460576722672947e-03
1.485000000000118670e+00 8.217342245496691861e-04 7.796300091916572971e-05 1.190725660183225261e-03
1.490000000000119229e+00 7.772898886493856494e-04 7.494039801096993674e-05 1.146486824191316487e-03
1.495000000000119567e+00 7.401033606771280143e-04 7.196296131241480278e-05 1.102781727138642427e-03
1.500000000000119904e+00 6.985449206891685119e-04 6.904051809416537780e-05 1.059765091443375714e-03
1.505000000000120242e+00 6.584227256202702288e-04 6.616278037492427525e-05 1.017283348752082237e-03
1.510000000000120801e+00 6.197690892021207824e-04 6.333630771397068271e-05 9.754413325442533788e-04
1.515000000000121139e+00 5.875127397225204289e-04 6.057682668268573668e-05 9.344859454040830172e-04
1.520000000000121476e+00 5.515664152541213151e-04 5.785777886094507723e-05 8.940122912823899367e-04
1.525000000000122036e+00 5.170115537838148667e-04 5.519289724539186518e-05 8.542363590915341481e-04
1.530000000000122373e+00 4.882486907681110513e-04 5.260876553456381551e-05 8.155747377068067825e-04
1.535000000000122711e+00 4.563100197359302025e-04 5.006021387173879882e-05 7.773325059857472694e-04
1.540000000000123048e+00 4.256565202621290104e-04 4.756533124971836553e-05 7.397940337114982182e-04
1.545000000000123608e+00 4.003186852576471602e-04 4.516980382819077791e-05 7.036754261916756611e-04
1.550000000000123945e+00 3.721606716317571147e-04 4.279785439430393339e-05 6.678021062123209485e-04
1.555000000000124283e+00 3.489048161698644727e-04 4.052852071046162866e-05 6.334114175764755245e-04
1.560000000000124620e+00 3.231396187470250356e-04 3.828098775493622653e-05 5.992463161982801260e-04
1.565000000000125180e+00 3.019012216222832778e-04 3.613941903527782476e-05 5.666283193075849402e-04
1.570000000000125517e+00 2.784100991666601664e-04 3.401551527415134189e-05 5.341790099658812793e-04
1.575000000000125855e+00 2.591101181587912410e-04 3.200168930688580219e-05 5.033535339565985579e-04
1.580000000000126414e+00 2.377912095342163672e-04 3.000169981246879715e-05 4.726442113772244633e-04
1.585000000000126752e+00 2.203542987283043254e-04 2.811605890149996621e-05 4.436382834822112805e-04
1.590000000000127089e+00 2.011023555700479197e-04 2.623960763157678596e-05 4.146826233565625874e-04
1.595000000000127427e+00 1.854424790846590334e-04 2.448144380881704673e-05 3.875049987772371802e-04
1.600000000000127987e+00 1.705155348621040592e-04 2.278210960984577635e-05 3.611718276550304231e-04
1.605000000000128324e+00 1.541488519066904297e-04 2.109209992343871889e-05 3.349016421161319919e-04
1.610000000000128662e+00 1.408506637126888210e-04 1.951563236417456593e-05 3.103526834189818465e-04
1.615000000000129221e+00 1.282345149012151090e-04 1.799692728670827677e-05 2.866451274649394051e-04
1.620000000000129559e+00 1.144966888293159977e-04 1.648764859216219622e-05 2.630123661560036514e-04
1.625000000000129896e+00 1.033987202458062216e-04 1.509233699358140865e-05 2.411254854917747046e-04
1.630000000000130234e+00 9.295676652146080197e-05 1.375760341022875108e-05 2.201387654628218023e-04
1.635000000000130793e+00 8.169558637303707687e-05 1.243635572589960941e-05 1.993021358914537670e-04
1.640000000000131131e+00 7.271259908229293337e-05 1.123353593165713335e-05 1.803010854695338827e-04
1.645000000000131468e+00 6.436838219881235734e-05 1.009629936761285898e-05 1.622949883649259283e-04
1.650000000000132028e+00 5.666131659756879098e-05 9.026888120205995048e-06 1.453248791391120471e-04
1.655000000000132365e+00 4.958569710867951816e-05 8.027073287671871574e-06 1.294244016072082363e-04
1.660000000000132703e+00 4.220336528114702077e-05 7.059965723308465283e-06 1.140030774563128879e-04
1.665000000000133040e+00 3.647295464806637376e-05 6.208074675610952630e-06 1.003977522537103132e-04
1.670000000000133600e+00 3.133576178891020274e-05 5.430083961993393945e-06 8.794774711130853200e-05
1.675000000000133937e+00 2.677962350507048271e-05 4.727474679713065580e-06 7.668255162151668897e-05
1.680000000000134275e+00 2.279051973508181223e-05 4.101533173623717353e-06 6.662861839920135299e-05
1.685000000000134612e+00 1.934990163816263734e-05 3.552895822604409031e-06 5.780193329810410114e-05
1.690000000000135172e+00 1.596643219407835630e-05 3.056054340413348074e-06 4.979254942017978259e-05
1.695000000000135509e+00 1.358801563116782753e-05 2.659957149346342281e-06 4.340296815563162819e-05
1.700000000000135847e+00 1.162778183743392137e-05 2.330407517803247075e-06 3.808169512611858236e-05
1.705000000000136406e+00 1.002364764258387153e-05 2.058981655548430275e-06 3.369570966513983304e-05
1.710000000000136744e+00 8.710151242251174919e-06 1.835853570699282659e-06 3.008818787681971003e-05
1.715000000000137081e+00 7.623387457340432137e-06 1.650756250026433829e-06 2.709411382344487968e-05
1.720000000000137419e+00 6.708490059830310673e-06 1.494353264456480368e-06 2.456277548572557818e-05
1.725000000000137979e+00 5.921202560753884017e-06 1.358882066558118035e-06 2.236846876343610475e-05
1.730000000000138316e+00 5.229979674230004669e-06 1.238620327021185384e-06 2.041837581352985243e-05
1.735000000000138654e+00 4.612603442077484975e-06 1.129487769692224062e-06 1.864623746314428564e-05
1.740000000000139213e+00 4.054770863749079084e-06 1.028825294327552575e-06 1.700889874509150910e-05
1.745000000000139551e+00 3.546992410067078531e-06 9.348944697732650473e-07 1.547819254754433520e-05
1.750000000000139888e+00 3.083002617855414791e-06 8.465591769220158046e-07 1.403577135257202400e-05
1.755000000000140226e+00 2.658289533307590343e-06 7.630105925178112829e-07 1.266861289710613727e-05
1.760000000000140785e+00 2.269343431963952421e-06 6.835988951938924279e-07 1.136626100486678186e-05
1.765000000000141123e+00 1.913268726001324141e-06 6.077478844084748358e-07 1.011942297564492078e-05
1.770000000000141460e+00 1.587521732831734791e-06 5.348864222307629412e-07 8.918835327596872763e-06
1.775000000000142020e+00 1.289988655465581788e-06 4.644641514788041018e-07 7.755527049166546880e-06
1.780000000000142357e+00 1.019129264880706078e-06 3.959999365734832650e-07 6.621632229432639198e-06
1.785000000000142695e+00 7.742375499953363256e-07 3.291509770163221162e-07 5.511555655749003769e-06
1.790000000000143032e+00 5.557017281244735575e-07 2.637736754416956824e-07 4.423009833075630124e-06
1.795000000000143592e+00 3.651767559375289675e-07 1.999582489797189868e-07 3.357619589114145376e-06
1.800000000000143929e+00 2.065299190891905124e-07 1.384546818471425443e-07 2.328111826867303835e-06
1.805000000000144267e+00 8.368949993420723503e-08 7.936746724501800313e-08 1.336414143073024386e-06
1.810000000000144826e+00 0.000000000000000000e+00 0.000000000000000000e+00 0.000000000000000000e+00
1.815000000000145164e+00 0.000000000000000000e+00 0.000000000000000000e+00 0.000000000000000000e+00
1.820000000000145501e+00 0.000000000000000000e+00 0.000000000000000000e+00 0.000000000000000000e+00
1.825000000000145839e+00 0.000000000000000000e+00 0.000000000000000000e+00 0.000000000000000000e+00
1.830000000000146398e+00 0.000000000000000000e+00 0.000000000000000000e+00 0.000000000000000000e+00
1.835000000000146736e+00 0.000000000000000000e+00 0.000000000000000000e+00 0.000000000000000000e+00
1.840000000000147073e+00 0.000000000000000000e+00 0.000000000000000000e+00 0.000000000000000000e+00
1.845000000000147633e+00 0.000000000000000000e+00 0.000000000000000000e+00 0.000000000000000000e+00
1.850000000000147971e+00 0.000000000000000000e+00 0.000000000000000000e+00 0.000000000000000000e+00
1.855000000000148308e+00 0.000000000000000000e+00 0.000000000000000000e+00 0.000000000000000000e+00
1.860000000000148646e+00 0.000000000000000000e+00 0.000000000000000000e+00 0.000000000000000000e+00
1.865000000000149205e+00 0.000000000000000000e+00 0.000000000000000000e+00 0.000000000000000000e+00
1.870000000000149543e+00 0.000000000000000000e+00 0.000000000000000000e+00 0.000000000000000000e+00
1.875000000000149880e+00 0.000000000000000000e+00 0.000000000000000000e+00 0.000000000000000000e+00
1.880000000000150218e+00 0.000000000000000000e+00 0.000000000000000000e+00 0.000000000000000000e+00
1.885000000000150777e+00 0.000000000000000000e+00 0.000000000000000000e+00 0.000000000000000000e+00
1.890000000000151115e+00 0.000000000000000000e+00 0.000000000000000000e+00 0.000000000000000000e+00
1.895000000000151452e+00 0.000000000000000000e+00 0.000000000000000000e+00 0.000000000000000000e+00
1.900000000000152012e+00 0.000000000000000000e+00 0.000000000000000000e+00 0.000000000000000000e+00
1.905000000000152349e+00 0.000000000000000000e+00 0.000000000000000000e+00 0.000000000000000000e+00
1.910000000000152687e+00 0.000000000000000000e+00 0.000000000000000000e+00 0.000000000000000000e+00
1.915000000000153024e+00 0.000000000000000000e+00 0.000000000000000000e+00 0.000000000000000000e+00
1.920000000000153584e+00 0.000000000000000000e+00 0.000000000000000000e+00 0.000000000000000000e+00
1.925000000000153921e+00 0.000000000000000000e+00 0.000000000000000000e+00 0.000000000000000000e+00
1.930000000000154259e+00 0.000000000000000000e+00 0.000000000000000000e+00 0.000000000000000000e+00
1.935000000000154818e+00 0.000000000000000000e+00 0.000000000000000000e+00 0.000000000000000000e+00
1.940000000000155156e+00 0.000000000000000000e+00 0.000000000000000000e+00 0.000000000000000000e+00
1.945000000000155493e+00 0.000000000000000000e+00 0.000000000000000000e+00 0.000000000000000000e+00
1.950000000000155831e+00 0.000000000000000000e+00 0.000000000000000000e+00 0.000000000000000000e+00
1.955000000000156390e+00 0.000000000000000000e+00 0.000000000000000000e+00 0.000000000000000000e+00
1.960000000000156728e+00 0.000000000000000000e+00 0.000000000000000000e+00 0.000000000000000000e+00
1.965000000000157065e+00 0.000000000000000000e+00 0.000000000000000000e+00 0.000000000000000000e+00
1.970000000000157625e+00 0.000000000000000000e+00 0.000000000000000000e+00 0.000000000000000000e+00
1.975000000000157963e+00 0.000000000000000000e+00 0.000000000000000000e+00 0.000000000000000000e+00
1.980000000000158300e+00 0.000000000000000000e+00 0.000000000000000000e+00 0.000000000000000000e+00
1.985000000000158638e+00 0.000000000000000000e+00 0.000000000000000000e+00 0.000000000000000000e+00
1.990000000000159197e+00 0.000000000000000000e+00 0.000000000000000000e+00 0.000000000000000000e+00
1.995000000000159535e+00 0.000000000000000000e+00 0.000000000000000000e+00 0.000000000000000000e+00
2.000000000000159872e+00 0.000000000000000000e+00 0.000000000000000000e+00 0.000000000000000000e+00
2.005000000000160210e+00 0.000000000000000000e+00 0.000000000000000000e+00 0.000000000000000000e+00
2.010000000000160547e+00 0.000000000000000000e+00 0.000000000000000000e+00 0.000000000000000000e+00
2.015000000000161329e+00 0.000000000000000000e+00 0.000000000000000000e+00 0.000000000000000000e+00
2.020000000000161666e+00 0.000000000000000000e+00 0.000000000000000000e+00 0.000000000000000000e+00
2.025000000000162004e+00 0.000000000000000000e+00 0.000000000000000000e+00 0.000000000000000000e+00
2.030000000000162341e+00 0.000000000000000000e+00 0.000000000000000000e+00 0.000000000000000000e+00
2.035000000000162679e+00 0.000000000000000000e+00 0.000000000000000000e+00 0.000000000000000000e+00
2.040000000000163016e+00 0.000000000000000000e+00 0.000000000000000000e+00 0.000000000000000000e+00
2.045000000000163354e+00 0.000000000000000000e+00 0.000000000000000000e+00 0.000000000000000000e+00
2.050000000000164135e+00 0.000000000000000000e+00 0.000000000000000000e+00 0.000000000000000000e+00
2.055000000000164473e+00 0.000000000000000000e+00 0.000000000000000000e+00 0.000000000000000000e+00
2.060000000000164810e+00 0.000000000000000000e+00 0.000000000000000000e+00 0.000000000000000000e+00
2.065000000000165148e+00 0.000000000000000000e+00 0.000000000000000000e+00 0.000000000000000000e+00
2.070000000000165485e+00 0.000000000000000000e+00 0.000000000000000000e+00 0.000000000000000000e+00
2.075000000000165823e+00 0.000000000000000000e+00 0.000000000000000000e+00 0.000000000000000000e+00
2.080000000000166160e+00 0.000000000000000000e+00 0.000000000000000000e+00 0.000000000000000000e+00
2.085000000000166498e+00 0.000000000000000000e+00 0.000000000000000000e+00 0.000000000000000000e+00
2.090000000000167280e+00 0.000000000000000000e+00 0.000000000000000000e+00 0.000000000000000000e+00
2.095000000000167617e+00 0.000000000000000000e+00 0.000000000000000000e+00 0.000000000000000000e+00
2.100000000000167955e+00 0.000000000000000000e+00 0.000000000000000000e+00 0.000000000000000000e+00
2.105000000000168292e+00 0.000000000000000000e+00 0.000000000000000000e+00 0.000000000000000000e+00
2.110000000000168630e+00 0.000000000000000000e+00 0.000000000000000000e+00 0.000000000000000000e+00
2.115000000000168967e+00 0.000000000000000000e+00 0.000000000000000000e+00 0.000000000000000000e+00
2.120000000000169305e+00 0.000000000000000000e+00 0.000000000000000000e+00 0.000000000000000000e+00
2.125000000000170086e+00 0.000000000000000000e+00 0.000000000000000000e+00 0.000000000000000000e+00
2.130000000000170424e+00 0.000000000000000000e+00 0.000000000000000000e+00 0.000000000000000000e+00
2.135000000000170761e+00 0.000000000000000000e+00 0.000000000000000000e+00 0.000000000000000000e+00
2.140000000000171099e+00 0.000000000000000000e+00 0.000000000000000000e+00 0.000000000000000000e+00
2.145000000000171436e+00 0.000000000000000000e+00 0.000000000000000000e+00 0.000000000000000000e+00
2.150000000000171774e+00 0.000000000000000000e+00 0.000000000000000000e+00 0.000000000000000000e+00
2.155000000000172111e+00 0.000000000000000000e+00 0.000000000000000000e+00 0.000000000000000000e+00
2.160000000000172893e+00 0.000000000000000000e+00 0.000000000000000000e+00 0.000000000000000000e+00
2.165000000000173230e+00 0.000000000000000000e+00 0.000000000000000000e+00 0.000000000000000000e+00
2.170000000000173568e+00 0.000000000000000000e+00 0.000000000000000000e+00 0.000000000000000000e+00
2.175000000000173905e+00 0.000000000000000000e+00 0.000000000000000000e+00 0.000000000000000000e+00
2.180000000000174243e+00 0.000000000000000000e+00 0.000000000000000000e+00 0.000000000000000000e+00
2.185000000000174580e+00 0.000000000000000000e+00 0.000000000000000000e+00 0.000000000000000000e+00
2.190000000000174918e+00 0.000000000000000000e+00 0.000000000000000000e+00 0.000000000000000000e+00
2.195000000000175699e+00 0.000000000000000000e+00 0.000000000000000000e+00 0.000000000000000000e+00
2.200000000000176037e+00 0.000000000000000000e+00 0.000000000000000000e+00 0.000000000000000000e+00
2.205000000000176374e+00 0.000000000000000000e+00 0.000000000000000000e+00 0.000000000000000000e+00
2.210000000000176712e+00 0.000000000000000000e+00 0.000000000000000000e+00 0.000000000000000000e+00
2.215000000000177049e+00 0.000000000000000000e+00 0.000000000000000000e+00 0.000000000000000000e+00
2.220000000000177387e+00 0.000000000000000000e+00 0.000000000000000000e+00 0.000000000000000000e+00
2.225000000000177725e+00 0.000000000000000000e+00 0.000000000000000000e+00 0.000000000000000000e+00
2.230000000000178506e+00 0.000000000000000000e+00 0.000000000000000000e+00 0.000000000000000000e+00
2.235000000000178844e+00 0.000000000000000000e+00 0.000000000000000000e+00 0.000000000000000000e+00
2.240000000000179181e+00 0.000000000000000000e+00 0.000000000000000000e+00 0.000000000000000000e+00
2.245000000000179519e+00 0.000000000000000000e+00 0.000000000000000000e+00 0.000000000000000000e+00
2.250000000000179856e+00 0.000000000000000000e+00 0.000000000000000000e+00 0.000000000000000000e+00
2.255000000000180194e+00 0.000000000000000000e+00 0.000000000000000000e+00 0.000000000000000000e+00
2.260000000000180531e+00 0.000000000000000000e+00 0.000000000000000000e+00 0.000000000000000000e+00
2.265000000000181313e+00 0.000000000000000000e+00 0.000000000000000000e+00 0.000000000000000000e+00
2.270000000000181650e+00 0.000000000000000000e+00 0.000000000000000000e+00 0.000000000000000000e+00
2.275000000000181988e+00 0.000000000000000000e+00 0.000000000000000000e+00 0.000000000000000000e+00
2.280000000000182325e+00 0.000000000000000000e+00 0.000000000000000000e+00 0.000000000000000000e+00
2.285000000000182663e+00 0.000000000000000000e+00 0.000000000000000000e+00 0.000000000000000000e+00
2.290000000000183000e+00 0.000000000000000000e+00 0.000000000000000000e+00 0.000000000000000000e+00
2.295000000000183338e+00 0.000000000000000000e+00 0.000000000000000000e+00 0.000000000000000000e+00
2.300000000000184119e+00 0.000000000000000000e+00 0.000000000000000000e+00 0.000000000000000000e+00
2.305000000000184457e+00 0.000000000000000000e+00 0.000000000000000000e+00 0.000000000000000000e+00
2.310000000000184794e+00 0.000000000000000000e+00 0.000000000000000000e+00 0.000000000000000000e+00
2.315000000000185132e+00 0.000000000000000000e+00 0.000000000000000000e+00 0.000000000000000000e+00
2.320000000000185469e+00 0.000000000000000000e+00 0.000000000000000000e+00 0.000000000000000000e+00
2.325000000000185807e+00 0.000000000000000000e+00 0.000000000000000000e+00 0.000000000000000000e+00
2.330000000000186144e+00 0.000000000000000000e+00 0.000000000000000000e+00 0.000000000000000000e+00
2.335000000000186926e+00 0.000000000000000000e+00 0.000000000000000000e+00 0.000000000000000000e+00
2.340000000000187264e+00 0.000000000000000000e+00 0.000000000000000000e+00 0.000000000000000000e+00
2.345000000000187601e+00 0.000000000000000000e+00 0.000000000000000000e+00 0.000000000000000000e+00
2.350000000000187939e+00 0.000000000000000000e+00 0.000000000000000000e+00 0.000000000000000000e+00
2.355000000000188276e+00 0.000000000000000000e+00 0.000000000000000000e+00 0.000000000000000000e+00
2.360000000000188614e+00 0.000000000000000000e+00 0.000000000000000000e+00 0.000000000000000000e+00
2.365000000000188951e+00 0.000000000000000000e+00 0.000000000000000000e+00 0.000000000000000000e+00
2.370000000000189733e+00 0.000000000000000000e+00 0.000000000000000000e+00 0.000000000000000000e+00
2.375000000000190070e+00 0.000000000000000000e+00 0.000000000000000000e+00 0.000000000000000000e+00
2.380000000000190408e+00 0.000000000000000000e+00 0.000000000000000000e+00 0.000000000000000000e+00
2.385000000000190745e+00 0.000000000000000000e+00 0.000000000000000000e+00 0.000000000000000000e+00
2.390000000000191083e+00 0.000000000000000000e+00 0.000000000000000000e+00 0.000000000000000000e+00
2.395000000000191420e+00 0.000000000000000000e+00 0.000000000000000000e+00 0.000000000000000000e+00
2.400000000000191758e+00 0.000000000000000000e+00 0.000000000000000000e+00 0.000000000000000000e+00
2.405000000000192539e+00 0.000000000000000000e+00 0.000000000000000000e+00 0.000000000000000000e+00
2.410000000000192877e+00 0.000000000000000000e+00 0.000000000000000000e+00 0.000000000000000000e+00
2.415000000000193214e+00 0.000000000000000000e+00 0.000000000000000000e+00 0.000000000000000000e+00
2.420000000000193552e+00 0.000000000000000000e+00 0.000000000000000000e+00 0.000000000000000000e+00
2.425000000000193889e+00 0.000000000000000000e+00 0.000000000000000000e+00 0.000000000000000000e+00
2.430000000000194227e+00 0.000000000000000000e+00 0.000000000000000000e+00 0.000000000000000000e+00
2.435000000000194564e+00 0.000000000000000000e+00 0.000000000000000000e+00 0.000000000000000000e+00
2.440000000000194902e+00 0.000000000000000000e+00 0.000000000000000000e+00 0.000000000000000000e+00
2.445000000000195683e+00 0.000000000000000000e+00 0.000000000000000000e+00 0.000000000000000000e+00
2.450000000000196021e+00 0.000000000000000000e+00 0.000000000000000000e+00 0.000000000000000000e+00
2.455000000000196358e+00 0.000000000000000000e+00 0.000000000000000000e+00 0.000000000000000000e+00
2.460000000000196696e+00 0.000000000000000000e+00 0.000000000000000000e+00 0.000000000000000000e+00
2.465000000000197034e+00 0.000000000000000000e+00 0.000000000000000000e+00 0.000000000000000000e+00
2.470000000000197371e+00 0.000000000000000000e+00 0.000000000000000000e+00 0.000000000000000000e+00
2.475000000000197709e+00 0.000000000000000000e+00 0.000000000000000000e+00 0.000000000000000000e+00
2.480000000000198490e+00 0.000000000000000000e+00 0.000000000000000000e+00 0.000000000000000000e+00
2.485000000000198828e+00 0.000000000000000000e+00 0.000000000000000000e+00 0.000000000000000000e+00
2.490000000000199165e+00 0.000000000000000000e+00 0.000000000000000000e+00 0.000000000000000000e+00
2.495000000000199503e+00 0.000000000000000000e+00 0.000000000000000000e+00 0.000000000000000000e+00
2.500000000000199840e+00 0.000000000000000000e+00 0.000000000000000000e+00 0.000000000000000000e+00
2.505000000000200178e+00 0.000000000000000000e+00 0.000000000000000000e+00 0.000000000000000000e+00
2.510000000000200515e+00 0.000000000000000000e+00 0.000000000000000000e+00 0.000000000000000000e+00
2.515000000000201297e+00 0.000000000000000000e+00 0.000000000000000000e+00 0.000000000000000000e+00
2.520000000000201634e+00 0.000000000000000000e+00 0.000000000000000000e+00 0.000000000000000000e+00
2.525000000000201972e+00 0.000000000000000000e+00 0.000000000000000000e+00 0.000000000000000000e+00
2.530000000000202309e+00 0.000000000000000000e+00 0.000000000000000000e+00 0.000000000000000000e+00
2.535000000000202647e+00 0.000000000000000000e+00 0.000000000000000000e+00 0.000000000000000000e+00
2.540000000000202984e+00 0.000000000000000000e+00 0.000000000000000000e+00 0.000000000000000000e+00
2.545000000000203322e+00 0.000000000000000000e+00 0.000000000000000000e+00 0.000000000000000000e+00
2.550000000000204103e+00 0.000000000000000000e+00 0.000000000000000000e+00 0.000000000000000000e+00
2.555000000000204441e+00 0.000000000000000000e+00 0.000000000000000000e+00 0.000000000000000000e+00
2.560000000000204778e+00 0.000000000000000000e+00 0.000000000000000000e+00 0.000000000000000000e+00
