5.000000000000399958e-03 2.520530011440986806e-10 5.169878828456422968e-26 5.169878828456422968e-26
1.000000000000079992e-02 2.752859140591810959e-10 1.817190158390257683e-12 2.277510115701193939e-12
1.500000000000119987e-02 3.590526487361140699e-10 2.258189575005823233e-12 3.466298555564822688e-12
2.000000000000159983e-02 5.155702750689122037e-10 3.091474893452680017e-12 5.479496579878142030e-12
2.500000000000199979e-02 7.710296366718489621e-10 4.029797779333016792e-12 7.985703771331633666e-12
3.000000000000239975e-02 1.164512192048390963e-09 7.150835166823668504e-12 1.552305989355957886e-11
3.500000000000279970e-02 1.750547517938032328e-09 1.144228628469203200e-11 2.682914114519363108e-11
4.000000000000319966e-02 2.601868514751454491e-09 1.840313426371017998e-11 4.612981668724833952e-11
4.500000000000359962e-02 3.812872049871098500e-09 2.792696388905016374e-11 7.424888203387233817e-11
5.000000000000399958e-02 5.503412873556591554e-09 4.083623416263765605e-11 1.144433668961811102e-10
5.500000000000439954e-02 7.822960301108013945e-09 5.816534712971666089e-11 1.709643689422387585e-10
6.000000000000479949e-02 1.095470424220244333e-08 7.971022786374766675e-11 2.447088152084298899e-10
6.500000000000519251e-02 1.512075625468272513e-08 1.070185553428882667e-10 3.419603090582566423e-10
7.000000000000558553e-02 2.058716212668073518e-08 1.402884196046750373e-10 4.651904402345846674e-10
7.500000000000600631e-02 2.766924634716715398e-08 1.809174540643867802e-10 6.209705984144006057e-10
8.000000000000639933e-02 3.673667892268404382e-08 2.299048712902627464e-10 8.149915489207590221e-10
8.500000000000679234e-02 4.821834041899773606e-08 2.875635607845344632e-10 1.050759327864342611e-09
9.000000000000718536e-02 6.260694398737740391e-08 3.559176313337524682e-10 1.338229797211368164e-09
9.500000000000760614e-02 8.046281297804586608e-08 4.354211922539275397e-10 1.682020574516940714e-09
1.000000000000079992e-01 1.024221145703983317e-07 5.288054566567505112e-10 2.095829101490795267e-09
1.050000000000083922e-01 1.292027622463359010e-07 6.376064187902959272e-10 2.589448443307741896e-09
1.100000000000087852e-01 1.616129681624988198e-07 7.637352009066382499e-10 3.174673662121352582e-09
1.150000000000092060e-01 2.005559876960428048e-07 9.102752857388772937e-10 3.868847491642542593e-09
1.200000000000095990e-01 2.470368638421962003e-07 1.077773143495312496e-09 4.679267992574682844e-09
1.250000000000099920e-01 3.021655647403857427e-07 1.268902339886009046e-09 5.622677096885166795e-09
1.300000000000103850e-01 3.671625396428624437e-07 1.484102812219330732e-09 6.706494962294924347e-09
1.350000000000107780e-01 4.433714607768648251e-07 1.725242379824748536e-09 7.944689722301530159e-09
1.400000000000111988e-01 5.322708097424766403e-07 1.995438006420358853e-09 9.357550858058524300e-09
1.450000000000115918e-01 6.354887050861138120e-07 2.295552473236445931e-09 1.095547379133559243e-08
1.500000000000119849e-01 7.548077073109380269e-07 2.628773046877877038e-09 1.276023466511572080e-08
1.550000000000124056e-01 8.921624252047747397e-07 2.994661065805736953e-09 1.477656416137739098e-08
1.600000000000127987e-01 1.049638867418329813e-06 3.394897733148422656e-09 1.701949329478172960e-08
1.650000000000131917e-01 1.229464175709352403e-06 3.829336443670933048e-09 1.949509857751359321e-08
1.700000000000135847e-01 1.434021658160137883e-06 4.298230101503547572e-09 2.221130421909212977e-08
1.750000000000139777e-01 1.665866249185547516e-06 4.805595591232922247e-09 2.519568576955158276e-08
1.800000000000143985e-01 1.927739197877229223e-06 5.353991788742020775e-09 2.846911009101805804e-08
1.850000000000147915e-01 2.222594523149658276e-06 5.952387165994948602e-09 3.208758073081188180e-08
1.900000000000151845e-01 2.553624012269786625e-06 6.604107719355427815e-09 3.607870057287735207e-08
1.950000000000156053e-01 2.924240493253025814e-06 7.313636590665693755e-09 4.047721475334211793e-08
2.000000000000159983e-01 3.338094514141218674e-06 8.082393962637013437e-09 4.530174716804992029e-08
2.050000000000163913e-01 3.799033712722769684e-06 8.906719262311530209e-09 5.054225711319946441e-08
2.100000000000167844e-01 4.311072069669700152e-06 9.789206828793638235e-09 5.622339808328592512e-08
2.150000000000171774e-01 4.878437370955833895e-06 1.072862248900686074e-08 6.234808694952996018e-08
2.200000000000175981e-01 5.505568025916420842e-06 1.173163607227157765e-08 6.896517795322181765e-08
2.250000000000179912e-01 6.197229200750847885e-06 1.280385019332193295e-08 7.611877347847926894e-08
2.300000000000183842e-01 6.958514882454419563e-06 1.394905009621174850e-08 8.384332453352449629e-08
2.350000000000188050e-01 7.794927250921797226e-06 1.517058537761185133e-08 9.217140520461429345e-08
2.400000000000191980e-01 8.712282543441145233e-06 1.646425081149195235e-08 1.010898454903802164e-07
2.450000000000195910e-01 9.716626777057053919e-06 1.783022471155533795e-08 1.106113765837787710e-07
2.500000000000199840e-01 1.081419177591038346e-05 1.926779023071494347e-08 1.207429694549274246e-07
2.550000000000203770e-01 1.201129771552797508e-05 2.078622534935535153e-08 1.315544853722251880e-07
2.600000000000207701e-01 1.331446716860109743e-05 2.239967451658502674e-08 1.431490005813237743e-07
2.650000000000211631e-01 1.473053546183481410e-05 2.411315111651733019e-08 1.555739373999104566e-07
2.700000000000216116e-01 1.626681722447888750e-05 2.592907342797959632e-08 1.688607905581820580e-07
2.750000000000220046e-01 1.793107627363795382e-05 2.784408599103392001e-08 1.830034392896554020e-07
2.800000000000223976e-01 1.973164276733415442e-05 2.985684663345678367e-08 1.980080703535332064e-07
2.850000000000227907e-01 2.167715958899166224e-05 3.196981431436367347e-08 2.139057615013318980e-07
2.900000000000231837e-01 2.377657134318122550e-05 3.419113044365484737e-08 2.307663055869239104e-07
2.950000000000235767e-01 2.603909901442165415e-05 3.652741184804203028e-08 2.486507925518048619e-07
3.000000000000239697e-01 2.847401235052889642e-05 3.898805203701954334e-08 2.676406666194136614e-07
3.050000000000244182e-01 3.109087903184099168e-05 4.158575367554763634e-08 2.878421798612490503e-07
3.100000000000248113e-01 3.389945440496597480e-05 4.433021055785649597e-08 3.093432041001439293e-07
3.150000000000252043e-01 3.690988527035767296e-05 4.722337966863877289e-08 3.321790821239910179e-07
3.200000000000255973e-01 4.013260577964643098e-05 5.027033759965562940e-08 3.564074138593341808e-07
3.250000000000259903e-01 4.357872338418765606e-05 5.345342140448513964e-08 3.819241558674722814e-07
3.300000000000263833e-01 4.725968297077706281e-05 5.678529607138875437e-08 4.088394571215571581e-07
3.350000000000267764e-01 5.118745823079554882e-05 6.025776010345872069e-08 4.371146136624310426e-07
3.400000000000271694e-01 5.537449178477566499e-05 6.389552696032102942e-08 4.669494339212934278e-07
3.450000000000275624e-01 5.983237796860954149e-05 6.763791301405706957e-08 4.979201306301752507e-07
3.500000000000280109e-01 6.456972233029242012e-05 7.133873316526701901e-08 5.289557634832674242e-07
3.550000000000284039e-01 6.958975069475215676e-05 7.483380868874980486e-08 5.588200300894805342e-07
3.600000000000287970e-01 7.488386328281440964e-05 7.786052704569171297e-08 5.855021957112310831e-07
3.650000000000291900e-01 8.042340412099613313e-05 8.004417959908861534e-08 6.060886182841236620e-07
3.700000000000295830e-01 8.614850695773326880e-05 8.089716276129623766e-08 6.167286028905220030e-07
3.750000000000299760e-01 9.195800279701628354e-05 7.985688974540813721e-08 6.128976606751309698e-07
3.800000000000303690e-01 9.770384161921288890e-05 7.641347853919554906e-08 5.903665019518868627e-07
3.850000000000308176e-01 1.031970422853753912e-04 7.026886254856153337e-08 5.464535188055372558e-07
3.900000000000312106e-01 1.082273563789858573e-04 6.152524854641987199e-08 4.815546921183032331e-07
3.950000000000316036e-01 1.125953568060571413e-04 5.075592293581927459e-08 3.998022331846906840e-07
4.000000000000319966e-01 1.161502963180459239e-04 3.892005276557010657e-08 3.085058151001130082e-07
4.050000000000323896e-01 1.188185900517534153e-04 2.721394471241134078e-08 2.170595749673034757e-07
4.100000000000327827e-01 1.206161977729730729e-04 1.667093144301057497e-08 1.337863275307824755e-07
4.150000000000331757e-01 1.216386371199075348e-04 8.223944338696020420e-09 6.639939910369764063e-08
4.200000000000335687e-01 1.220325857831687028e-04 3.118064222320560150e-09 2.532617711703759109e-08
4.250000000000339617e-01 1.219626391688338632e-04 4.451108715241181166e-09 3.636826687437230269e-08
4.300000000000344103e-01 1.215811816994738807e-04 6.806654080941757784e-09 5.594069353473120728e-08
4.350000000000348033e-01 1.210108855207767500e-04 8.209904179686070026e-09 6.786450025533952982e-08
4.400000000000351963e-01 1.203390342310250386e-04 8.869321962629639199e-09 7.373551147625265784e-08
4.450000000000355893e-01 1.196217173419277869e-04 9.069586828478407518e-09 7.582762382582637037e-08
4.500000000000359823e-01 1.188919680062675341e-04 9.017857780160629951e-09 7.581752047279210269e-08
4.550000000000363753e-01 1.181683235588794752e-04 8.836184866319499946e-09 7.470169053764678145e-08
4.600000000000367684e-01 1.174617185540785080e-04 8.553259983477458409e-09 7.270604607392560528e-08
4.650000000000372169e-01 1.167798309169404381e-04 8.164735582021951429e-09 6.977961026305493086e-08
4.700000000000376099e-01 1.161292712320634329e-04 7.693966513468662804e-09 6.610878254157303058e-08
4.750000000000380029e-01 1.155176380225740894e-04 7.125460877917702791e-09 6.154881604896722450e-08
4.800000000000383960e-01 1.149545825355544461e-04 6.432564048355367673e-09 5.585533698499846857e-08
4.850000000000387890e-01 1.144525725834586550e-04 5.576330228288557839e-09 4.867201121378433387e-08
4.900000000000391820e-01 1.140280821574869360e-04 4.500345661123283744e-09 3.948242787924755864e-08
4.950000000000395750e-01 1.137037412588402438e-04 3.127150608061801601e-09 2.757473427102515033e-08
5.000000000000399680e-01 1.135120660619256579e-04 1.463341808904294054e-09 1.296852912191781690e-08
5.050000000000404166e-01 1.135017385014528037e-04 1.762872486626745945e-09 1.570097157332218148e-08
5.100000000000408651e-01 1.137523496905721443e-04 5.425072689111229951e-09 4.855685926538957116e-08
5.150000000000412026e-01 1.143979195792530997e-04 1.152522735419785672e-08 1.036604415356886380e-07
5.200000000000416511e-01 1.156512750853011713e-04 2.106520824132584139e-08 1.903826497557595245e-07
5.250000000000419886e-01 1.178501776410128394e-04 3.586476723971267232e-08 3.256923867922168127e-07
5.300000000000424372e-01 1.215094586491974159e-04 5.823335665596796726e-08 5.313365573216972333e-07
5.350000000000428857e-01 1.273731778260728384e-04 9.087854072828455450e-08 8.331019947200921916e-07
5.400000000000432232e-01 1.364364542892959121e-04 1.361770694686525313e-07 1.254182689774458514e-06
5.450000000000436717e-01 1.499102322765032678e-04 1.953844761600281123e-07 1.807791102209382300e-06
5.500000000000440092e-01 1.690887259619562035e-04 2.677896525545808984e-07 2.489058334625320664e-06
5.550000000000444578e-01 1.951459976346121578e-04 3.493870978420358085e-07 3.262220356347943789e-06
5.600000000000447953e-01 2.288711264782004287e-04 4.339266749801517721e-07 4.069774071387130529e-06
5.650000000000452438e-01 2.704274700455535372e-04 5.136055068260210325e-07 4.838534410235316360e-06
5.700000000000456923e-01 3.192516021203331902e-04 5.809740705982668755e-07 5.497359216712692200e-06
5.750000000000460298e-01 3.741178624634531767e-04 6.304219859143434301e-07 5.991357185267535299e-06
5.800000000000464784e-01 4.333395293841718404e-04 6.601730883603536964e-07 6.301323146911110167e-06
5.850000000000468159e-01 4.950905805284634134e-04 6.714186707737758263e-07 6.436226001079406032e-06
5.900000000000472644e-01 5.576829789200353016e-04 6.675771872961970583e-07 6.426691185018929831e-06
5.950000000000476019e-01 6.197535443093518366e-04 6.528378977654047619e-07 6.311372003241044846e-06
6.000000000000480505e-01 6.803176833013434028e-04 6.309247160865787799e-07 6.125098888127989442e-06
6.050000000000484990e-01 7.387240871549888028e-04 6.043727355323422870e-07 5.891725303621541605e-06
6.100000000000488365e-01 7.945613976237041968e-04 5.745816214939296918e-07 5.624405012348432788e-06
6.150000000000492850e-01 8.475666568569044899e-04 5.423930629452197541e-07 5.331036092150964487e-06
6.200000000000496225e-01 8.975718953143105392e-04 5.085728637488950912e-07 5.018904902280840256e-06
6.250000000000500711e-01 9.444819008893256488e-04 4.738358905430370907e-07 4.694916798936869990e-06
6.300000000000504086e-01 9.882760343819930841e-04 4.393112765908322193e-07 4.370212596303915900e-06
6.350000000000508571e-01 1.029027765404979481e-03 4.061673606598759839e-07 4.056503191639754954e-06
6.400000000000511946e-01 1.066881499131719455e-03 3.753031414440450493e-07 3.762981863606074280e-06
6.450000000000516431e-01 1.102047167025252666e-03 3.470604492272962883e-07 3.493372687280982858e-06
6.500000000000520917e-01 1.134757309194647876e-03 3.215552581861609865e-07 3.249168487743359808e-06
6.550000000000524292e-01 1.165246947120191726e-03 2.984313095817604823e-07 3.027087489558276907e-06
6.600000000000528777e-01 1.193721548072098574e-03 2.772203015295219291e-07 2.822649399186869898e-06
6.650000000000532152e-01 1.220343946955268575e-03 2.575515920852001106e-07 2.632297674127823213e-06
6.700000000000536637e-01 1.245234184621001657e-03 2.390646325623889998e-07 2.452520638865669715e-06
6.750000000000540012e-01 1.268469558540536671e-03 2.215017640871085619e-07 2.280809505743970959e-06
6.800000000000544498e-01 1.290095490832670732e-03 2.046560017145410396e-07 2.115138839474697007e-06
6.850000000000547873e-01 1.310131422500472945e-03 1.883083861558964587e-07 1.953326696291441446e-06
6.900000000000552358e-01 1.328578230471502957e-03 1.722018022044184238e-07 1.792760093000712765e-06
6.950000000000556843e-01 1.345422091287652982e-03 1.561393772588719403e-07 1.631416249472319473e-06
7.000000000000560219e-01 1.360636750763719559e-03 1.398664536415553459e-07 1.466636610905520672e-06
7.050000000000564704e-01 1.374182664655161906e-03 1.232119386895797846e-07 1.296603794071491912e-06
7.100000000000568079e-01 1.386011125361318909e-03 1.059334889960368256e-07 1.118722542240431372e-06
7.150000000000572564e-01 1.396056952090329439e-03 8.791411956293109267e-08 9.316903354745961580e-07
7.200000000000575939e-01 1.404240055520438466e-03 6.908077414365473222e-08 7.346549049267595319e-07
7.250000000000580425e-01 1.410467397111719694e-03 4.939816532745577701e-08 5.271567369863101334e-07
7.300000000000584910e-01 1.414631325892058526e-03 2.914138034896556498e-08 3.120552459302584998e-07
7.350000000000588285e-01 1.416614679266043220e-03 1.059694444580856684e-08 1.138634308772261811e-07
7.400000000000592770e-01 1.416291066201899075e-03 1.900418722804087625e-08 2.048920457953098436e-07
7.450000000000596145e-01 1.413538143694890829e-03 4.161694914173513643e-08 4.502029274108099980e-07
7.500000000000600631e-01 1.408235678224756607e-03 6.572454105244668248e-08 7.133754054122803240e-07
7.550000000000604006e-01 1.400287390257917187e-03 9.060012417853481583e-08 9.866479258949861303e-07
7.600000000000608491e-01 1.389633332887343052e-03 1.154746029644308193e-07 1.261691602005613663e-06
7.650000000000612976e-01 1.376278455600767926e-03 1.395312872770830747e-07 1.529544994177851383e-06
7.700000000000616351e-01 1.360329180067859460e-03 1.617016510781469741e-07 1.778360303357066618e-06
7.750000000000620837e-01 1.342024245304369954e-03 1.807363544153839233e-07 1.994143043220206611e-06
7.800000000000624212e-01 1.321753101167081603e-03 1.951675557852562584e-07 2.160303966562179237e-06
7.850000000000628697e-01 1.300060002570692375e-03 2.039508677894331633e-07 2.264750292507673433e-06
7.900000000000632072e-01 1.277597232901809057e-03 2.063977006637157905e-07 2.299208407968354798e-06
7.950000000000636557e-01 1.255060629074902095e-03 2.026341395742557418e-07 2.264415502606267629e-06
8.000000000000639933e-01 1.233098044480733946e-03 1.935894127368127449e-07 2.170133915955024227e-06
8.050000000000644418e-01 1.212228089974945553e-03 1.808861058254805178e-07 2.034056854899715552e-06
8.100000000000648903e-01 1.192783488711876300e-03 1.662581360468472971e-07 1.875363051161212375e-06
8.150000000000652278e-01 1.174911767117518650e-03 1.513905296696334845e-07 1.712921463784517656e-06
8.200000000000656764e-01 1.158600674461767767e-03 1.373541123585028928e-07 1.558865090034747633e-06
8.250000000000660139e-01 1.143740540272949070e-03 1.247005534194980096e-07 1.419565034583968797e-06
8.300000000000664624e-01 1.130181715385548177e-03 1.134812871150358268e-07 1.295756027284274413e-06
8.350000000000667999e-01 1.117780042789038881e-03 1.035158829831895172e-07 1.185523500131875229e-06
8.400000000000672484e-01 1.106418988273732452e-03 9.451942863457926163e-08 1.085727077927430886e-06
8.450000000000675859e-01 1.096012488102684514e-03 8.616535929764967682e-08 9.927067988615874400e-07
8.500000000000680345e-01 1.086502214519797799e-03 7.824418354488468580e-08 9.041103991168833259e-07
8.550000000000684830e-01 1.077848609321958515e-03 7.065209486040743849e-08 8.187815336187693529e-07
8.600000000000688205e-01 1.070021067704103167e-03 6.334512496388899286e-08 7.362450050086512018e-07
8.650000000000692690e-01 1.062994025673727081e-03 5.633523536176437041e-08 6.566714052252605022e-07
8.700000000000696065e-01 1.056744895000576341e-03 4.960237204887682112e-08 5.798584767283653084e-07
8.750000000000700551e-01 1.051250934212384636e-03 4.313766969560867794e-08 5.057322462236301026e-07
8.800000000000703926e-01 1.046487965699786655e-03 3.693283044655756575e-08 4.342240431551035198e-07
8.850000000000708411e-01 1.042432975863817092e-03 3.099219171506775039e-08 3.654128905552423152e-07
8.900000000000712896e-01 1.039059997434564793e-03 2.529237760538700748e-08 2.990505454498132859e-07
8.950000000000716271e-01 1.036343337497554543e-03 1.983844957846206286e-08 2.352226748002817281e-07
9.000000000000720757e-01 1.034257206618518533e-03 1.461917353443652727e-08 1.738217086124218732e-07
9.050000000000724132e-01 1.032774649869881191e-03 9.682955505742612524e-09 1.154495287024223473e-07
9.100000000000728617e-01 1.031868382529963456e-03 5.131104094559144100e-09 6.134673589154111891e-08
9.150000000000731992e-01 1.031509685925308855e-03 1.811002293383368798e-09 2.171148284708557558e-08
9.200000000000736478e-01 1.031667204457670413e-03 4.163522700151955708e-09 5.005123396127740355e-08
9.250000000000740963e-01 1.032308008894512524e-03 7.774912442424088870e-09 9.371871209377302689e-08
9.300000000000744338e-01 1.033396700660154689e-03 1.117244644973892518e-08 1.350360402998227751e-07
9.350000000000748823e-01 1.034896022092466304e-03 1.429110304346724448e-08 1.731934624317136245e-07
9.400000000000752198e-01 1.036767845202871303e-03 1.709163587103769677e-08 2.076861315851384562e-07
9.450000000000756684e-01 1.038972238443535952e-03 1.957855066649815638e-08 2.385373455388291249e-07
9.500000000000760059e-01 1.041468582249574547e-03 2.174020245519805985e-08 2.655738596221423490e-07
9.550000000000764544e-01 1.044214458111055940e-03 2.354715371423054068e-08 2.884031789768703419e-07
9.600000000000767919e-01 1.047165890667425088e-03 2.498365723348784511e-08 3.067973245105153881e-07
9.650000000000772404e-01 1.050277480335643724e-03 2.602316616176259435e-08 3.203935245109369944e-07
9.700000000000776890e-01 1.053503328341736951e-03 2.664576606296554478e-08 3.289076814696276275e-07
9.750000000000780265e-01 1.056796678578531944e-03 2.685555578677866910e-08 3.323505417781935591e-07
9.800000000000784750e-01 1.060111421914028754e-03 2.666045913634360059e-08 3.307810342418627870e-07
9.850000000000788125e-01 1.063401569453257828e-03 2.608306583192949308e-08 3.244417171312538368e-07
9.900000000000792610e-01 1.066621410967774804e-03 2.514742132227923009e-08 3.135963461445903064e-07
9.950000000000795985e-01 1.069725684767085586e-03 2.387148468366080704e-08 2.984357932997446874e-07
1.000000000000079936e+00 1.072669187568068769e-03 2.227141164299892634e-08 2.791307507014469951e-07
1.005000000000080274e+00 1.075407676867627497e-03 2.035346130819322742e-08 2.557297448503392332e-07
1.010000000000080833e+00 1.077897298310748035e-03 1.813863349509786478e-08 2.284679006439341790e-07
1.015000000000081171e+00 1.080097235720359162e-03 1.562703570450293439e-08 1.973192990701776269e-07
1.020000000000081508e+00 1.081967836370475132e-03 1.284801776829388855e-08 1.626283115047174016e-07
1.025000000000081846e+00 1.083474336805582625e-03 9.828046256209973493e-09 1.247064921095907008e-07
1.030000000000082405e+00 1.084585173853427637e-03 6.627335944430052724e-09 8.429805158503298218e-08
1.035000000000082743e+00 1.085273515067556194e-03 3.349807319710431457e-09 4.271200322382000240e-08
1.040000000000083080e+00 1.085514696290764726e-03 1.439310276667599166e-09 1.839632334647038502e-08
1.045000000000083418e+00 1.085288337474296129e-03 4.421436600115704098e-09 5.664759621050294294e-08
1.050000000000083977e+00 1.084577686227152990e-03 8.119773919208152884e-09 1.042794003898631122e-07
1.055000000000084315e+00 1.083368068577259240e-03 1.195480549525592667e-08 1.538964786998979549e-07
1.060000000000084652e+00 1.081648649718276733e-03 1.586933910925299644e-08 2.047725373785534415e-07
1.065000000000085212e+00 1.079409340558862285e-03 1.978301478075694399e-08 2.558746242294392216e-07
1.070000000000085549e+00 1.076646684983151260e-03 2.372270536328762549e-08 3.075502201901000561e-07
1.075000000000085887e+00 1.073358145430087195e-03 2.764217428869287242e-08 3.592000360548320015e-07
1.080000000000086224e+00 1.069543676575291074e-03 3.150952816905212999e-08 4.104060140459898924e-07
1.085000000000086784e+00 1.065206382883851543e-03 3.532298649777045912e-08 4.611393923088275542e-07
1.090000000000087121e+00 1.060350559969481209e-03 3.908103289554665472e-08 5.113746801965616605e-07
1.095000000000087459e+00 1.054982302201374917e-03 4.277543679445109161e-08 5.609981783904751633e-07
1.100000000000088018e+00 1.049107586522274836e-03 4.637483516198088357e-08 6.095911594200769541e-07
1.105000000000088356e+00 1.042735196390362669e-03 4.988115072668919605e-08 6.571697152182353649e-07
1.110000000000088693e+00 1.035873719637688071e-03 5.326748162402993209e-08 7.033695978683139603e-07
1.115000000000089031e+00 1.028533023903000984e-03 5.651604995057739176e-08 7.479441547997848604e-07
1.120000000000089591e+00 1.020726041074925807e-03 5.968193839262763521e-08 7.916110901571411976e-07
1.125000000000089928e+00 1.012461547951367963e-03 6.271135747576998528e-08 8.336474029008403474e-07
1.130000000000090266e+00 1.003751997427774481e-03 6.564001991704981588e-08 8.745162109252436166e-07
1.135000000000090825e+00 9.946089815246377322e-04 6.848308240151546601e-08 9.144104252707691165e-07
1.140000000000091163e+00 9.850422136505254320e-04 7.121150728056740928e-08 9.529333853943342770e-07
1.145000000000091500e+00 9.750655610874599168e-04 7.386836144773356517e-08 9.906520610796519660e-07
1.150000000000091838e+00 9.646915722472031249e-04 7.646248729433627932e-08 1.027678521906406817e-06
1.155000000000092397e+00 9.539338851018538045e-04 7.901996166939639344e-08 1.064358040508562996e-06
1.160000000000092735e+00 9.428071492763508707e-04 8.157946753566990134e-08 1.101209120065733763e-06
1.165000000000093072e+00 9.313229588163178443e-04 8.412933811396913705e-08 1.138073663500463090e-06
1.170000000000093632e+00 9.194936741687882460e-04 8.666692589156167808e-08 1.174914494677436861e-06
1.175000000000093969e+00 9.073287436837038089e-04 8.912762274299891248e-08 1.210852366152473262e-06
1.180000000000094307e+00 8.948392265602695978e-04 9.145870695887741845e-08 1.245162403823972947e-06
1.185000000000094644e+00 8.820356484336882349e-04 9.358975889914244252e-08 1.276872230955570969e-06
1.190000000000095204e+00 8.689304559452041892e-04 9.549103302877203351e-08 1.305557520491309287e-06
1.195000000000095541e+00 8.555371897872678967e-04 9.714736879941855298e-08 1.330990432134549557e-06
1.200000000000095879e+00 8.418696262247117069e-04 9.854137730013741612e-08 1.352910880757102902e-06
1.205000000000096438e+00 8.279447119860377808e-04 9.972551452872224024e-08 1.372017806038879191e-06
1.210000000000096776e+00 8.137776761080058562e-04 1.006978050579301849e-07 1.388265809433241544e-06
1.215000000000097113e+00 7.993864001617429545e-04 1.015129467400964073e-07 1.402392279620172068e-06
1.220000000000097451e+00 7.847881901886496819e-04 1.022166178316835142e-07 1.415016032859168316e-06
1.225000000000098010e+00 7.700020615190143747e-04 1.028856863958840335e-07 1.427193772990142057e-06
1.230000000000098348e+00 7.550354392996660178e-04 1.060981330805309106e-07 1.474756219129655917e-06
1.235000000000098686e+00 7.398722718430469133e-04 1.162503838475025989e-07 1.619152716749894040e-06
1.240000000000099023e+00 7.244818176980967516e-04 1.397574974501917133e-07 1.950499738855760674e-06
1.245000000000099583e+00 7.087815642173625171e-04 1.924221160005886065e-07 2.690912650276362158e-06
1.250000000000099920e+00 6.926100073460046344e-04 3.016007631212812106e-07 4.226174070384402654e-06
1.255000000000100258e+00 6.757054239722669851e-04 5.072230227280426742e-07 7.121652184255720216e-06
1.260000000000100817e+00 6.576983018507032500e-04 8.596737523783099805e-07 1.209424823021548435e-05
1.265000000000101155e+00 6.381453098132827857e-04 1.412917813886429703e-06 1.991691646955510915e-05
1.270000000000101492e+00 6.166086454436836778e-04 2.210872997387786999e-06 3.122666430044673878e-05
1.275000000000101830e+00 5.927774786852366921e-04 3.270121755492971980e-06 4.627846588647851106e-05
1.280000000000102389e+00 5.665952715380336274e-04 4.565323812427403214e-06 6.473460617574341058e-05
1.285000000000102727e+00 5.118860189961265284e-04 1.147319126518896932e-05 1.630030519720494645e-04
1.290000000000103064e+00 4.704364712555945179e-04 1.376872744978188926e-05 1.959966267474566798e-04
1.295000000000103624e+00 4.382592064259867434e-04 1.468110507758589822e-05 2.093888587288171349e-04
1.300000000000103961e+00 4.104396004273491889e-04 1.509622476871992680e-05 2.157247468950680474e-04
1.305000000000104299e+00 3.852627089298737745e-04 1.525760355337052684e-05 2.184497341660058298e-04
1.310000000000104636e+00 3.624564062326529178e-04 1.522961699026255211e-05 2.184663575071660476e-04
1.315000000000105196e+00 3.406755474785990497e-04 1.512774348877808554e-05 2.174187361050735267e-04
1.320000000000105533e+00 3.209546332054008500e-04 1.489945349299143056e-05 2.145444295940440380e-04
1.325000000000105871e+00 3.020703810711293904e-04 1.463059788388542323e-05 2.110716726351048809e-04
1.330000000000106430e+00 2.839719313914154317e-04 1.432681212362636713e-05 2.070786498632833019e-04
1.335000000000106768e+00 2.676301082234360559e-04 1.394536508349094114e-05 2.019437700467236526e-04
1.340000000000107105e+00 2.519374702487890564e-04 1.354694484317664447e-05 1.965412438585326788e-04
1.345000000000107443e+00 2.368743101990411319e-04 1.313417648146052683e-05 1.909079122254272022e-04
1.350000000000108002e+00 2.224193168859005623e-04 1.270944455175991408e-05 1.850774015691591544e-04
1.355000000000108340e+00 2.085448938429657496e-04 1.227466742864101377e-05 1.790767979628457476e-04
1.360000000000108678e+00 1.960926080134408700e-04 1.180262253910669227e-05 1.725074719814120362e-04
1.365000000000109015e+00 1.841231292273814123e-04 1.132992532618995000e-05 1.659026456242484245e-04
1.370000000000109575e+00 1.718534979583482983e-04 1.088187289419999727e-05 1.596334394101396571e-04
1.375000000000109912e+00 1.608613437765192317e-04 1.040882522155840233e-05 1.529723730063174551e-04
1.380000000000110250e+00 1.503265669289916505e-04 9.938668553797853350e-06 1.463280850657994148e-04
1.385000000000110809e+00 1.402423148446872714e-04 9.472530195982134589e-06 1.397175056259075210e-04
1.390000000000111147e+00 1.306015060819801612e-04 9.011554893804684687e-06 1.331579410245543535e-04
1.395000000000111484e+00 1.220321770347906762e-04 8.543285520471202734e-06 1.264654702500463167e-04
1.400000000000111822e+00 1.132502242817384465e-04 8.098635110562705527e-06 1.200980036512835951e-04
1.405000000000112381e+00 1.049042288874276580e-04 7.663117366102613012e-06 1.138422780827913575e-04
1.410000000000112719e+00 9.753986442817902326e-05 7.228766228301298122e-06 1.075805289122366230e-04
1.415000000000113056e+00 9.004173637806585188e-05 6.816987057038897523e-06 1.016320364605460813e-04
1.420000000000113616e+00 8.345882610104034347e-05 6.410738361806693864e-06 9.574413134952929950e-05
1.425000000000113953e+00 7.723915150504498384e-05 6.019877127147354395e-06 9.006478104893319507e-05
1.430000000000114291e+00 7.095733278102806744e-05 5.650623843498721923e-06 8.468848327351109339e-05
1.435000000000114628e+00 6.547731379040298708e-05 5.291051493660734989e-06 7.943792240853428431e-05
1.440000000000115188e+00 6.033223497455893230e-05 4.947493745338447399e-06 7.440916626375524421e-05
1.445000000000115525e+00 5.515085474306537379e-05 4.623017804943414532e-06 6.964972854500490649e-05
1.450000000000115863e+00 5.066122201335097625e-05 4.310385268887433646e-06 6.505190654913193008e-05
1.455000000000116422e+00 4.646356398032566926e-05 4.012984962174389505e-06 6.066790073275777636e-05
1.460000000000116760e+00 4.254321709447666177e-05 3.730367978225613143e-06 5.649214183812672742e-05
1.465000000000117097e+00 3.888608872344737836e-05 3.462085469810722314e-06 5.251901063099021161e-05
1.470000000000117435e+00 3.547970670127835176e-05 3.207789372396144609e-06 4.874436869871704402e-05
1.475000000000117995e+00 3.231065406271629436e-05 2.967009119338713941e-06 4.516217297744212907e-05
1.480000000000118332e+00 2.936580670411103743e-05 2.739265674914977240e-06 4.176619883743391712e-05
1.485000000000118670e+00 2.663331267151090607e-05 2.524159723956498423e-06 3.855138614831260941e-05
1.490000000000119229e+00 2.410155878486403393e-05 2.321268845288770974e-06 3.551227665137033864e-05
1.495000000000119567e+00 2.194305133755162089e-05 2.130777450270729240e-06 3.265266456387824382e-05
1.500000000000119904e+00 1.976818753241328175e-05 1.951281586321141288e-06 2.995197843010042381e-05
1.505000000000120242e+00 1.776087326058223314e-05 1.782531774829255569e-06 2.740725046437973253e-05
1.510000000000120801e+00 1.591064126018194006e-05 1.624046314749879867e-06 2.501190799639514507e-05
1.515000000000121139e+00 1.433880475827757730e-05 1.476222774876260002e-06 2.277289040961890532e-05
1.520000000000121476e+00 1.276067314667514991e-05 1.336641494618841639e-06 2.065364327412740305e-05
1.525000000000122036e+00 1.130890017817341375e-05 1.205640741428489010e-06 1.866004882387793507e-05
1.530000000000122373e+00 1.007694672086694849e-05 1.083944273116497410e-06 1.680399753259696882e-05
1.535000000000122711e+00 8.848241682871754927e-06 9.691624449494876197e-07 1.504910614185699467e-05
1.540000000000123048e+00 7.725955196053772102e-06 8.620777058579463188e-07 1.340808371629243581e-05
1.545000000000123608e+00 6.783679856483019414e-06 7.640301949415615681e-07 1.190240442694316814e-05
1.550000000000123945e+00 5.860436475129092166e-06 6.728488548180099110e-07 1.049888805803819701e-05
1.555000000000124283e+00 5.099256640997092328e-06 5.911851508290500913e-07 9.239503882018838552e-06
1.560000000000124620e+00 4.373512184325947463e-06 5.173066424718337340e-07 8.097860531463800600e-06
1.565000000000125180e+00 3.795247698700272328e-06 4.535491470383625565e-07 7.111176598020827497e-06
1.570000000000125517e+00 3.262134506111396786e-06 3.980959412725259598e-07 6.251691149361814125e-06
1.575000000000125855e+00 2.855648831104161785e-06 3.523087388521975033e-07 5.541452735336963657e-06
1.580000000000126414e+00 2.489431949196309203e-06 3.139054618473159444e-07 4.945239782719473379e-06
1.585000000000126752e+00 2.220231245575060924e-06 2.831758918603783706e-07 4.468181939317975822e-06
1.590000000000127089e+00 1.974252019749949847e-06 2.575754604004269937e-07 4.070642714283031168e-06
1.595000000000127427e+00 1.795078393486388181e-06 2.369995059499514430e-07 3.751351185842475111e-06
1.600000000000127987e+00 1.643765916535821677e-06 2.196779435152337257e-07 3.482622360863648052e-06
1.605000000000128324e+00 1.492270930713702014e-06 2.042594396606686859e-07 3.243243774132771040e-06
1.610000000000128662e+00 1.378078535774508023e-06 1.910407500992369404e-07 3.038077799852069631e-06
1.615000000000129221e+00 1.274898739617703058e-06 1.790529309708481930e-07 2.851856286545973928e-06
1.620000000000129559e+00 1.162812653675809429e-06 1.675613970604210686e-07 2.672953591345770674e-06
1.625000000000129896e+00 1.076861659795517838e-06 1.573203620662439038e-07 2.513457571024135872e-06
1.630000000000130234e+00 9.970244647256638830e-07 1.477237650729995239e-07 2.363763971311433253e-06
1.635000000000130793e+00 9.072230013254381851e-07 1.382395363375084405e-07 2.215394562840608592e-06
1.640000000000131131e+00 8.390667459973195745e-07 1.297844008264952714e-07 2.083072372616539353e-06
1.645000000000131468e+00 7.754435703745076705e-07 1.218059354421619201e-07 1.957993929813374436e-06
1.650000000000132028e+00 7.160715383341823435e-07 1.142775710880922122e-07 1.839767368946775256e-06
1.655000000000132365e+00 6.606477674857363667e-07 1.071672682361978261e-07 1.727909920126302135e-06
1.660000000000132703e+00 5.968975447282634061e-07 1.000192511011899319e-07 1.615093171453512988e-06
1.665000000000133040e+00 5.494272156651813521e-07 9.370024041515843791e-08 1.515331888688722248e-06
1.670000000000133600e+00 5.051262530843275140e-07 8.772565895913461224e-08 1.420838816363085758e-06
1.675000000000133937e+00 4.637396857912744269e-07 8.206696651580314714e-08 1.331176753473657343e-06
1.680000000000134275e+00 4.251245392560893857e-07 7.671158677448641432e-08 1.246164988951857376e-06
1.685000000000134612e+00 3.891053756891164917e-07 7.164169694424433410e-08 1.165536169619143728e-06
1.690000000000135172e+00 3.463846852279746925e-07 6.641817973223283190e-08 1.082156967231243442e-06
1.695000000000135509e+00 3.156132353610825625e-07 6.188676050283402167e-08 1.009816679197174549e-06
1.700000000000135847e+00 2.869442810550089851e-07 5.759275198240938089e-08 9.411356622019989968e-07
1.705000000000136406e+00 2.602638264571499661e-07 5.352571521828766719e-08 8.759606744208581930e-07
1.710000000000136744e+00 2.354566184153779488e-07 4.967423100949282016e-08 8.141213542869122162e-07
1.715000000000137081e+00 2.124095914485963577e-07 4.602669002341083220e-08 7.554430754938766197e-07
1.720000000000137419e+00 1.910143314563337083e-07 4.257139996496976757e-08 6.997486901685895883e-07
1.725000000000137979e+00 1.711670924382668671e-07 3.929685342310326107e-08 6.468629323532381549e-07
1.730000000000138316e+00 1.527721036514579527e-07 3.619200294340938640e-08 5.966169789253522615e-07
1.735000000000138654e+00 1.357336505211352115e-07 3.324516381769206999e-08 5.488303952283924570e-07
1.740000000000139213e+00 1.199641180291495860e-07 3.044506615096866760e-08 5.033284565460658411e-07
1.745000000000139551e+00 1.053808677758162730e-07 2.778066126700464745e-08 4.599389964228681083e-07
1.750000000000139888e+00 9.190831099272665519e-08 2.524106131773773897e-08 4.184914356963528812e-07
1.755000000000140226e+00 7.947551449017293767e-08 2.281513306219588118e-08 3.788100608238676495e-07
1.760000000000140785e+00 6.801629301671605870e-08 2.049122076303383003e-08 3.407093913382159671e-07
1.765000000000141123e+00 5.746934620192740806e-08 1.825702403318317448e-08 3.039920881799766225e-07
1.770000000000141460e+00 4.777681245349335135e-08 1.609894272082148667e-08 2.684379582427980680e-07
1.775000000000142020e+00 3.888873007006174622e-08 1.400297206786367496e-08 2.338187528472719011e-07
1.780000000000142357e+00 3.076974600786190373e-08 1.195670023157694939e-08 1.999315259899871385e-07
1.785000000000142695e+00 2.340709670910868971e-08 9.951355169430427050e-09 1.666331006021032056e-07
1.790000000000143032e+00 1.681994031930149882e-08 7.984010010468401218e-09 1.338774793373254371e-07
1.795000000000143592e+00 1.106430106045671093e-08 6.058470449405106392e-09 1.017314322604164332e-07
1.800000000000143929e+00 6.262970933887497975e-09 4.198611088594955496e-09 7.059953481793982777e-08
1.805000000000144267e+00 2.539649368439757348e-09 2.408492561455553382e-09 4.055494819657888840e-08
1.810000000000144826e+00 0.000000000000000000e+00 0.000000000000000000e+00 0.000000000000000000e+00
1.815000000000145164e+00 0.000000000000000000e+00 0.000000000000000000e+00 0.000000000000000000e+00
1.820000000000145501e+00 0.000000000000000000e+00 0.000000000000000000e+00 0.000000000000000000e+00
1.825000000000145839e+00 0.000000000000000000e+00 0.000000000000000000e+00 0.000000000000000000e+00
1.830000000000146398e+00 0.000000000000000000e+00 0.000000000000000000e+00 0.000000000000000000e+00
1.835000000000146736e+00 0.000000000000000000e+00 0.000000000000000000e+00 0.000000000000000000e+00
1.840000000000147073e+00 0.000000000000000000e+00 0.000000000000000000e+00 0.000000000000000000e+00
1.845000000000147633e+00 0.000000000000000000e+00 0.000000000000000000e+00 0.000000000000000000e+00
1.850000000000147971e+00 0.000000000000000000e+00 0.000000000000000000e+00 0.000000000000000000e+00
1.855000000000148308e+00 0.000000000000000000e+00 0.000000000000000000e+00 0.000000000000000000e+00
1.860000000000148646e+00 0.000000000000000000e+00 0.000000000000000000e+00 0.000000000000000000e+00
1.865000000000149205e+00 0.000000000000000000e+00 0.000000000000000000e+00 0.000000000000000000e+00
1.870000000000149543e+00 0.000000000000000000e+00 0.000000000000000000e+00 0.000000000000000000e+00
1.875000000000149880e+00 0.000000000000000000e+00 0.000000000000000000e+00 0.000000000000000000e+00
1.880000000000150218e+00 0.000000000000000000e+00 0.000000000000000000e+00 0.000000000000000000e+00
1.885000000000150777e+00 0.000000000000000000e+00 0.000000000000000000e+00 0.000000000000000000e+00
1.890000000000151115e+00 0.000000000000000000e+00 0.000000000000000000e+00 0.000000000000000000e+00
1.895000000000151452e+00 0.000000000000000000e+00 0.000000000000000000e+00 0.000000000000000000e+00
1.900000000000152012e+00 0.000000000000000000e+00 0.000000000000000000e+00 0.000000000000000000e+00
1.905000000000152349e+00 0.000000000000000000e+00 0.000000000000000000e+00 0.000000000000000000e+00
1.910000000000152687e+00 0.000000000000000000e+00 0.000000000000000000e+00 0.000000000000000000e+00
1.915000000000153024e+00 0.000000000000000000e+00 0.000000000000000000e+00 0.000000000000000000e+00
1.920000000000153584e+00 0.000000000000000000e+00 0.000000000000000000e+00 0.000000000000000000e+00
1.925000000000153921e+00 0.000000000000000000e+00 0.000000000000000000e+00 0.000000000000000000e+00
1.930000000000154259e+00 0.000000000000000000e+00 0.000000000000000000e+00 0.000000000000000000e+00
1.935000000000154818e+00 0.000000000000000000e+00 0.000000000000000000e+00 0.000000000000000000e+00
1.940000000000155156e+00 0.000000000000000000e+00 0.000000000000000000e+00 0.000000000000000000e+00
1.945000000000155493e+00 0.000000000000000000e+00 0.000000000000000000e+00 0.000000000000000000e+00
1.950000000000155831e+00 0.000000000000000000e+00 0.000000000000000000e+00 0.000000000000000000e+00
1.955000000000156390e+00 0.000000000000000000e+00 0.000000000000000000e+00 0.000000000000000000e+00
1.960000000000156728e+00 0.000000000000000000e+00 0.000000000000000000e+00 0.000000000000000000e+00
1.965000000000157065e+00 0.000000000000000000e+00 0.000000000000000000e+00 0.000000000000000000e+00
1.970000000000157625e+00 0.000000000000000000e+00 0.000000000000000000e+00 0.000000000000000000e+00
1.975000000000157963e+00 0.000000000000000000e+00 0.000000000000000000e+00 0.000000000000000000e+00
1.980000000000158300e+00 0.000000000000000000e+00 0.000000000000000000e+00 0.000000000000000000e+00
1.985000000000158638e+00 0.000000000000000000e+00 0.000000000000000000e+00 0.000000000000000000e+00
1.990000000000159197e+00 0.000000000000000000e+00 0.000000000000000000e+00 0.000000000000000000e+00
1.995000000000159535e+00 0.000000000000000000e+00 0.000000000000000000e+00 0.000000000000000000e+00
2.000000000000159872e+00 0.000000000000000000e+00 0.000000000000000000e+00 0.000000000000000000e+00
2.005000000000160210e+00 0.000000000000000000e+00 0.000000000000000000e+00 0.000000000000000000e+00
2.010000000000160547e+00 0.000000000000000000e+00 0.000000000000000000e+00 0.000000000000000000e+00
2.015000000000161329e+00 0.000000000000000000e+00 0.000000000000000000e+00 0.000000000000000000e+00
2.020000000000161666e+00 0.000000000000000000e+00 0.000000000000000000e+00 0.000000000000000000e+00
2.025000000000162004e+00 0.000000000000000000e+00 0.000000000000000000e+00 0.000000000000000000e+00
2.030000000000162341e+00 0.000000000000000000e+00 0.000000000000000000e+00 0.000000000000000000e+00
2.035000000000162679e+00 0.000000000000000000e+00 0.000000000000000000e+00 0.000000000000000000e+00
2.040000000000163016e+00 0.000000000000000000e+00 0.000000000000000000e+00 0.000000000000000000e+00
2.045000000000163354e+00 0.000000000000000000e+00 0.000000000000000000e+00 0.000000000000000000e+00
2.050000000000164135e+00 0.000000000000000000e+00 0.000000000000000000e+00 0.000000000000000000e+00
2.055000000000164473e+00 0.000000000000000000e+00 0.000000000000000000e+00 0.000000000000000000e+00
2.060000000000164810e+00 0.000000000000000000e+00 0.000000000000000000e+00 0.000000000000000000e+00
2.065000000000165148e+00 0.000000000000000000e+00 0.000000000000000000e+00 0.000000000000000000e+00
2.070000000000165485e+00 0.000000000000000000e+00 0.000000000000000000e+00 0.000000000000000000e+00
2.075000000000165823e+00 0.000000000000000000e+00 0.000000000000000000e+00 0.000000000000000000e+00
2.080000000000166160e+00 0.000000000000000000e+00 0.000000000000000000e+00 0.000000000000000000e+00
2.085000000000166498e+00 0.000000000000000000e+00 0.000000000000000000e+00 0.000000000000000000e+00
2.090000000000167280e+00 0.000000000000000000e+00 0.000000000000000000e+00 0.000000000000000000e+00
2.095000000000167617e+00 0.000000000000000000e+00 0.000000000000000000e+00 0.000000000000000000e+00
2.100000000000167955e+00 0.000000000000000000e+00 0.000000000000000000e+00 0.000000000000000000e+00
2.105000000000168292e+00 0.000000000000000000e+00 0.000000000000000000e+00 0.000000000000000000e+00
2.110000000000168630e+00 0.000000000000000000e+00 0.000000000000000000e+00 0.000000000000000000e+00
2.115000000000168967e+00 0.000000000000000000e+00 0.000000000000000000e+00 0.000000000000000000e+00
2.120000000000169305e+00 0.000000000000000000e+00 0.000000000000000000e+00 0.000000000000000000e+00
2.125000000000170086e+00 0.000000000000000000e+00 0.000000000000000000e+00 0.000000000000000000e+00
2.130000000000170424e+00 0.000000000000000000e+00 0.000000000000000000e+00 0.000000000000000000e+00
2.135000000000170761e+00 0.000000000000000000e+00 0.000000000000000000e+00 0.000000000000000000e+00
2.140000000000171099e+00 0.000000000000000000e+00 0.000000000000000000e+00 0.000000000000000000e+00
2.145000000000171436e+00 0.000000000000000000e+00 0.000000000000000000e+00 0.000000000000000000e+00
2.150000000000171774e+00 0.000000000000000000e+00 0.000000000000000000e+00 0.000000000000000000e+00
2.155000000000172111e+00 0.000000000000000000e+00 0.000000000000000000e+00 0.000000000000000000e+00
2.160000000000172893e+00 0.000000000000000000e+00 0.000000000000000000e+00 0.000000000000000000e+00
2.165000000000173230e+00 0.000000000000000000e+00 0.000000000000000000e+00 0.000000000000000000e+00
2.170000000000173568e+00 0.000000000000000000e+00 0.000000000000000000e+00 0.000000000000000000e+00
2.175000000000173905e+00 0.000000000000000000e+00 0.000000000000000000e+00 0.000000000000000000e+00
2.180000000000174243e+00 0.000000000000000000e+00 0.000000000000000000e+00 0.000000000000000000e+00
2.185000000000174580e+00 0.000000000000000000e+00 0.000000000000000000e+00 0.000000000000000000e+00
2.190000000000174918e+00 0.000000000000000000e+00 0.000000000000000000e+00 0.000000000000000000e+00
2.195000000000175699e+00 0.000000000000000000e+00 0.000000000000000000e+00 0.000000000000000000e+00
2.200000000000176037e+00 0.000000000000000000e+00 0.000000000000000000e+00 0.000000000000000000e+00
2.205000000000176374e+00 0.000000000000000000e+00 0.000000000000000000e+00 0.000000000000000000e+00
2.210000000000176712e+00 0.000000000000000000e+00 0.000000000000000000e+00 0.000000000000000000e+00
2.215000000000177049e+00 0.000000000000000000e+00 0.000000000000000000e+00 0.000000000000000000e+00
2.220000000000177387e+00 0.000000000000000000e+00 0.000000000000000000e+00 0.000000000000000000e+00
2.225000000000177725e+00 0.000000000000000000e+00 0.000000000000000000e+00 0.000000000000000000e+00
2.230000000000178506e+00 0.000000000000000000e+00 0.000000000000000000e+00 0.000000000000000000e+00
2.235000000000178844e+00 0.000000000000000000e+00 0.000000000000000000e+00 0.000000000000000000e+00
2.240000000000179181e+00 0.000000000000000000e+00 0.000000000000000000e+00 0.000000000000000000e+00
2.245000000000179519e+00 0.000000000000000000e+00 0.000000000000000000e+00 0.000000000000000000e+00
2.250000000000179856e+00 0.000000000000000000e+00 0.000000000000000000e+00 0.000000000000000000e+00
2.255000000000180194e+00 0.000000000000000000e+00 0.000000000000000000e+00 0.000000000000000000e+00
2.260000000000180531e+00 0.000000000000000000e+00 0.000000000000000000e+00 0.000000000000000000e+00
2.265000000000181313e+00 0.000000000000000000e+00 0.000000000000000000e+00 0.000000000000000000e+00
2.270000000000181650e+00 0.000000000000000000e+00 0.000000000000000000e+00 0.000000000000000000e+00
2.275000000000181988e+00 0.000000000000000000e+00 0.000000000000000000e+00 0.000000000000000000e+00
2.280000000000182325e+00 0.000000000000000000e+00 0.000000000000000000e+00 0.000000000000000000e+00
2.285000000000182663e+00 0.000000000000000000e+00 0.000000000000000000e+00 0.000000000000000000e+00
2.290000000000183000e+00 0.000000000000000000e+00 0.000000000000000000e+00 0.000000000000000000e+00
2.295000000000183338e+00 0.000000000000000000e+00 0.000000000000000000e+00 0.000000000000000000e+00
2.300000000000184119e+00 0.000000000000000000e+00 0.000000000000000000e+00 0.000000000000000000e+00
2.305000000000184457e+00 0.000000000000000000e+00 0.000000000000000000e+00 0.000000000000000000e+00
2.310000000000184794e+00 0.000000000000000000e+00 0.000000000000000000e+00 0.000000000000000000e+00
2.315000000000185132e+00 0.000000000000000000e+00 0.000000000000000000e+00 0.000000000000000000e+00
2.320000000000185469e+00 0.000000000000000000e+00 0.000000000000000000e+00 0.000000000000000000e+00
2.325000000000185807e+00 0.000000000000000000e+00 0.000000000000000000e+00 0.000000000000000000e+00
2.330000000000186144e+00 0.000000000000000000e+00 0.000000000000000000e+00 0.000000000000000000e+00
2.335000000000186926e+00 0.000000000000000000e+00 0.000000000000000000e+00 0.000000000000000000e+00
2.340000000000187264e+00 0.000000000000000000e+00 0.000000000000000000e+00 0.000000000000000000e+00
2.345000000000187601e+00 0.000000000000000000e+00 0.000000000000000000e+00 0.000000000000000000e+00
2.350000000000187939e+00 0.000000000000000000e+00 0.000000000000000000e+00 0.000000000000000000e+00
2.355000000000188276e+00 0.000000000000000000e+00 0.000000000000000000e+00 0.000000000000000000e+00
2.360000000000188614e+00 0.000000000000000000e+00 0.000000000000000000e+00 0.000000000000000000e+00
2.365000000000188951e+00 0.000000000000000000e+00 0.000000000000000000e+00 0.000000000000000000e+00
2.370000000000189733e+00 0.000000000000000000e+00 0.000000000000000000e+00 0.000000000000000000e+00
2.375000000000190070e+00 0.000000000000000000e+00 0.000000000000000000e+00 0.000000000000000000e+00
2.380000000000190408e+00 0.000000000000000000e+00 0.000000000000000000e+00 0.000000000000000000e+00
2.385000000000190745e+00 0.000000000000000000e+00 0.000000000000000000e+00 0.000000000000000000e+00
2.390000000000191083e+00 0.000000000000000000e+00 0.000000000000000000e+00 0.000000000000000000e+00
2.395000000000191420e+00 0.000000000000000000e+00 0.000000000000000000e+00 0.000000000000000000e+00
2.400000000000191758e+00 0.000000000000000000e+00 0.000000000000000000e+00 0.000000000000000000e+00
2.405000000000192539e+00 0.000000000000000000e+00 0.000000000000000000e+00 0.000000000000000000e+00
2.410000000000192877e+00 0.000000000000000000e+00 0.000000000000000000e+00 0.000000000000000000e+00
2.415000000000193214e+00 0.000000000000000000e+00 0.000000000000000000e+00 0.000000000000000000e+00
2.420000000000193552e+00 0.000000000000000000e+00 0.000000000000000000e+00 0.000000000000000000e+00
2.425000000000193889e+00 0.000000000000000000e+00 0.000000000000000000e+00 0.000000000000000000e+00
2.430000000000194227e+00 0.000000000000000000e+00 0.000000000000000000e+00 0.000000000000000000e+00
2.435000000000194564e+00 0.000000000000000000e+00 0.000000000000000000e+00 0.000000000000000000e+00
2.440000000000194902e+00 0.000000000000000000e+00 0.000000000000000000e+00 0.000000000000000000e+00
2.445000000000195683e+00 0.000000000000000000e+00 0.000000000000000000e+00 0.000000000000000000e+00
2.450000000000196021e+00 0.000000000000000000e+00 0.000000000000000000e+00 0.000000000000000000e+00
2.455000000000196358e+00 0.000000000000000000e+00 0.000000000000000000e+00 0.000000000000000000e+00
2.460000000000196696e+00 0.000000000000000000e+00 0.000000000000000000e+00 0.000000000000000000e+00
2.465000000000197034e+00 0.000000000000000000e+00 0.000000000000000000e+00 0.000000000000000000e+00
2.470000000000197371e+00 0.000000000000000000e+00 0.000000000000000000e+00 0.000000000000000000e+00
2.475000000000197709e+00 0.000000000000000000e+00 0.000000000000000000e+00 0.000000000000000000e+00
2.480000000000198490e+00 0.000000000000000000e+00 0.000000000000000000e+00 0.000000000000000000e+00
2.485000000000198828e+00 0.000000000000000000e+00 0.000000000000000000e+00 0.000000000000000000e+00
2.490000000000199165e+00 0.000000000000000000e+00 0.000000000000000000e+00 0.000000000000000000e+00
2.495000000000199503e+00 0.000000000000000000e+00 0.000000000000000000e+00 0.000000000000000000e+00
2.500000000000199840e+00 0.000000000000000000e+00 0.000000000000000000e+00 0.000000000000000000e+00
2.505000000000200178e+00 0.000000000000000000e+00 0.000000000000000000e+00 0.000000000000000000e+00
2.510000000000200515e+00 0.000000000000000000e+00 0.000000000000000000e+00 0.000000000000000000e+00
2.515000000000201297e+00 0.000000000000000000e+00 0.000000000000000000e+00 0.000000000000000000e+00
2.520000000000201634e+00 0.000000000000000000e+00 0.000000000000000000e+00 0.000000000000000000e+00
2.525000000000201972e+00 0.000000000000000000e+00 0.000000000000000000e+00 0.000000000000000000e+00
2.530000000000202309e+00 0.000000000000000000e+00 0.000000000000000000e+00 0.000000000000000000e+00
2.535000000000202647e+00 0.000000000000000000e+00 0.000000000000000000e+00 0.000000000000000000e+00
2.540000000000202984e+00 0.000000000000000000e+00 0.000000000000000000e+00 0.000000000000000000e+00
2.545000000000203322e+00 0.000000000000000000e+00 0.000000000000000000e+00 0.000000000000000000e+00
2.550000000000204103e+00 0.000000000000000000e+00 0.000000000000000000e+00 0.000000000000000000e+00
2.555000000000204441e+00 0.000000000000000000e+00 0.000000000000000000e+00 0.000000000000000000e+00
2.560000000000204778e+00 0.000000000000000000e+00 0.000000000000000000e+00 0.000000000000000000e+00
