5.000000000000399958e-03 3.920668195298171330e-11 6.462348535570528710e-27 6.462348535570528710e-27
1.000000000000079992e-02 4.282714181510335534e-11 2.831700618306278483e-13 3.549010417568443762e-13
1.500000000000119987e-02 5.588279957321222672e-11 3.521398740559236617e-13 5.405312070815307926e-13
2.000000000000159983e-02 8.028526337284181295e-11 4.823924106797364612e-13 8.550182859569283400e-13
2.500000000000199979e-02 1.201311350709654457e-10 6.293222578954386183e-13 1.247105041854070826e-12
3.000000000000239975e-02 1.815367437355421462e-10 1.117272300251539504e-12 2.425378914435743684e-12
3.500000000000279970e-02 2.730420302073726451e-10 1.788564942870145018e-12 4.193712699166208257e-12
4.000000000000319966e-02 4.060465054636729919e-10 2.877908528416208027e-12 7.213846889130049692e-12
4.500000000000359962e-02 5.953571875972674781e-10 4.369227512879754793e-12 1.161638119602954044e-11
5.000000000000399958e-02 8.597903029995472333e-10 6.392035001849719067e-12 1.791365002013861322e-11
5.500000000000439954e-02 1.222831482644929014e-09 9.109301285202857143e-12 2.677480703856700947e-11
6.000000000000479949e-02 1.713289666668068478e-09 1.248999047357319144e-11 3.834402250081550866e-11
6.500000000000519251e-02 2.366125023885870477e-09 1.677826149047191059e-11 5.361219338421293724e-11
7.000000000000558553e-02 3.223248949084182111e-09 2.200651976681298482e-11 7.297268475332993343e-11
7.500000000000600631e-02 4.334378202213155564e-09 2.839604697041618533e-11 9.746494815004035773e-11
8.000000000000639933e-02 5.757847279012662132e-09 3.610573935723095727e-11 1.279915135270348475e-10
8.500000000000679234e-02 7.561391151316337630e-09 4.518673193931695913e-11 1.651126448406966018e-10
9.000000000000718536e-02 9.822891927412530546e-09 5.596017860787523074e-11 2.104070489278597657e-10
9.500000000000760614e-02 1.263099429730539025e-08 6.849996177812230700e-11 2.646135445727985941e-10
1.000000000000079992e-01 1.608642588682307010e-08 8.323984468020494024e-11 3.299067486695539132e-10
1.050000000000083922e-01 2.030295142960142017e-08 1.004249881733042882e-10 4.078461596856793795e-10
1.100000000000087852e-01 2.540874597884124057e-08 1.203601507151746007e-10 5.003097932252189782e-10
1.150000000000092060e-01 3.154716979961562808e-08 1.435360879607252511e-10 6.100563670871042780e-10
1.200000000000095990e-01 3.887786147868066344e-08 1.700427861061151306e-10 7.382590401298379462e-10
1.250000000000099920e-01 4.757726724678074519e-08 2.003082525305944126e-10 8.875928339150520691e-10
1.300000000000103850e-01 5.783955364259163273e-08 2.344070160991412196e-10 1.059259142730569540e-09
1.350000000000107780e-01 6.987865942777807546e-08 2.726408387021587582e-10 1.255502933643873577e-09
1.400000000000111988e-01 8.393016839913480073e-08 3.155097946873530214e-10 1.479574379410991735e-09
1.450000000000115918e-01 1.002536942005739019e-07 3.631560756858475561e-10 1.733154399965132179e-09
1.500000000000119849e-01 1.191336836625953890e-07 4.160921789207185176e-10 2.019738391510654269e-09
1.550000000000124056e-01 1.408790828453477290e-07 4.742546730502408243e-10 2.340116110360028936e-09
1.600000000000127987e-01 1.658232892997243601e-07 5.379191499779069131e-10 2.696726701600298184e-09
1.650000000000131917e-01 1.943225839143761513e-07 6.070711364502269501e-10 3.090590712712363934e-09
1.700000000000135847e-01 2.267585751043362935e-07 6.817598230634448445e-10 3.523025635393405111e-09
1.750000000000139777e-01 2.635407192973784483e-07 7.626348415570890597e-10 3.998486235470836367e-09
1.800000000000143985e-01 3.051087118885374490e-07 8.501115510459486381e-10 4.520350477052138893e-09
1.850000000000147915e-01 3.519367632109451090e-07 9.456289105563601030e-10 5.097609272160815369e-09
1.900000000000151845e-01 4.045376542757345903e-07 1.049725502708752704e-09 5.734723554696754801e-09
1.950000000000156053e-01 4.634601589025430791e-07 1.163126986046520585e-09 6.437309294216284664e-09
2.000000000000159983e-01 5.292917994146844192e-07 1.286075057104661563e-09 7.208439398700381170e-09
2.050000000000163913e-01 6.026524887746263331e-07 1.418000896114503267e-09 8.046617813747782927e-09
2.100000000000167844e-01 6.841897479828479268e-07 1.559340189211430041e-09 8.955925208100308660e-09
2.150000000000171774e-01 7.745864178898145985e-07 1.709914282019595982e-09 9.936959235991315151e-09
2.200000000000175981e-01 8.745602958224274100e-07 1.870811488042026158e-09 1.099768577843106970e-08
2.250000000000179912e-01 9.848828347791327468e-07 2.042948266471870176e-09 1.214530894815774861e-08
2.300000000000183842e-01 1.106379616757090828e-06 2.226948755937573225e-09 1.338548402764071912e-08
2.350000000000188050e-01 1.239943225363341529e-06 2.423375340578800902e-09 1.472361843129622046e-08
2.400000000000191980e-01 1.386518391134723016e-06 2.631580227297655239e-09 1.615779798418613637e-08
2.450000000000195910e-01 1.547088751428436187e-06 2.851632786689110983e-09 1.769035629947510858e-08
2.500000000000199840e-01 1.722670146068543977e-06 3.083456468262786929e-09 1.932269791735413844e-08
2.550000000000203770e-01 1.914295279681560782e-06 3.328578971843025261e-09 2.106633052908762027e-08
2.600000000000207701e-01 2.123032365646013211e-06 3.589310102593851785e-09 2.293810803287920315e-08
2.650000000000211631e-01 2.350003096190953156e-06 3.866491165105167405e-09 2.494594138985583915e-08
2.700000000000216116e-01 2.596409808747982859e-06 4.160564518190303175e-09 2.709530734529914247e-08
2.750000000000220046e-01 2.863530932037298843e-06 4.471048825771960744e-09 2.938567682242176491e-08
2.800000000000223976e-01 3.152740406590944120e-06 4.797797937364853661e-09 3.181858831867491393e-08
2.850000000000227907e-01 3.465467383270581768e-06 5.141288026369036778e-09 3.439967212709279883e-08
2.900000000000231837e-01 3.803195071986913533e-06 5.502908797118787243e-09 3.714079986871419182e-08
2.950000000000235767e-01 4.167457549512227477e-06 5.883820543125110669e-09 4.005256784594968377e-08
3.000000000000239697e-01 4.559803549578748824e-06 6.285631348991756120e-09 4.314887450059537100e-08
3.050000000000244182e-01 4.981837652950117803e-06 6.710504911809312515e-09 4.644779019408681274e-08
3.100000000000248113e-01 5.435203038812036378e-06 7.160128313023418225e-09 4.996450515902808874e-08
3.150000000000252043e-01 5.921615556609814040e-06 7.634937488817128714e-09 5.370573950668763544e-08
3.200000000000255973e-01 6.442847527519446866e-06 8.135921833424079661e-09 5.768218393727740783e-08
3.250000000000259903e-01 7.000792037012291058e-06 8.660359426124142058e-09 6.187818059956471235e-08
3.300000000000263833e-01 7.597409218105751716e-06 9.210521058533249047e-09 6.631337141649089327e-08
3.350000000000267764e-01 8.234759052902366675e-06 9.785272219515742025e-09 7.098314770531657783e-08
3.400000000000271694e-01 8.914992669382779025e-06 1.038885434240886126e-08 7.592189758902984166e-08
3.450000000000275624e-01 9.640137756350684758e-06 1.101150396727853027e-08 8.106177806938731469e-08
3.500000000000280109e-01 1.041174682601133416e-05 1.162936302402675892e-08 8.622831278693242904e-08
3.550000000000284039e-01 1.123050423206577506e-05 1.221564451936608899e-08 9.122009099211864112e-08
3.600000000000287970e-01 1.209516312689050872e-05 1.272728261173546397e-08 9.570769936139062287e-08
3.650000000000291900e-01 1.300118636270928803e-05 1.310266155732916474e-08 9.921238594613015963e-08
3.700000000000295830e-01 1.393890075593713857e-05 1.326136252283348884e-08 1.010994860878452976e-07
3.750000000000299760e-01 1.489182261663211037e-05 1.311030735210764873e-08 1.006209574709962448e-07
3.800000000000303690e-01 1.583571876405576753e-05 1.256484409964675446e-08 9.707532231861868669e-08
3.850000000000308176e-01 1.673956594647821588e-05 1.157495384171306682e-08 9.001389843822452756e-08
3.900000000000312106e-01 1.756876934041512703e-05 1.015625477757895210e-08 7.949244022642265618e-08
3.950000000000316036e-01 1.829043398823296401e-05 8.401960995221492285e-09 6.618188725023915902e-08
4.000000000000319966e-01 1.887959760916000003e-05 6.468956523861074548e-09 5.127718395609222301e-08
4.050000000000323896e-01 1.932393768454331116e-05 4.553197143064889077e-09 3.631649314570955308e-08
4.100000000000327827e-01 1.962583499810259210e-05 2.824076359980384187e-09 2.266356898892298808e-08
4.150000000000331757e-01 1.980076129133003844e-05 1.430747625272209128e-09 1.155172976306649785e-08
4.200000000000335687e-01 1.987263353102533125e-05 5.337241661725494434e-10 4.335123268907294934e-09
4.250000000000339617e-01 1.986835930825244249e-05 6.493066728136406445e-10 5.305230644971497186e-09
4.300000000000344103e-01 1.981288511354539707e-05 1.028222443371592627e-09 8.450477416096995477e-09
4.350000000000348033e-01 1.972631210097751560e-05 1.259375222870216693e-09 1.041021530379325116e-08
4.400000000000351963e-01 1.962295302197004557e-05 1.369442605331964435e-09 1.138492337599008128e-08
4.450000000000355893e-01 1.951201137605194799e-05 1.404226484543272406e-09 1.174024348075773526e-08
4.500000000000359823e-01 1.939891152500427336e-05 1.397587799337131218e-09 1.175020100914476511e-08
4.550000000000363753e-01 1.928669938932574149e-05 1.369553420245421205e-09 1.157829508116245307e-08
4.600000000000367684e-01 1.917717056281758553e-05 1.324877140007669161e-09 1.126197246076522679e-08
4.650000000000372169e-01 1.907157724293207410e-05 1.262961651463635564e-09 1.079385497925605295e-08
4.700000000000376099e-01 1.897097500232652515e-05 1.187974932506438551e-09 1.020742374436224657e-08
4.750000000000380029e-01 1.887653534801930254e-05 1.098136080940140817e-09 9.485558450258486073e-09
4.800000000000383960e-01 1.878967126432731197e-05 9.906366560275116514e-10 8.601911125355318815e-09
4.850000000000387890e-01 1.871206931691139902e-05 8.621379778027034562e-10 7.525018714022817936e-09
4.900000000000391820e-01 1.864571582617386417e-05 7.089153671321646312e-10 6.219455562508898787e-09
4.950000000000395750e-01 1.859294864781001620e-05 5.270309631661829195e-10 4.647278172162384144e-09
5.000000000000399680e-01 1.855654142368399619e-05 3.149300765721657252e-10 2.790995134931632611e-09
5.050000000000404166e-01 1.853981661372035658e-05 1.101718122142342130e-10 9.812419814135618612e-10
5.100000000000408651e-01 1.854693550830500628e-05 3.037570936726422217e-10 2.718763654159000999e-09
5.150000000000412026e-01 1.858331569296264128e-05 6.839320771889614112e-10 6.151436229672777654e-09
5.200000000000416511e-01 1.865640414377701308e-05 1.163226298061390134e-09 1.051297961802497827e-08
5.250000000000419886e-01 1.877760843542912786e-05 1.818902561768376104e-09 1.651767911179579210e-08
5.300000000000424372e-01 1.896550886060537137e-05 2.780109953066089090e-09 2.536645895521351113e-08
5.350000000000428857e-01 1.924978042802704794e-05 4.206659720293393128e-09 3.856330191924335232e-08
5.400000000000432232e-01 1.967799485844882082e-05 6.356917095266644555e-09 5.854682739409407203e-08
5.450000000000436717e-01 2.032485684385924233e-05 9.591550122395784041e-09 8.874563275672226253e-08
5.500000000000440092e-01 2.130175529341576046e-05 1.437873268679083559e-08 1.336478243053533958e-07
5.550000000000444578e-01 2.276472028958585048e-05 2.117728990036107400e-08 1.977319329532717418e-07
5.600000000000447953e-01 2.491412459337820931e-05 3.036714143469489828e-08 2.848117250194865534e-07
5.650000000000452438e-01 2.798061034260580798e-05 4.203646973026807305e-08 3.960138716807322922e-07
5.700000000000456923e-01 3.219725593655446466e-05 5.591897291621060153e-08 5.291228932704020087e-07
5.750000000000460298e-01 3.776128360332374739e-05 7.119010641145232059e-08 6.765711937371550020e-07
5.800000000000464784e-01 4.478963724529283713e-05 8.682891573917571462e-08 8.287781889555138120e-07
5.850000000000468159e-01 5.329467967396493157e-05 1.016942390405473521e-07 9.748419785801400534e-07
5.900000000000472644e-01 6.317782112996868892e-05 1.148439800895816216e-07 1.105590197717063539e-06
5.950000000000476019e-01 7.425540687076026829e-05 1.256691001738972709e-07 1.214917888843278359e-06
6.000000000000480505e-01 8.629784340022581533e-05 1.340603077948927747e-07 1.301474837298834961e-06
6.050000000000484990e-01 9.907729965895842740e-05 1.402456020907103824e-07 1.367183716240387339e-06
6.100000000000488365e-01 1.124029673140677660e-04 1.447110703972652488e-07 1.416532724399512434e-06
6.150000000000492850e-01 1.261397651070376687e-04 1.479893449532415546e-07 1.454547620715404193e-06
6.200000000000496225e-01 1.402065007617662334e-04 1.506046115875491777e-07 1.486257481044169476e-06
6.250000000000500711e-01 1.545641132319379787e-04 1.529255270044210955e-07 1.515234789193579008e-06
6.300000000000504086e-01 1.691991077680480432e-04 1.551086727000139059e-07 1.543001309891092289e-06
6.350000000000508571e-01 1.841041727941307134e-04 1.571943156826273486e-07 1.569942110164238490e-06
6.400000000000511946e-01 1.992669885918033621e-04 1.589998726721805910e-07 1.594214306011330901e-06
6.450000000000516431e-01 2.146573294574758285e-04 1.602900800291704254e-07 1.613416305034698117e-06
6.500000000000520917e-01 2.302233443419293138e-04 1.607648480597547616e-07 1.624455097388562102e-06
6.550000000000524292e-01 2.458869285398074993e-04 1.601643504132163708e-07 1.624599986135996253e-06
6.600000000000528777e-01 2.615471639297764321e-04 1.583373854886779678e-07 1.612186854831920776e-06
6.650000000000532152e-01 2.770885635967181102e-04 1.552909719043419637e-07 1.587146329973466001e-06
6.700000000000536637e-01 2.923913936210214377e-04 1.511848047563242060e-07 1.550977448958276315e-06
6.750000000000540012e-01 3.073431857466605265e-04 1.462451664622933676e-07 1.505890335506005880e-06
6.800000000000544498e-01 3.218473782687897690e-04 1.407138925405468111e-07 1.454291185563762993e-06
6.850000000000547873e-01 3.358270373561219073e-04 1.347855169116578732e-07 1.398132891644129373e-06
6.900000000000552358e-01 3.492246296962664594e-04 1.285854937781082597e-07 1.338679031422291716e-06
6.950000000000556843e-01 3.619979382915948897e-04 1.221738626662222454e-07 1.276528882807166631e-06
7.000000000000560219e-01 3.741143715664997801e-04 1.155113188689640827e-07 1.211249193901564062e-06
7.050000000000564704e-01 3.855447090702349621e-04 1.085340555691094186e-07 1.142143121304321866e-06
7.100000000000568079e-01 3.962605139878228478e-04 1.011373871585827808e-07 1.068072768582534300e-06
7.150000000000572564e-01 4.062291232446300264e-04 9.327367520521358804e-08 9.884894733056759530e-07
7.200000000000575939e-01 4.154137471267999905e-04 8.494077788637753942e-08 9.033216531817558856e-07
7.250000000000580425e-01 4.237748849906881801e-04 7.617259468823040249e-08 8.128823448693947128e-07
7.300000000000584910e-01 4.312703841122197696e-04 6.704146170762494545e-08 7.179014710413170813e-07
7.350000000000588285e-01 4.378580485958066945e-04 5.759704402298421618e-08 6.188762311986636169e-07
7.400000000000592770e-01 4.434958022010115322e-04 4.791731329696171314e-08 5.166164820741667608e-07
7.450000000000596145e-01 4.481464532335282516e-04 3.802923431210880864e-08 4.113918239464005283e-07
7.500000000000600631e-01 4.517753544777347802e-04 2.804378757707894895e-08 3.043877981001105005e-07
7.550000000000604006e-01 4.543570952171234250e-04 1.812133578744834330e-08 1.973438616253962636e-07
7.600000000000608491e-01 4.558768929831138019e-04 8.603067136824177585e-09 9.399831027230279390e-08
7.650000000000612976e-01 4.563367536818421994e-04 4.318022627564977431e-09 4.733425759645707452e-08
7.700000000000616351e-01 4.557636854042868002e-04 1.184088876796305093e-08 1.302235716272029571e-07
7.750000000000620837e-01 4.542160379160958437e-04 1.998823360864555452e-08 2.205389011296119743e-07
7.800000000000624212e-01 4.517870431332767249e-04 2.715055918149846233e-08 3.005287454576158549e-07
7.850000000000628697e-01 4.486087752720516598e-04 3.296347799791655266e-08 3.660393664758883525e-07
7.900000000000632072e-01 4.448417955232136746e-04 3.717248172314536053e-08 4.140902841846956355e-07
7.950000000000636557e-01 4.406645228315910715e-04 3.971111498547745233e-08 4.437675931006823724e-07
8.000000000000639933e-01 4.362546960772037039e-04 4.071593797230204796e-08 4.564249494043299724e-07
8.050000000000644418e-01 4.317703580607464659e-04 4.045183589587988896e-08 4.548792386336082222e-07
8.100000000000648903e-01 4.273367472955270571e-04 3.927409275412791956e-08 4.430049811109166344e-07
8.150000000000652278e-01 4.230406587028035263e-04 3.753684423900487512e-08 4.247139257656269862e-07
8.200000000000656764e-01 4.189328273916760668e-04 3.552757434826985385e-08 4.032110464998641106e-07
8.250000000000660139e-01 4.150365002752426477e-04 3.343708180327810337e-08 3.806407500597004901e-07
8.300000000000664624e-01 4.113578694981429723e-04 3.136645275158033086e-08 3.581495349641883684e-07
8.350000000000667999e-01 4.078950275345660141e-04 2.935852934879863901e-08 3.362307838108703267e-07
8.400000000000672484e-01 4.046435090539241171e-04 2.742082654138457110e-08 3.149779289317530570e-07
8.450000000000675859e-01 4.015985851276912804e-04 2.553490895823614466e-08 2.941864101510699306e-07
8.500000000000680345e-01 3.987562493835275024e-04 2.369151756481965095e-08 2.737551397533125962e-07
8.550000000000684830e-01 3.961128277764285163e-04 2.189322037543751725e-08 2.537187975851484142e-07
8.600000000000688205e-01 3.936641378697674728e-04 2.014698650720990045e-08 2.341635317692697088e-07
8.650000000000692690e-01 3.914055584430016369e-04 1.846650952382532951e-08 2.152547811461960641e-07
8.700000000000696065e-01 3.893321722219148353e-04 1.685374110614902751e-08 1.970225261678206836e-07
8.750000000000700551e-01 3.874385785644628719e-04 1.530922007947504569e-08 1.794804010823276471e-07
8.800000000000703926e-01 3.857187633954172563e-04 1.383071746081620045e-08 1.626095260763116063e-07
8.850000000000708411e-01 3.841668713687062696e-04 1.241629991805673052e-08 1.463941654972435417e-07
8.900000000000712896e-01 3.827762822266991328e-04 1.105798365830788054e-08 1.307467449753620359e-07
8.950000000000716271e-01 3.815403226544785299e-04 9.757688286167320331e-09 1.156960139179176274e-07
9.000000000000720757e-01 3.804520078028237988e-04 8.515333055996399289e-09 1.012471558471160886e-07
9.050000000000724132e-01 3.795037118876419362e-04 7.343719653389241288e-09 8.755890413868858815e-08
9.100000000000728617e-01 3.786871386595629455e-04 6.250350555698885439e-09 7.472828414777096293e-08
9.150000000000731992e-01 3.779929239162480416e-04 5.244188154851687358e-09 6.287076586647318934e-08
9.200000000000736478e-01 3.774103687918219574e-04 4.343725510167114377e-09 5.221751805628644777e-08
9.250000000000740963e-01 3.769279046777787535e-04 3.548979983731537676e-09 4.277936707132848895e-08
9.300000000000744338e-01 3.765332103490779672e-04 2.869866728585688500e-09 3.468671261570230593e-08
9.350000000000748823e-01 3.762135900301919389e-04 2.305608378427882121e-09 2.794160092870012637e-08
9.400000000000752198e-01 3.759563518418917658e-04 1.854345203709417044e-09 2.253276309463537598e-08
9.450000000000756684e-01 3.757486784449721529e-04 1.514839039026490906e-09 1.845620186310760551e-08
9.500000000000760059e-01 3.755777303474753539e-04 1.284366841401110748e-09 1.568956222668651708e-08
9.550000000000764544e-01 3.754304420957818057e-04 1.163246233095914571e-09 1.424732329134897353e-08
9.600000000000767919e-01 3.752935062944045804e-04 1.148499481119132639e-09 1.410348231710327158e-08
9.650000000000772404e-01 3.751534456915326483e-04 1.238736820847728301e-09 1.525115174325103002e-08
9.700000000000776890e-01 3.749965612282614002e-04 1.434749677675423598e-09 1.771013784547949058e-08
9.750000000000780265e-01 3.748092193235450387e-04 1.737845255881510257e-09 2.150667880063872121e-08
9.800000000000784750e-01 3.745777040479092348e-04 2.147641829531431882e-09 2.664617221783234424e-08
9.850000000000788125e-01 3.742885314208810061e-04 2.665737351472261055e-09 3.315854084429927905e-08
9.900000000000792610e-01 3.739281346214496640e-04 3.289662020694346050e-09 4.102313221381520854e-08
9.950000000000795985e-01 3.734830052376786466e-04 4.021926711679005430e-09 5.028119971167573163e-08
1.000000000000079936e+00 3.729393665574744525e-04 4.858105220786743572e-09 6.088731953778508311e-08
1.005000000000080274e+00 3.722836394402406117e-04 5.799656419457091570e-09 7.286940702171175360e-08
1.010000000000080833e+00 3.715022270792781326e-04 6.831863529841667942e-09 8.605177002835528290e-08
1.015000000000081171e+00 3.705831502841302593e-04 7.951360397748009318e-09 1.004001584181388101e-07
1.020000000000081508e+00 3.695152813233740490e-04 9.137597513572881995e-09 1.156623598785226930e-07
1.025000000000081846e+00 3.682902312121372852e-04 1.037661186960732916e-08 1.316671526066355265e-07
1.030000000000082405e+00 3.669011777363049382e-04 1.165258912404483336e-08 1.482180120812333726e-07
1.035000000000082743e+00 3.653429714102912357e-04 1.296511517152854683e-08 1.653128040365600031e-07
1.040000000000083080e+00 3.636103093289016824e-04 1.430666593288601914e-08 1.828584543429101593e-07
1.045000000000083418e+00 3.616981079716450036e-04 1.568550293625509232e-08 2.009631974974795470e-07
1.050000000000083977e+00 3.596011829250692722e-04 1.709845849115084916e-08 2.195894881790077528e-07
1.055000000000084315e+00 3.573139397271015262e-04 1.854241284319964060e-08 2.386999976118890596e-07
1.060000000000084652e+00 3.548317743247247870e-04 2.001281619778923036e-08 2.582385520089134898e-07
1.065000000000085212e+00 3.521507178619049782e-04 2.147443718850396758e-08 2.777515766450287267e-07
1.070000000000085549e+00 3.492702606136338043e-04 2.293232790770646137e-08 2.973034647389507104e-07
1.075000000000085887e+00 3.461911361774608342e-04 2.436390233501264548e-08 3.166000802170177176e-07
1.080000000000086224e+00 3.429156628098162067e-04 2.575090249504019241e-08 3.354009363255501315e-07
1.085000000000086784e+00 3.394475452183130879e-04 2.709509572322209431e-08 3.537247898657944374e-07
1.090000000000087121e+00 3.357905853553683250e-04 2.840564152827382702e-08 3.716873576786772176e-07
1.095000000000087459e+00 3.319486725736849921e-04 2.968523779633321802e-08 3.893207311676434369e-07
1.100000000000088018e+00 3.279252843360431699e-04 3.092589401982081026e-08 4.065168431498901557e-07
1.105000000000088356e+00 3.237247088053871657e-04 3.212367222246913221e-08 4.232200784996841303e-07
1.110000000000088693e+00 3.193515420383468773e-04 3.326593936548138786e-08 4.392595572540636266e-07
1.115000000000089031e+00 3.148113645959864501e-04 3.433735354877681269e-08 4.544270680728790640e-07
1.120000000000089591e+00 3.101117420017455951e-04 3.535111415070571661e-08 4.688911715133991875e-07
1.125000000000089928e+00 3.052593813093790361e-04 3.628378471841902761e-08 4.823350046219331462e-07
1.130000000000090266e+00 3.002628742076382789e-04 3.714596209868787654e-08 4.948923852669246745e-07
1.135000000000090825e+00 2.951308889144462844e-04 3.794358537395162162e-08 5.066362205291893811e-07
1.140000000000091163e+00 2.898715620745426474e-04 3.867012638703544153e-08 5.174733109697890685e-07
1.145000000000091500e+00 2.844942628881618049e-04 3.934362229473522221e-08 5.276391644912363509e-07
1.150000000000091838e+00 2.790076717408107154e-04 3.997517409032497447e-08 5.372782036759541531e-07
1.155000000000092397e+00 2.734203761555523658e-04 4.058158901215255742e-08 5.466130285207016671e-07
1.160000000000092735e+00 2.677407077274088850e-04 4.117939105718055051e-08 5.558643904005981367e-07
1.165000000000093072e+00 2.619759065493952425e-04 4.176648237238280822e-08 5.650030616034599179e-07
1.170000000000093632e+00 2.561336543799527538e-04 4.233061066475991254e-08 5.738619147609128174e-07
1.175000000000093969e+00 2.502216175419714594e-04 4.283854153838110936e-08 5.819873546256378801e-07
1.180000000000094307e+00 2.442487616289280806e-04 4.325878510957601164e-08 5.889457072442902123e-07
1.185000000000094644e+00 2.382245681264709316e-04 4.355804607864477919e-08 5.942750587961429080e-07
1.190000000000095204e+00 2.321588400428915258e-04 4.372801199870489661e-08 5.978512652998736511e-07
1.195000000000095541e+00 2.260607407849783766e-04 4.377484426740156138e-08 5.997475753397876357e-07
1.200000000000095879e+00 2.199382497521201155e-04 4.370896065812585775e-08 6.000964273195738209e-07
1.205000000000096438e+00 2.137986294248058025e-04 4.355367995569280966e-08 5.992089857858645697e-07
1.210000000000096776e+00 2.076480824714235177e-04 4.332317631380958032e-08 5.972730428226291051e-07
1.215000000000097113e+00 2.014928686795381340e-04 4.303540870339374749e-08 5.945303220332940799e-07
1.220000000000097451e+00 1.953395138147168695e-04 4.271392493902724694e-08 5.913019810007067898e-07
1.225000000000098010e+00 1.891949356944172978e-04 4.238229028647415454e-08 5.879121080960813810e-07
1.230000000000098348e+00 1.830642569789426633e-04 4.256253360855773823e-08 5.916160757842189452e-07
1.235000000000098686e+00 1.769477664855316186e-04 4.410257910751825559e-08 6.142673117646602576e-07
1.240000000000099023e+00 1.708433862837145461e-04 4.816370388503760993e-08 6.721878508419383307e-07
1.245000000000099583e+00 1.647384544937492701e-04 5.762669991327957650e-08 8.058762631518374954e-07
1.250000000000099920e+00 1.586054233729468116e-04 7.769426224961522781e-08 1.088689143684069689e-06
1.255000000000100258e+00 1.523977051978584124e-04 1.162492936262455526e-07 1.632195304185598395e-06
1.260000000000100817e+00 1.460499260857038746e-04 1.831675020985106030e-07 2.576876672062269126e-06
1.265000000000101155e+00 1.394846923706919426e-04 2.886662167200674084e-07 4.069126221985765792e-06
1.270000000000101492e+00 1.326299933424203567e-04 4.406825546367785112e-07 6.224259020289746105e-06
1.275000000000101830e+00 1.254421735210539668e-04 6.415554277072150354e-07 9.079234106669424627e-06
1.280000000000102389e+00 1.179311192125437194e-04 8.853024203359904517e-07 1.255326147312450373e-05
1.285000000000102727e+00 1.045763715743844302e-04 2.323530783316843933e-06 3.301109519378471208e-05
1.290000000000103064e+00 9.429366804545130068e-05 2.748145578802471763e-06 3.911961110572740539e-05
1.295000000000103624e+00 8.619998951317730780e-05 2.879068803066519731e-06 4.106263988234934448e-05
1.300000000000103961e+00 7.921802159310958338e-05 2.906855725978923893e-06 4.153890958530392138e-05
1.305000000000104299e+00 7.296661422199630909e-05 2.884029399917744384e-06 4.129190102070787481e-05
1.310000000000104636e+00 6.736475098985254036e-05 2.825573708745670228e-06 4.053239135379193382e-05
1.315000000000105196e+00 6.213256622910793376e-05 2.754912847577231561e-06 3.959411857057152056e-05
1.320000000000105533e+00 5.744944615842740774e-05 2.663296520759755581e-06 3.835009338798789840e-05
1.325000000000105871e+00 5.306914268369370704e-05 2.567236752308117633e-06 3.703682923011790315e-05
1.330000000000106430e+00 4.897092133442625952e-05 2.468046337006507517e-06 3.567295354034182616e-05
1.335000000000106768e+00 4.531412792674915007e-05 2.358765866931329485e-06 3.415744722162551456e-05
1.340000000000107105e+00 4.188829731598680162e-05 2.250210774481760556e-06 3.264641804334765198e-05
1.345000000000107443e+00 3.868068039281170797e-05 2.142867360036091679e-06 3.114701058402498786e-05
1.350000000000108002e+00 3.567957424100143802e-05 2.037190972493966770e-06 2.966597085764241252e-05
1.355000000000108340e+00 3.287201418521934406e-05 1.933480390727282829e-06 2.820780923868401066e-05
1.360000000000108678e+00 3.038420416046300285e-05 1.827533420371483424e-06 2.671128126526438744e-05
1.365000000000109015e+00 2.805352726065598402e-05 1.725076672732113536e-06 2.526007680292237156e-05
1.370000000000109575e+00 2.575184014505253120e-05 1.629717530681923460e-06 2.390741163944474267e-05
1.375000000000109912e+00 2.371827745036676752e-05 1.533919550600114395e-06 2.254311208627944401e-05
1.380000000000110250e+00 2.181700142493459726e-05 1.441685202396037454e-06 2.122608614950722238e-05
1.385000000000110809e+00 2.004059334940407234e-05 1.352994451515053518e-06 1.995633753393132663e-05
1.390000000000111147e+00 1.838183006214047440e-05 1.267814020799730809e-06 1.873367100363719392e-05
1.395000000000111484e+00 1.692373261467267651e-05 1.184236738460772259e-06 1.753014758291286023e-05
1.400000000000111822e+00 1.547655595876814357e-05 1.106263511551022446e-06 1.640523834395907077e-05
1.405000000000112381e+00 1.412848829427415282e-05 1.031667626399028636e-06 1.532632050411412579e-05
1.410000000000112719e+00 1.294871026153122186e-05 9.592284883444693093e-07 1.427550772354040375e-05
1.415000000000113056e+00 1.177989412683414846e-05 8.915093094309764534e-07 1.329119534522951656e-05
1.420000000000113616e+00 1.075966737775490648e-05 8.261384093330831172e-07 1.233834543105363862e-05
1.425000000000113953e+00 9.809465591568825894e-06 7.641761727773740049e-07 1.143301735738587753e-05
1.430000000000114291e+00 8.871385366843437243e-06 7.061730057296972034e-07 1.058373773238371531e-05
1.435000000000114628e+00 8.054234881348696051e-06 6.505409365023200858e-07 9.766984974416151267e-06
1.440000000000115188e+00 7.294912111186882382e-06 5.979047773095364292e-07 8.992350122046575579e-06
1.445000000000115525e+00 6.545971790132244752e-06 5.484706338348656436e-07 8.263180539918503638e-06
1.450000000000115863e+00 5.896006144740920274e-06 5.014018996418371872e-07 7.567107690927342351e-06
1.455000000000116422e+00 5.294268775331223965e-06 4.570157846403861356e-07 6.909118403684034586e-06
1.460000000000116760e+00 4.738113407954166136e-06 4.152216546977169201e-07 6.288055427336834696e-06
1.465000000000117097e+00 4.224972198842704972e-06 3.759263804670781103e-07 5.702713507329887595e-06
1.470000000000117435e+00 3.752511026746710834e-06 3.390504333573599092e-07 5.152083697654314977e-06
1.475000000000117995e+00 3.318297528696054394e-06 3.044991161575198879e-07 4.634917252444833526e-06
1.480000000000118332e+00 2.920298024943352713e-06 2.722081707374636298e-07 4.150419102574979672e-06
1.485000000000118670e+00 2.557278549951813534e-06 2.421832550939223127e-07 3.698854750422284289e-06
1.490000000000119229e+00 2.228537561191731959e-06 2.144778441062354941e-07 3.281221195446058922e-06
1.495000000000119567e+00 1.951394960957294613e-06 1.893165310614748652e-07 2.901142577964653452e-06
1.500000000000119904e+00 1.689576110562435214e-06 1.666458263620945408e-07 2.557996873262267124e-06
1.505000000000120242e+00 1.462247742389050408e-06 1.466736905339908988e-07 2.255175828989118497e-06
1.510000000000120801e+00 1.268636940538251084e-06 1.294572349043570345e-07 1.993768539411496851e-06
1.515000000000121139e+00 1.117349337193696543e-06 1.150278448923685520e-07 1.774472356320423250e-06
1.520000000000121476e+00 9.831175395601951372e-07 1.030088700603421881e-07 1.591682186182565575e-06
1.525000000000122036e+00 8.735449543792664102e-07 9.318221407391733824e-08 1.442207951662420714e-06
1.530000000000122373e+00 7.915674113129874805e-07 8.523185925244276108e-08 1.321318805863343502e-06
1.535000000000122711e+00 7.171479599728261219e-07 7.864169870095909800e-08 1.221144377904938009e-06
1.540000000000123048e+00 6.543704063609703361e-07 7.310459100786806635e-08 1.137011744554186250e-06
1.545000000000123608e+00 6.063041009937240912e-07 6.839795499345960562e-08 1.065533964099784471e-06
1.550000000000123945e+00 5.580899748449941934e-07 6.417283845881287548e-08 1.001329559411789324e-06
1.555000000000124283e+00 5.200573598488472005e-07 6.040604460331524995e-08 9.440729064778616467e-07
1.560000000000124620e+00 4.800947375857441784e-07 5.687532577923787188e-08 8.903200114367620915e-07
1.565000000000125180e+00 4.481394891459883393e-07 5.364848217561732601e-08 8.411521297256869858e-07
1.570000000000125517e+00 4.137635019973810984e-07 5.055815148688965925e-08 7.939642568782334891e-07
1.575000000000125855e+00 3.862770072661280484e-07 4.771603301615928678e-08 7.505239368693436467e-07
1.580000000000126414e+00 3.563263619548891430e-07 4.496605868950825051e-08 7.083914405147080820e-07
1.585000000000126752e+00 3.325199198334981413e-07 4.243982549200579286e-08 6.696504442005415488e-07
1.590000000000127089e+00 3.062894665999258487e-07 3.997580012883264176e-08 6.317651506439761023e-07
1.595000000000127427e+00 2.856232522615534280e-07 3.772162732465061806e-08 5.970774952843946630e-07
1.600000000000127987e+00 2.661998271348092070e-07 3.558462467858407738e-08 5.641340574548097974e-07
1.605000000000128324e+00 2.446146743281627246e-07 3.348712592388613005e-08 5.317106168834589630e-07
1.610000000000128662e+00 2.277304315276611499e-07 3.157370620128137326e-08 5.021095018698196992e-07
1.615000000000129221e+00 2.118614729582551349e-07 2.975807523559581680e-08 4.739702024199708929e-07
1.620000000000129559e+00 1.940339460213356399e-07 2.796225790616185070e-08 4.460563053521258918e-07
1.625000000000129896e+00 1.802492131723226790e-07 2.633462067803023556e-08 4.207398893181571309e-07
1.630000000000130234e+00 1.673012421221078211e-07 2.478969796455584873e-08 3.966659994033665222e-07
1.635000000000130793e+00 1.525534701934199079e-07 2.324654151044233209e-08 3.725436516319458000e-07
1.640000000000131131e+00 1.413381456915468559e-07 2.186263969634567943e-08 3.509008821854506859e-07
1.645000000000131468e+00 1.308149063065876518e-07 2.054906048877590223e-08 3.303199926533640850e-07
1.650000000000132028e+00 1.209529678396844308e-07 1.930353323030571266e-08 3.107697355163402345e-07
1.655000000000132365e+00 1.117134509367479444e-07 1.812226845813863877e-08 2.921941368795005600e-07
1.660000000000132703e+00 1.010312661539818799e-07 1.692970211907882096e-08 2.733778346290874603e-07
1.665000000000133040e+00 9.307226237581202672e-08 1.587303908710073061e-08 2.567007533013232302e-07
1.670000000000133600e+00 8.562833448052231851e-08 1.487144141012263238e-08 2.408636362664953672e-07
1.675000000000133937e+00 7.866101882139715549e-08 1.392073568533529162e-08 2.258029085551873855e-07
1.680000000000134275e+00 7.214999733539334615e-08 1.301934849194219301e-08 2.114968149116368828e-07
1.685000000000134612e+00 6.606849791765281973e-08 1.216468530061575888e-08 1.979068240236746471e-07
1.690000000000135172e+00 5.884041731825662238e-08 1.128259797885250899e-08 1.838283141830681697e-07
1.695000000000135509e+00 5.363347296953216843e-08 1.051679525884966215e-08 1.716043169459778973e-07
1.700000000000135847e+00 4.877817317354239390e-08 9.790404392460492093e-09 1.599871234480675231e-07
1.705000000000136406e+00 4.425631292376087379e-08 9.101828212052439288e-09 1.489535178853291794e-07
1.710000000000136744e+00 4.004922060645137118e-08 8.449265864106574016e-09 1.384767842043108192e-07
1.715000000000137081e+00 3.613842076627853728e-08 7.830858255993209169e-09 1.285290695823478149e-07
1.720000000000137419e+00 3.250607151894110725e-08 7.244709807730072965e-09 1.190817356906776387e-07
1.725000000000137979e+00 2.913501895554582026e-08 6.688939873360187873e-09 1.101062014871769897e-07
1.730000000000138316e+00 2.600935766820872403e-08 6.161729819747988264e-09 1.015747217903489880e-07
1.735000000000138654e+00 2.311312595537740804e-08 5.661142284275235410e-09 9.345741156100083612e-08
1.740000000000139213e+00 2.043166999200741161e-08 5.185299469984104679e-09 8.572518010026375266e-08
1.745000000000139551e+00 1.795114185818947796e-08 4.732354535492638724e-09 7.834926515434871676e-08
1.750000000000139888e+00 1.565885056143892118e-08 4.300481057460844814e-09 7.130106255306464157e-08
1.755000000000140226e+00 1.354286644947310135e-08 3.887805156586312038e-09 6.455100234668808467e-08
1.760000000000140785e+00 1.159204337135149229e-08 3.492359545481289315e-09 5.806777979873615424e-08
1.765000000000141123e+00 9.796046606912856378e-09 3.112063148659661636e-09 5.181800568315611922e-08
1.770000000000141460e+00 8.145113114042038545e-09 2.744610651912912136e-09 4.576435187995639141e-08
1.775000000000142020e+00 6.630811118259865732e-09 2.387624510856413281e-09 3.986806391460547074e-08
1.780000000000142357e+00 5.247194014068040575e-09 2.038997911182209929e-09 3.409468799731629030e-08
1.785000000000142695e+00 3.992159166662283442e-09 1.697242978237393157e-09 2.841993428268242424e-08
1.790000000000143032e+00 2.869050463211050737e-09 1.361869837181730806e-09 2.283610626093484306e-08
1.795000000000143592e+00 1.887497272576130338e-09 1.033536152955139076e-09 1.735472905432283534e-08
1.800000000000143929e+00 1.068529340580315783e-09 7.163277485471234833e-10 1.204503221600667443e-08
1.805000000000144267e+00 4.333279811023744920e-10 4.109493350244652599e-10 6.919692948216434638e-09
1.810000000000144826e+00 0.000000000000000000e+00 0.000000000000000000e+00 0.000000000000000000e+00
1.815000000000145164e+00 0.000000000000000000e+00 0.000000000000000000e+00 0.000000000000000000e+00
1.820000000000145501e+00 0.000000000000000000e+00 0.000000000000000000e+00 0.000000000000000000e+00
1.825000000000145839e+00 0.000000000000000000e+00 0.000000000000000000e+00 0.000000000000000000e+00
1.830000000000146398e+00 0.000000000000000000e+00 0.000000000000000000e+00 0.000000000000000000e+00
1.835000000000146736e+00 0.000000000000000000e+00 0.000000000000000000e+00 0.000000000000000000e+00
1.840000000000147073e+00 0.000000000000000000e+00 0.000000000000000000e+00 0.000000000000000000e+00
1.845000000000147633e+00 0.000000000000000000e+00 0.000000000000000000e+00 0.000000000000000000e+00
1.850000000000147971e+00 0.000000000000000000e+00 0.000000000000000000e+00 0.000000000000000000e+00
1.855000000000148308e+00 0.000000000000000000e+00 0.000000000000000000e+00 0.000000000000000000e+00
1.860000000000148646e+00 0.000000000000000000e+00 0.000000000000000000e+00 0.000000000000000000e+00
1.865000000000149205e+00 0.000000000000000000e+00 0.000000000000000000e+00 0.000000000000000000e+00
1.870000000000149543e+00 0.000000000000000000e+00 0.000000000000000000e+00 0.000000000000000000e+00
1.875000000000149880e+00 0.000000000000000000e+00 0.000000000000000000e+00 0.000000000000000000e+00
1.880000000000150218e+00 0.000000000000000000e+00 0.000000000000000000e+00 0.000000000000000000e+00
1.885000000000150777e+00 0.000000000000000000e+00 0.000000000000000000e+00 0.000000000000000000e+00
1.890000000000151115e+00 0.000000000000000000e+00 0.000000000000000000e+00 0.000000000000000000e+00
1.895000000000151452e+00 0.000000000000000000e+00 0.000000000000000000e+00 0.000000000000000000e+00
1.900000000000152012e+00 0.000000000000000000e+00 0.000000000000000000e+00 0.000000000000000000e+00
1.905000000000152349e+00 0.000000000000000000e+00 0.000000000000000000e+00 0.000000000000000000e+00
1.910000000000152687e+00 0.000000000000000000e+00 0.000000000000000000e+00 0.000000000000000000e+00
1.915000000000153024e+00 0.000000000000000000e+00 0.000000000000000000e+00 0.000000000000000000e+00
1.920000000000153584e+00 0.000000000000000000e+00 0.000000000000000000e+00 0.000000000000000000e+00
1.925000000000153921e+00 0.000000000000000000e+00 0.000000000000000000e+00 0.000000000000000000e+00
1.930000000000154259e+00 0.000000000000000000e+00 0.000000000000000000e+00 0.000000000000000000e+00
1.935000000000154818e+00 0.000000000000000000e+00 0.000000000000000000e+00 0.000000000000000000e+00
1.940000000000155156e+00 0.000000000000000000e+00 0.000000000000000000e+00 0.000000000000000000e+00
1.945000000000155493e+00 0.000000000000000000e+00 0.000000000000000000e+00 0.000000000000000000e+00
1.950000000000155831e+00 0.000000000000000000e+00 0.000000000000000000e+00 0.000000000000000000e+00
1.955000000000156390e+00 0.000000000000000000e+00 0.000000000000000000e+00 0.000000000000000000e+00
1.960000000000156728e+00 0.000000000000000000e+00 0.000000000000000000e+00 0.000000000000000000e+00
1.965000000000157065e+00 0.000000000000000000e+00 0.000000000000000000e+00 0.000000000000000000e+00
1.970000000000157625e+00 0.000000000000000000e+00 0.000000000000000000e+00 0.000000000000000000e+00
1.975000000000157963e+00 0.000000000000000000e+00 0.000000000000000000e+00 0.000000000000000000e+00
1.980000000000158300e+00 0.000000000000000000e+00 0.000000000000000000e+00 0.000000000000000000e+00
1.985000000000158638e+00 0.000000000000000000e+00 0.000000000000000000e+00 0.000000000000000000e+00
1.990000000000159197e+00 0.000000000000000000e+00 0.000000000000000000e+00 0.000000000000000000e+00
1.995000000000159535e+00 0.000000000000000000e+00 0.000000000000000000e+00 0.000000000000000000e+00
2.000000000000159872e+00 0.000000000000000000e+00 0.000000000000000000e+00 0.000000000000000000e+00
2.005000000000160210e+00 0.000000000000000000e+00 0.000000000000000000e+00 0.000000000000000000e+00
2.010000000000160547e+00 0.000000000000000000e+00 0.000000000000000000e+00 0.000000000000000000e+00
2.015000000000161329e+00 0.000000000000000000e+00 0.000000000000000000e+00 0.000000000000000000e+00
2.020000000000161666e+00 0.000000000000000000e+00 0.000000000000000000e+00 0.000000000000000000e+00
2.025000000000162004e+00 0.000000000000000000e+00 0.000000000000000000e+00 0.000000000000000000e+00
2.030000000000162341e+00 0.000000000000000000e+00 0.000000000000000000e+00 0.000000000000000000e+00
2.035000000000162679e+00 0.000000000000000000e+00 0.000000000000000000e+00 0.000000000000000000e+00
2.040000000000163016e+00 0.000000000000000000e+00 0.000000000000000000e+00 0.000000000000000000e+00
2.045000000000163354e+00 0.000000000000000000e+00 0.000000000000000000e+00 0.000000000000000000e+00
2.050000000000164135e+00 0.000000000000000000e+00 0.000000000000000000e+00 0.000000000000000000e+00
2.055000000000164473e+00 0.000000000000000000e+00 0.000000000000000000e+00 0.000000000000000000e+00
2.060000000000164810e+00 0.000000000000000000e+00 0.000000000000000000e+00 0.000000000000000000e+00
2.065000000000165148e+00 0.000000000000000000e+00 0.000000000000000000e+00 0.000000000000000000e+00
2.070000000000165485e+00 0.000000000000000000e+00 0.000000000000000000e+00 0.000000000000000000e+00
2.075000000000165823e+00 0.000000000000000000e+00 0.000000000000000000e+00 0.000000000000000000e+00
2.080000000000166160e+00 0.000000000000000000e+00 0.000000000000000000e+00 0.000000000000000000e+00
2.085000000000166498e+00 0.000000000000000000e+00 0.000000000000000000e+00 0.000000000000000000e+00
2.090000000000167280e+00 0.000000000000000000e+00 0.000000000000000000e+00 0.000000000000000000e+00
2.095000000000167617e+00 0.000000000000000000e+00 0.000000000000000000e+00 0.000000000000000000e+00
2.100000000000167955e+00 0.000000000000000000e+00 0.000000000000000000e+00 0.000000000000000000e+00
2.105000000000168292e+00 0.000000000000000000e+00 0.000000000000000000e+00 0.000000000000000000e+00
2.110000000000168630e+00 0.000000000000000000e+00 0.000000000000000000e+00 0.000000000000000000e+00
2.115000000000168967e+00 0.000000000000000000e+00 0.000000000000000000e+00 0.000000000000000000e+00
2.120000000000169305e+00 0.000000000000000000e+00 0.000000000000000000e+00 0.000000000000000000e+00
2.125000000000170086e+00 0.000000000000000000e+00 0.000000000000000000e+00 0.000000000000000000e+00
2.130000000000170424e+00 0.000000000000000000e+00 0.000000000000000000e+00 0.000000000000000000e+00
2.135000000000170761e+00 0.000000000000000000e+00 0.000000000000000000e+00 0.000000000000000000e+00
2.140000000000171099e+00 0.000000000000000000e+00 0.000000000000000000e+00 0.000000000000000000e+00
2.145000000000171436e+00 0.000000000000000000e+00 0.000000000000000000e+00 0.000000000000000000e+00
2.150000000000171774e+00 0.000000000000000000e+00 0.000000000000000000e+00 0.000000000000000000e+00
2.155000000000172111e+00 0.000000000000000000e+00 0.000000000000000000e+00 0.000000000000000000e+00
2.160000000000172893e+00 0.000000000000000000e+00 0.000000000000000000e+00 0.000000000000000000e+00
2.165000000000173230e+00 0.000000000000000000e+00 0.000000000000000000e+00 0.000000000000000000e+00
2.170000000000173568e+00 0.000000000000000000e+00 0.000000000000000000e+00 0.000000000000000000e+00
2.175000000000173905e+00 0.000000000000000000e+00 0.000000000000000000e+00 0.000000000000000000e+00
2.180000000000174243e+00 0.000000000000000000e+00 0.000000000000000000e+00 0.000000000000000000e+00
2.185000000000174580e+00 0.000000000000000000e+00 0.000000000000000000e+00 0.000000000000000000e+00
2.190000000000174918e+00 0.000000000000000000e+00 0.000000000000000000e+00 0.000000000000000000e+00
2.195000000000175699e+00 0.000000000000000000e+00 0.000000000000000000e+00 0.000000000000000000e+00
2.200000000000176037e+00 0.000000000000000000e+00 0.000000000000000000e+00 0.000000000000000000e+00
2.205000000000176374e+00 0.000000000000000000e+00 0.000000000000000000e+00 0.000000000000000000e+00
2.210000000000176712e+00 0.000000000000000000e+00 0.000000000000000000e+00 0.000000000000000000e+00
2.215000000000177049e+00 0.000000000000000000e+00 0.000000000000000000e+00 0.000000000000000000e+00
2.220000000000177387e+00 0.000000000000000000e+00 0.000000000000000000e+00 0.000000000000000000e+00
2.225000000000177725e+00 0.000000000000000000e+00 0.000000000000000000e+00 0.000000000000000000e+00
2.230000000000178506e+00 0.000000000000000000e+00 0.000000000000000000e+00 0.000000000000000000e+00
2.235000000000178844e+00 0.000000000000000000e+00 0.000000000000000000e+00 0.000000000000000000e+00
2.240000000000179181e+00 0.000000000000000000e+00 0.000000000000000000e+00 0.000000000000000000e+00
2.245000000000179519e+00 0.000000000000000000e+00 0.000000000000000000e+00 0.000000000000000000e+00
2.250000000000179856e+00 0.000000000000000000e+00 0.000000000000000000e+00 0.000000000000000000e+00
2.255000000000180194e+00 0.000000000000000000e+00 0.000000000000000000e+00 0.000000000000000000e+00
2.260000000000180531e+00 0.000000000000000000e+00 0.000000000000000000e+00 0.000000000000000000e+00
2.265000000000181313e+00 0.000000000000000000e+00 0.000000000000000000e+00 0.000000000000000000e+00
2.270000000000181650e+00 0.000000000000000000e+00 0.000000000000000000e+00 0.000000000000000000e+00
2.275000000000181988e+00 0.000000000000000000e+00 0.000000000000000000e+00 0.000000000000000000e+00
2.280000000000182325e+00 0.000000000000000000e+00 0.000000000000000000e+00 0.000000000000000000e+00
2.285000000000182663e+00 0.000000000000000000e+00 0.000000000000000000e+00 0.000000000000000000e+00
2.290000000000183000e+00 0.000000000000000000e+00 0.000000000000000000e+00 0.000000000000000000e+00
2.295000000000183338e+00 0.000000000000000000e+00 0.000000000000000000e+00 0.000000000000000000e+00
2.300000000000184119e+00 0.000000000000000000e+00 0.000000000000000000e+00 0.000000000000000000e+00
2.305000000000184457e+00 0.000000000000000000e+00 0.000000000000000000e+00 0.000000000000000000e+00
2.310000000000184794e+00 0.000000000000000000e+00 0.000000000000000000e+00 0.000000000000000000e+00
2.315000000000185132e+00 0.000000000000000000e+00 0.000000000000000000e+00 0.000000000000000000e+00
2.320000000000185469e+00 0.000000000000000000e+00 0.000000000000000000e+00 0.000000000000000000e+00
2.325000000000185807e+00 0.000000000000000000e+00 0.000000000000000000e+00 0.000000000000000000e+00
2.330000000000186144e+00 0.000000000000000000e+00 0.000000000000000000e+00 0.000000000000000000e+00
2.335000000000186926e+00 0.000000000000000000e+00 0.000000000000000000e+00 0.000000000000000000e+00
2.340000000000187264e+00 0.000000000000000000e+00 0.000000000000000000e+00 0.000000000000000000e+00
2.345000000000187601e+00 0.000000000000000000e+00 0.000000000000000000e+00 0.000000000000000000e+00
2.350000000000187939e+00 0.000000000000000000e+00 0.000000000000000000e+00 0.000000000000000000e+00
2.355000000000188276e+00 0.000000000000000000e+00 0.000000000000000000e+00 0.000000000000000000e+00
2.360000000000188614e+00 0.000000000000000000e+00 0.000000000000000000e+00 0.000000000000000000e+00
2.365000000000188951e+00 0.000000000000000000e+00 0.000000000000000000e+00 0.000000000000000000e+00
2.370000000000189733e+00 0.000000000000000000e+00 0.000000000000000000e+00 0.000000000000000000e+00
2.375000000000190070e+00 0.000000000000000000e+00 0.000000000000000000e+00 0.000000000000000000e+00
2.380000000000190408e+00 0.000000000000000000e+00 0.000000000000000000e+00 0.000000000000000000e+00
2.385000000000190745e+00 0.000000000000000000e+00 0.000000000000000000e+00 0.000000000000000000e+00
2.390000000000191083e+00 0.000000000000000000e+00 0.000000000000000000e+00 0.000000000000000000e+00
2.395000000000191420e+00 0.000000000000000000e+00 0.000000000000000000e+00 0.000000000000000000e+00
2.400000000000191758e+00 0.000000000000000000e+00 0.000000000000000000e+00 0.000000000000000000e+00
2.405000000000192539e+00 0.000000000000000000e+00 0.000000000000000000e+00 0.000000000000000000e+00
2.410000000000192877e+00 0.000000000000000000e+00 0.000000000000000000e+00 0.000000000000000000e+00
2.415000000000193214e+00 0.000000000000000000e+00 0.000000000000000000e+00 0.000000000000000000e+00
2.420000000000193552e+00 0.000000000000000000e+00 0.000000000000000000e+00 0.000000000000000000e+00
2.425000000000193889e+00 0.000000000000000000e+00 0.000000000000000000e+00 0.000000000000000000e+00
2.430000000000194227e+00 0.000000000000000000e+00 0.000000000000000000e+00 0.000000000000000000e+00
2.435000000000194564e+00 0.000000000000000000e+00 0.000000000000000000e+00 0.000000000000000000e+00
2.440000000000194902e+00 0.000000000000000000e+00 0.000000000000000000e+00 0.000000000000000000e+00
2.445000000000195683e+00 0.000000000000000000e+00 0.000000000000000000e+00 0.000000000000000000e+00
2.450000000000196021e+00 0.000000000000000000e+00 0.000000000000000000e+00 0.000000000000000000e+00
2.455000000000196358e+00 0.000000000000000000e+00 0.000000000000000000e+00 0.000000000000000000e+00
2.460000000000196696e+00 0.000000000000000000e+00 0.000000000000000000e+00 0.000000000000000000e+00
2.465000000000197034e+00 0.000000000000000000e+00 0.000000000000000000e+00 0.000000000000000000e+00
2.470000000000197371e+00 0.000000000000000000e+00 0.000000000000000000e+00 0.000000000000000000e+00
2.475000000000197709e+00 0.000000000000000000e+00 0.000000000000000000e+00 0.000000000000000000e+00
2.480000000000198490e+00 0.000000000000000000e+00 0.000000000000000000e+00 0.000000000000000000e+00
2.485000000000198828e+00 0.000000000000000000e+00 0.000000000000000000e+00 0.000000000000000000e+00
2.490000000000199165e+00 0.000000000000000000e+00 0.000000000000000000e+00 0.000000000000000000e+00
2.495000000000199503e+00 0.000000000000000000e+00 0.000000000000000000e+00 0.000000000000000000e+00
2.500000000000199840e+00 0.000000000000000000e+00 0.000000000000000000e+00 0.000000000000000000e+00
2.505000000000200178e+00 0.000000000000000000e+00 0.000000000000000000e+00 0.000000000000000000e+00
2.510000000000200515e+00 0.000000000000000000e+00 0.000000000000000000e+00 0.000000000000000000e+00
2.515000000000201297e+00 0.000000000000000000e+00 0.000000000000000000e+00 0.000000000000000000e+00
2.520000000000201634e+00 0.000000000000000000e+00 0.000000000000000000e+00 0.000000000000000000e+00
2.525000000000201972e+00 0.000000000000000000e+00 0.000000000000000000e+00 0.000000000000000000e+00
2.530000000000202309e+00 0.000000000000000000e+00 0.000000000000000000e+00 0.000000000000000000e+00
2.535000000000202647e+00 0.000000000000000000e+00 0.000000000000000000e+00 0.000000000000000000e+00
2.540000000000202984e+00 0.000000000000000000e+00 0.000000000000000000e+00 0.000000000000000000e+00
2.545000000000203322e+00 0.000000000000000000e+00 0.000000000000000000e+00 0.000000000000000000e+00
2.550000000000204103e+00 0.000000000000000000e+00 0.000000000000000000e+00 0.000000000000000000e+00
2.555000000000204441e+00 0.000000000000000000e+00 0.000000000000000000e+00 0.000000000000000000e+00
2.560000000000204778e+00 0.000000000000000000e+00 0.000000000000000000e+00 0.000000000000000000e+00
