5.000000000000399958e-03 2.281135648210876296e-11 6.462348535570528710e-27 6.462348535570528710e-27
1.000000000000079992e-02 2.491862686910286728e-11 1.648166642367058741e-13 2.065670553530537299e-13
1.500000000000119987e-02 3.251785203936577937e-11 2.049903018383368052e-13 3.146580761117859193e-13
2.000000000000159983e-02 4.672262107018165001e-11 2.808517110809826036e-13 4.977966968389108843e-13
2.500000000000199979e-02 6.991919062539495595e-11 3.664576905698770912e-13 7.261958842266543888e-13
3.000000000000239975e-02 1.056707222862785103e-10 6.506600307089850994e-13 1.412455243535884321e-12
3.500000000000279970e-02 1.589530130234012032e-10 1.041692173085350543e-12 2.442493191150089800e-12
4.000000000000319966e-02 2.364090487487770550e-10 1.676301038298603329e-12 4.201863579392750392e-12
4.500000000000359962e-02 3.466689849276346007e-10 2.545191927183608065e-12 6.766852848945597173e-12
5.000000000000399958e-02 5.007016444390242289e-10 3.723911615194430333e-12 1.043624594690391888e-11
5.500000000000439954e-02 7.122003028664249172e-10 5.307532902228043859e-12 1.560033693680126906e-11
6.000000000000479949e-02 9.979650082947331697e-10 7.278085218793218174e-12 2.234357696130588427e-11
6.500000000000519251e-02 1.378386598960125594e-09 9.778043890671633044e-12 3.124414172968435529e-11
7.000000000000558553e-02 1.877914647126623135e-09 1.282645834210361605e-11 4.253199101984112230e-11
7.500000000000600631e-02 2.525557212941999260e-09 1.655255031593630896e-11 5.681401569642569787e-11
8.000000000000639933e-02 3.355356471820200674e-09 2.104919423275917418e-11 7.461745075262733900e-11
8.500000000000679234e-02 4.406847318152194307e-09 2.634644401343553003e-11 9.627009669669496274e-11
9.000000000000718536e-02 5.725495188411583273e-09 3.263192655036996007e-11 1.226941646202639848e-10
9.500000000000760614e-02 7.363057556608370369e-09 3.994902646130553650e-11 1.543220349290004080e-10
1.000000000000079992e-01 9.378357002390278320e-09 4.855121026073928793e-11 1.924243369582047696e-10
1.050000000000083922e-01 1.183784078723044767e-08 5.858188239276947912e-11 2.379128561092567067e-10
1.100000000000087852e-01 1.481638507234855034e-08 7.021927510279421859e-11 2.918855684240556277e-10
1.150000000000092060e-01 1.839775028035107084e-08 8.375028320908867635e-11 3.559550371125677806e-10
1.200000000000095990e-01 2.267522247051011384e-08 9.922787280814196719e-11 4.308084795067356939e-10
1.250000000000099920e-01 2.775192634605009823e-08 1.169025540014612073e-10 5.180109550514705561e-10
1.300000000000103850e-01 3.374136216117434946e-08 1.368184345439959629e-10 6.182672349001530587e-10
1.350000000000107780e-01 4.076860808495205781e-08 1.591524583720265725e-10 7.328923257934935333e-10
1.400000000000111988e-01 4.897141841382521545e-08 1.841974409231496839e-10 8.637887600701048286e-10
1.450000000000115918e-01 5.850162061049132180e-08 2.120370838965072675e-10 1.011942328699772539e-09
1.500000000000119849e-01 6.952558942360434139e-08 2.429716080005441166e-10 1.179399925273002336e-09
1.550000000000124056e-01 8.222405711506911214e-08 2.769646828472854384e-10 1.366627580416119865e-09
1.600000000000127987e-01 9.679209197083866764e-08 3.141783613159493106e-10 1.575056727503648992e-09
1.650000000000131917e-01 1.134381891697604875e-07 3.546052201330784558e-10 1.805290243958865021e-09
1.700000000000135847e-01 1.323857054697481079e-07 3.982750564686876009e-10 2.058104902063679213e-09
1.750000000000139777e-01 1.538743394117458432e-07 4.455688392359582855e-10 2.336112610593769637e-09
1.800000000000143985e-01 1.781615349159656609e-07 4.967303092785462380e-10 2.641294648626847426e-09
1.850000000000147915e-01 2.055249881824227249e-07 5.526019977166572039e-10 2.978915974256404175e-09
1.900000000000151845e-01 2.362650270962139137e-07 6.134997924673330423e-10 3.351592108208623848e-09
1.950000000000156053e-01 2.707031134153212959e-07 6.798492757264875660e-10 3.762615874106534828e-09
2.000000000000159983e-01 3.091834647185575166e-07 7.517935087572577736e-10 4.213796013129577336e-09
2.050000000000163913e-01 3.520693493468590089e-07 8.290014913092686604e-10 4.704269359681691773e-09
2.100000000000167844e-01 3.997403022828142840e-07 9.117304828950291414e-10 5.236439149870406339e-09
2.150000000000171774e-01 4.525966504060257599e-07 9.998779934498303689e-10 5.810669555985316388e-09
2.200000000000175981e-01 5.110593150582275611e-07 1.094083211994710933e-09 6.431638600619989137e-09
2.250000000000179912e-01 5.755807665856866975e-07 1.194884598569764739e-09 7.103578120501107142e-09
2.300000000000183842e-01 6.466453156915076750e-07 1.302649335933987083e-09 7.829812802504361617e-09
2.350000000000188050e-01 7.247766639042258566e-07 1.417709338174410542e-09 8.613527996360647167e-09
2.400000000000191980e-01 8.105292315519478001e-07 1.539688121179386037e-09 9.453623857865269871e-09
2.450000000000195910e-01 9.044804344605558970e-07 1.668630633026866209e-09 1.035149776936623724e-08
2.500000000000199840e-01 1.007226794702914808e-06 1.804496076069702848e-09 1.130800221434297445e-08
2.550000000000203770e-01 1.119374990145971881e-06 1.948182977531371926e-09 1.232990621012474705e-08
2.600000000000207701e-01 1.241552805241672378e-06 2.101047878483411046e-09 1.342711045893644214e-08
2.650000000000211631e-01 1.374419677600046227e-06 2.263587050357332851e-09 1.460427749031589587e-08
2.700000000000216116e-01 1.518682648377777874e-06 2.436065032214425606e-09 1.586465742146359991e-08
2.750000000000220046e-01 1.675093721438446539e-06 2.618205745653323964e-09 1.720798651378907596e-08
2.800000000000223976e-01 1.844461296882370397e-06 2.809930624976448335e-09 1.863522118425626030e-08
2.850000000000227907e-01 2.027626611090987373e-06 3.011526751734907151e-09 2.014972363546270823e-08
2.900000000000231837e-01 2.225463123166113614e-06 3.223816185387443130e-09 2.175851284645813922e-08
2.950000000000235767e-01 2.438874733419931609e-06 3.447488225441973671e-09 2.346787347363378654e-08
3.000000000000239697e-01 2.668774608971829674e-06 3.683494501727570693e-09 2.528602667799957897e-08
3.050000000000244182e-01 2.916109423023353865e-06 3.933114487790295170e-09 2.722365588567176333e-08
3.100000000000248113e-01 3.181849295522300378e-06 4.197349128790388394e-09 2.928976451696215465e-08
3.150000000000252043e-01 3.467007880257443177e-06 4.476465680826006573e-09 3.148839137415325894e-08
3.200000000000255973e-01 3.772632926059627202e-06 4.771060911860920202e-09 3.382594114453203659e-08
3.250000000000259903e-01 4.099844161061176647e-06 5.079551887957732678e-09 3.629334691811704134e-08
3.300000000000263833e-01 4.449801851078700571e-06 5.403292102560199382e-09 3.890230680672549295e-08
3.350000000000267764e-01 4.823726216907667265e-06 5.741635069379841391e-09 4.165028024330061448e-08
3.400000000000271694e-01 5.222892428321437633e-06 6.097091591233837009e-09 4.455763341400907788e-08
3.450000000000275624e-01 5.648504637329103628e-06 6.463942221990178644e-09 4.758465795493060352e-08
3.500000000000280109e-01 6.101489208867609677e-06 6.828177419729118175e-09 5.062893101682546654e-08
3.550000000000284039e-01 6.582263699220747154e-06 7.174068371320837245e-09 5.357221787013226156e-08
3.600000000000287970e-01 7.090111557210016302e-06 7.476306733634298998e-09 5.622096554502786605e-08
3.650000000000291900e-01 7.622382534553472953e-06 7.698667356134492845e-09 5.829374083011740374e-08
3.700000000000295830e-01 8.173406398264766493e-06 7.793847224343779288e-09 5.941726935461057993e-08
3.750000000000299760e-01 8.733507018191610869e-06 7.707067936236583260e-09 5.915136344331925490e-08
3.800000000000303690e-01 9.288448163223965876e-06 7.388480967868787854e-09 5.708301398033316569e-08
3.850000000000308176e-01 9.819995680886992997e-06 6.808578812519861339e-09 5.294766010471686631e-08
3.900000000000312106e-01 1.030780820671134857e-05 5.976423817610450556e-09 4.677713620752797519e-08
3.950000000000316036e-01 1.073253579234573214e-05 4.946711053135995657e-09 3.896503130213922494e-08
4.000000000000319966e-01 1.107948499161360491e-05 3.811589270977250120e-09 3.021315160985386777e-08
4.050000000000323896e-01 1.134138856125569623e-05 2.686183823005348150e-09 2.142511587596754496e-08
4.100000000000327827e-01 1.151962138359655594e-05 1.670029002093128596e-09 1.340219338215866406e-08
4.150000000000331757e-01 1.162325555206790735e-05 8.503816552720884937e-10 6.865906260234663498e-09
4.200000000000335687e-01 1.166633151254688383e-05 3.172950115571235404e-10 2.577198251249506373e-09
4.250000000000339617e-01 1.166465242768786424e-05 3.724342281885142141e-10 3.043014284852586262e-09
4.300000000000344103e-01 1.163287327822100009e-05 5.940499876762996170e-10 4.882217887046327074e-09
4.350000000000348033e-01 1.158280455250894047e-05 7.299832747298852109e-10 6.034169102348061130e-09
4.400000000000351963e-01 1.152285683524376385e-05 7.948802609390466258e-10 6.608273197170125538e-09
4.450000000000355893e-01 1.145843902159672989e-05 8.155416933471585754e-10 6.818457103605534243e-09
4.500000000000359823e-01 1.139273952361314566e-05 8.118500914543476412e-10 6.825618947450482451e-09
4.550000000000363753e-01 1.132754911043750271e-05 7.955726210415812383e-10 6.725823490158273854e-09
4.600000000000367684e-01 1.126392376301606628e-05 7.695032169372207343e-10 6.541077490073581546e-09
4.650000000000372169e-01 1.120259985333823413e-05 7.332920704833586236e-10 6.267053522221437530e-09
4.700000000000376099e-01 1.114419742799802932e-05 6.894003490659734246e-10 5.923526919529086952e-09
4.750000000000380029e-01 1.108940288764254740e-05 6.368134218716936569e-10 5.500712561872678954e-09
4.800000000000383960e-01 1.103904065789278892e-05 5.739475458328755353e-10 4.983709970583890271e-09
4.850000000000387890e-01 1.099408799779123877e-05 4.989741614828385082e-10 4.355207634562029588e-09
4.900000000000391820e-01 1.095568291090445419e-05 4.099532089365372054e-10 3.596601066786263711e-09
4.950000000000395750e-01 1.092514115471040210e-05 3.050088238298622943e-10 2.689521011793928706e-09
5.000000000000399680e-01 1.090398230443438167e-05 1.838234983201691043e-10 1.629093337422601987e-09
5.050000000000404166e-01 1.089395699001270746e-05 6.449936280583792161e-11 5.744616639004108958e-10
5.100000000000408651e-01 1.089714816260431421e-05 1.588048311187338029e-10 1.421375210469224272e-09
5.150000000000412026e-01 1.091609692759580716e-05 3.596802465635618660e-10 3.235043615592010789e-09
5.200000000000416511e-01 1.095402968968253839e-05 6.066105125268559644e-10 5.482410400197088206e-09
5.250000000000419886e-01 1.101532523960502207e-05 9.079184316047043732e-10 8.244919562019475650e-09
5.300000000000424372e-01 1.110649082256429191e-05 1.302991460093441378e-09 1.188883891264867654e-08
5.350000000000428857e-01 1.123804463117153055e-05 1.865317985897338707e-09 1.709974788750848580e-08
5.400000000000432232e-01 1.142675663529696037e-05 2.683183030856091285e-09 2.471195572005559677e-08
5.450000000000436717e-01 1.169957721175432624e-05 3.897593099362130978e-09 3.606240507709809259e-08
5.500000000000440092e-01 1.209884544967377247e-05 5.719401488977422512e-09 5.316084400350814438e-08
5.550000000000444578e-01 1.268847232301837830e-05 8.402010524689959662e-09 7.844940450630335595e-08
5.600000000000447953e-01 1.355889509094697064e-05 1.223821331878559130e-08 1.147815198205467603e-07
5.650000000000452438e-01 1.482755500397553935e-05 1.746831608991667941e-08 1.645641399218092723e-07
5.700000000000456923e-01 1.663240915060815498e-05 2.421680817671208259e-08 2.291470486669402919e-07
5.750000000000460298e-01 1.911703747545067720e-05 3.234056304543523231e-08 3.073558173845052470e-07
5.800000000000464784e-01 2.240577795937489852e-05 4.149267334533143958e-08 3.960457455597494674e-07
5.850000000000468159e-01 2.658084408875589173e-05 5.109547382852925163e-08 4.898017161388371005e-07
5.900000000000472644e-01 3.166271517355086955e-05 6.047856384992373648e-08 5.822203942455232810e-07
5.950000000000476019e-01 3.760777503281005255e-05 6.899635743969279373e-08 6.670287986666039101e-07
6.000000000000480505e-01 4.431835025139040253e-05 7.623159990629612871e-08 7.400662486682454454e-07
6.050000000000484990e-01 5.166759118967920004e-05 8.201929244957719111e-08 7.995647591294254689e-07
6.100000000000488365e-01 5.952627791807697853e-05 8.647597075203396369e-08 8.464870179468049419e-07
6.150000000000492850e-01 6.778572056275013527e-05 8.987436416297337242e-08 8.833510452922596767e-07
6.200000000000496225e-01 7.636833917210126416e-05 9.259864254496767659e-08 9.138194625400895089e-07
6.250000000000500711e-01 8.522958276675223388e-05 9.499201777436059417e-08 9.412111427495345404e-07
6.300000000000504086e-01 9.435246969534753748e-05 9.728032233797053826e-08 9.677322497912315313e-07
6.350000000000508571e-01 1.037363323825848320e-04 9.961985896007592861e-08 9.949304522296413534e-07
6.400000000000511946e-01 1.133897636499627177e-04 1.020162207443930507e-07 1.022866973555613728e-06
6.450000000000516431e-01 1.233201512298086019e-04 1.044179784191422254e-07 1.051029913326803057e-06
6.500000000000520917e-01 1.335294294158020857e-04 1.066608925593709333e-07 1.077759427519146675e-06
6.550000000000524292e-01 1.440074077885374537e-04 1.086012862487929386e-07 1.101578770050576158e-06
6.600000000000528777e-01 1.547284443656278443e-04 1.100941450295405946e-07 1.120975522380822074e-06
6.650000000000532152e-01 1.656499124655986567e-04 1.110095821689510365e-07 1.134569825732491886e-06
6.700000000000536637e-01 1.767110517786328367e-04 1.112782216312433563e-07 1.141583061792589979e-06
6.750000000000540012e-01 1.878361829244810997e-04 1.108268590990392828e-07 1.141187090615807930e-06
6.800000000000544498e-01 1.989385738738338278e-04 1.096215628497691944e-07 1.132949062255568980e-06
6.850000000000547873e-01 2.099265671356262040e-04 1.076582653017165425e-07 1.116741362310722969e-06
6.900000000000552358e-01 2.207098021907872979e-04 1.049716366374659830e-07 1.092839672126218350e-06
6.950000000000556843e-01 2.312051642940353056e-04 1.016246872504435562e-07 1.061821617573382758e-06
7.000000000000560219e-01 2.413405135846200802e-04 9.766532096694471903e-08 1.024116445484839022e-06
7.050000000000564704e-01 2.510553634549405428e-04 9.314288946103698586e-08 9.801763136787309935e-07
7.100000000000568079e-01 2.603007903090456213e-04 8.808574003462933593e-08 9.302393790726271668e-07
7.150000000000572564e-01 2.690353017016500333e-04 8.254380835259483460e-08 8.747772130087610773e-07
7.200000000000575939e-01 2.772221635657898557e-04 7.657516832770627053e-08 8.143557119171189418e-07
7.250000000000580425e-01 2.848272611096564410e-04 7.023803651531612593e-08 7.495512008653454791e-07
7.300000000000584910e-01 2.918165134977240231e-04 6.359797637257921139e-08 6.810275258054635608e-07
7.350000000000588285e-01 2.981558807861329737e-04 5.669274272814796284e-08 6.091595766947796556e-07
7.400000000000592770e-01 3.038106123560075961e-04 4.957380373066002152e-08 5.344757943261538429e-07
7.450000000000596145e-01 3.087485795478758007e-04 4.225291622273743909e-08 4.570826782697458881e-07
7.500000000000600631e-01 3.129389144720970233e-04 3.480581073552831224e-08 3.777829247122037293e-07
7.550000000000604006e-01 3.163571797635867950e-04 2.730406006491465304e-08 2.973450033961733809e-07
7.600000000000608491e-01 3.189864143360936449e-04 1.982888229280863298e-08 2.166531308507780203e-07
7.650000000000612976e-01 3.208210556287756170e-04 1.256328014998591695e-08 1.377189491967155314e-07
7.700000000000616351e-01 3.218719975704894794e-04 5.872724464792043794e-09 6.458697231046062927e-08
7.750000000000620837e-01 3.221702102353790056e-04 3.220552246125060326e-09 3.553375787461856477e-08
7.800000000000624212e-01 3.217686262213180731e-04 7.978802030390984224e-09 8.831712630368524336e-08
7.850000000000628697e-01 3.207456215052765440e-04 1.287305806991249390e-08 1.429474772296756564e-07
7.900000000000632072e-01 3.191988837884051191e-04 1.687880411730242528e-08 1.880248094729620879e-07
7.950000000000636557e-01 3.172406030358073704e-04 1.982770480610349357e-08 2.215725456646880474e-07
8.000000000000639933e-01 3.149872837598334183e-04 2.175310793031079538e-08 2.438519577575060199e-07
8.050000000000644418e-01 3.125482337769171530e-04 2.275437429025976135e-08 2.558720073763507695e-07
8.100000000000648903e-01 3.100177427931008955e-04 2.302109813624921634e-08 2.596740097562082837e-07
8.150000000000652278e-01 3.074693303683899729e-04 2.274459012800389479e-08 2.573456655463040731e-07
8.200000000000656764e-01 3.049557088064338314e-04 2.210938805052185346e-08 2.509248001547463759e-07
8.250000000000660139e-01 3.025112829911097033e-04 2.125676860204105034e-08 2.419826105678023870e-07
8.300000000000664624e-01 3.001570995914638797e-04 2.028436712441711544e-08 2.316116747465757975e-07
8.350000000000667999e-01 2.979054153349197783e-04 1.925262878389326935e-08 2.204921911966631747e-07
8.400000000000672484e-01 2.957631169213027116e-04 1.819628966786297870e-08 2.090173914041446849e-07
8.450000000000675859e-01 2.937337161149739754e-04 1.713109546641089724e-08 1.973664948428630179e-07
8.500000000000680345e-01 2.918187302506684779e-04 1.606771918207901805e-08 1.856622606877107105e-07
8.550000000000684830e-01 2.900181930428303244e-04 1.501842967150238601e-08 1.740473924131205894e-07
8.600000000000688205e-01 2.883307946728603383e-04 1.399415574680676218e-08 1.626506739669875001e-07
8.650000000000692690e-01 2.867543405484263312e-04 1.300707805808825922e-08 1.516169440214434421e-07
8.700000000000696065e-01 2.852860864063719044e-04 1.206080663742757435e-08 1.409924702391822590e-07
8.750000000000700551e-01 2.839228528402896372e-04 1.115656234854819102e-08 1.307959696589642587e-07
8.800000000000703926e-01 2.826610066986925138e-04 1.029276317695301159e-08 1.210133420020908706e-07
8.850000000000708411e-01 2.814969632713270730e-04 9.467146088588829959e-09 1.116222192139481666e-07
8.900000000000712896e-01 2.804266704022620937e-04 8.674364170217931882e-09 1.025634433032297968e-07
8.950000000000716271e-01 2.794460080479800146e-04 7.915671479287692648e-09 9.385538979920109989e-08
9.000000000000720757e-01 2.785505926801967172e-04 7.191923571217012738e-09 8.551184103630491468e-08
9.050000000000724132e-01 2.777355507835174101e-04 6.511746731065871529e-09 7.763932104048621381e-08
9.100000000000728617e-01 2.769954152906307552e-04 5.881041657524835459e-09 7.031288055798547243e-08
9.150000000000731992e-01 2.763238286715217324e-04 5.308522589961099294e-09 6.364204925438397953e-08
9.200000000000736478e-01 2.757133706250169177e-04 4.808019435903648264e-09 5.779896568547581117e-08
9.250000000000740963e-01 2.751558877900737326e-04 4.382848633816018583e-09 5.283081093259530945e-08
9.300000000000744338e-01 2.746426824073473901e-04 4.039661404329022147e-09 4.882546384506140608e-08
9.350000000000748823e-01 2.741648578643142257e-04 3.776861060506031763e-09 4.577166942278599196e-08
9.400000000000752198e-01 2.737136115895690003e-04 3.592756274498745879e-09 4.365677211993961243e-08
9.450000000000756684e-01 2.732801645245471291e-04 3.486447601302176828e-09 4.247750358753132977e-08
9.500000000000760059e-01 2.728558439146858703e-04 3.455283004734753091e-09 4.220902935679867643e-08
9.550000000000764544e-01 2.724319537667793754e-04 3.497041476875853111e-09 4.283141356211776269e-08
9.600000000000767919e-01 2.719997100804615346e-04 3.609808105774756080e-09 4.432815654241414603e-08
9.650000000000772404e-01 2.715502293599770427e-04 3.791996192585210648e-09 4.668651837068160734e-08
9.700000000000776890e-01 2.710743071994271922e-04 4.042538500167436574e-09 4.989993390318750468e-08
9.750000000000780265e-01 2.705625966933867740e-04 4.364906543438228193e-09 5.401783772566959543e-08
9.800000000000784750e-01 2.700052204221036660e-04 4.760130406647653024e-09 5.905978029052787728e-08
9.850000000000788125e-01 2.693923139096105705e-04 5.231240466825351167e-09 6.507028931030252881e-08
9.900000000000792610e-01 2.687139474560045621e-04 5.775904150404517747e-09 7.202736272778460817e-08
9.950000000000795985e-01 2.679607726501334651e-04 6.392572758383147975e-09 7.991846957387678144e-08
1.000000000000079936e+00 2.671239454632947014e-04 7.073096633183029449e-09 8.864812004967310830e-08
1.005000000000080274e+00 2.661955287601536040e-04 7.814139144835354126e-09 9.818024460190365848e-08
1.010000000000080833e+00 2.651678061661833603e-04 8.605578085815937597e-09 1.083928598935068405e-07
1.015000000000081171e+00 2.640338591164248083e-04 9.451954440003408549e-09 1.193478443520360325e-07
1.020000000000081508e+00 2.627863294872809252e-04 1.034832218162015719e-08 1.309875339258017784e-07
1.025000000000081846e+00 2.614186725082655706e-04 1.129301611792067849e-08 1.432952581509367679e-07
1.030000000000082405e+00 2.599245574923149263e-04 1.227838029932637682e-08 1.561779189303313362e-07
1.035000000000082743e+00 2.582986289045610369e-04 1.330234212167699633e-08 1.696126449549160700e-07
1.040000000000083080e+00 2.565360285932363109e-04 1.434670970653766280e-08 1.833702676885454555e-07
1.045000000000083418e+00 2.546333765722911852e-04 1.540550452567243538e-08 1.973758483309543654e-07
1.050000000000083977e+00 2.525887127469223425e-04 1.646801033963604048e-08 2.114928643233434287e-07
1.055000000000084315e+00 2.504011028654534363e-04 1.752273377700468204e-08 2.255734755824275640e-07
1.060000000000084652e+00 2.480710097600378203e-04 1.856700983248713796e-08 2.395823599682287634e-07
1.065000000000085212e+00 2.455990800217471405e-04 1.958503581384773585e-08 2.533139531525262577e-07
1.070000000000085549e+00 2.429876159689977960e-04 2.058763201868095492e-08 2.669059309878220046e-07
1.075000000000085887e+00 2.402385462456509656e-04 2.156773070157883647e-08 2.802648433049283024e-07
1.080000000000086224e+00 2.373536827454377027e-04 2.252064126056803891e-08 2.933273568528786238e-07
1.085000000000086784e+00 2.343350607223037706e-04 2.344908687416523700e-08 3.061263710539306607e-07
1.090000000000087121e+00 2.311847423477207306e-04 2.435479923937187898e-08 3.186821521727093462e-07
1.095000000000087459e+00 2.279053344604526406e-04 2.523353532588375715e-08 3.309368276049686145e-07
1.100000000000088018e+00 2.244998273759184486e-04 2.607473526507622631e-08 3.427489940673772612e-07
1.105000000000088356e+00 2.209724629339968798e-04 2.687046835050972322e-08 3.540106388170556205e-07
1.110000000000088693e+00 2.173280994491239341e-04 2.761110811162912173e-08 3.645904296030025223e-07
1.115000000000089031e+00 2.135722807776295885e-04 2.828882230237958091e-08 3.743796550844833975e-07
1.120000000000089591e+00 2.097115616395066426e-04 2.891857321458362964e-08 3.835710415031270925e-07
1.125000000000089928e+00 2.057514812658559999e-04 2.948846410717121233e-08 3.920020632303509628e-07
1.130000000000090266e+00 2.016984997209342486e-04 3.000786045573008437e-08 3.997920850249794266e-07
1.135000000000090825e+00 1.975591115816368172e-04 3.047829279171992608e-08 4.069569840592763225e-07
1.140000000000091163e+00 1.933397963250396007e-04 3.089281480424346097e-08 4.133994029894849736e-07
1.145000000000091500e+00 1.890484901128222715e-04 3.125766230815381470e-08 4.191979757397801611e-07
1.150000000000091838e+00 1.846935304960561431e-04 3.157704317229963968e-08 4.244048317257317047e-07
1.155000000000092397e+00 1.802837896345156198e-04 3.186416793460263153e-08 4.291938723939462463e-07
1.160000000000092735e+00 1.758280875124464517e-04 3.213205526173532521e-08 4.337379658087091480e-07
1.165000000000093072e+00 1.713339741026568479e-04 3.238783202857462798e-08 4.381318036719135925e-07
1.170000000000093632e+00 1.668077436066121486e-04 3.263433485923335855e-08 4.424127503754421911e-07
1.175000000000093969e+00 1.622540213067855683e-04 3.285805871890269761e-08 4.463964921591661270e-07
1.180000000000094307e+00 1.576767857936410794e-04 3.303911641775832330e-08 4.498102694306995236e-07
1.185000000000094644e+00 1.530798631711069945e-04 3.315079054838575580e-08 4.522858524624966884e-07
1.190000000000095204e+00 1.484680799455125196e-04 3.317425931417855207e-08 4.535599035912076742e-07
1.195000000000095541e+00 1.438476015853994497e-04 3.309769182857396893e-08 4.534627308386089817e-07
1.200000000000095879e+00 1.392257856177126310e-04 3.291793627870145769e-08 4.519424771979727172e-07
1.205000000000096438e+00 1.346108883233869229e-04 3.264573588946156695e-08 4.491381282237807007e-07
1.210000000000096776e+00 1.300112367216982594e-04 3.229327915121844584e-08 4.452098563054955694e-07
1.215000000000097113e+00 1.254349842646938426e-04 3.187429568419859511e-08 4.403405439534404508e-07
1.220000000000097451e+00 1.208901975789017423e-04 3.141086593619364282e-08 4.348302638900948692e-07
1.225000000000098010e+00 1.163848735988408389e-04 3.091771682767719367e-08 4.288796087897672405e-07
1.230000000000098348e+00 1.119266365966585649e-04 3.069480588401543006e-08 4.266555363238140684e-07
1.235000000000098686e+00 1.075207621346102778e-04 3.121790526477800757e-08 4.348076492118354314e-07
1.240000000000099023e+00 1.031723597169068496e-04 3.313967143689653227e-08 4.625077127362638966e-07
1.245000000000099583e+00 9.888039560681927804e-05 3.807353562662608848e-08 5.324365035987988666e-07
1.250000000000099920e+00 9.463512814073362419e-05 4.897418764506417698e-08 6.862497289520491112e-07
1.255000000000100258e+00 9.041420160058147608e-05 7.037964688990768896e-08 9.881636746394214285e-07
1.260000000000100817e+00 8.618306237393594314e-05 1.080167644733037712e-07 1.519624809935999490e-06
1.265000000000101155e+00 8.189744796877729922e-05 1.677424664943764877e-07 2.364548497251932621e-06
1.270000000000101492e+00 7.751438684168752502e-05 2.540606322449417612e-07 3.588386164400071893e-06
1.275000000000101830e+00 7.300486580731513245e-05 3.682293792978533454e-07 5.211148710169635129e-06
1.280000000000102389e+00 6.836953639775376500e-05 5.067454019706116673e-07 7.185462713212081608e-06
1.285000000000102727e+00 6.039479903034220801e-05 1.339970378893223343e-06 1.903735902794970156e-05
1.290000000000103064e+00 5.426094516282425298e-05 1.580390276293648562e-06 2.249671687000696230e-05
1.295000000000103624e+00 4.944002444162658009e-05 1.650581607080293860e-06 2.354137492503738044e-05
1.300000000000103961e+00 4.529464605863587354e-05 1.661507758560134709e-06 2.374291229567917680e-05
1.305000000000104299e+00 4.159624321022920436e-05 1.643654086616954582e-06 2.353290915092786867e-05
1.310000000000104636e+00 3.829177521704105576e-05 1.605732574969467681e-06 2.303397038864956985e-05
1.315000000000105196e+00 3.521674243438997721e-05 1.561158573879755891e-06 2.243726066906968862e-05
1.320000000000105533e+00 3.247014261869797844e-05 1.504989672115261074e-06 2.167107343237651557e-05
1.325000000000105871e+00 2.990927391295999612e-05 1.446615774207811793e-06 2.086993392516653091e-05
1.330000000000106430e+00 2.752062211040977457e-05 1.386774339118030004e-06 2.004433054133751915e-05
1.335000000000106768e+00 2.539244655738660234e-05 1.321566118096134740e-06 1.913768787382212521e-05
1.340000000000107105e+00 2.340429291994350401e-05 1.257073917630179107e-06 1.823782958100676584e-05
1.345000000000107443e+00 2.154772945214744733e-05 1.193548368217747606e-06 1.734846698901503780e-05
1.350000000000108002e+00 1.981505737590267993e-05 1.131222392498528847e-06 1.647308032603863982e-05
1.355000000000108340e+00 1.819795608515193137e-05 1.070237829165550518e-06 1.561384572086063307e-05
1.360000000000108678e+00 1.676554741780914113e-05 1.008263868395861224e-06 1.473681382683052687e-05
1.365000000000109015e+00 1.542643265823957554e-05 9.484650548953544569e-07 1.388825233698184203e-05
1.370000000000109575e+00 1.410949885772152273e-05 8.928116042672215379e-07 1.309724792047747408e-05
1.375000000000109912e+00 1.294675815243777637e-05 8.371918283901352308e-07 1.230371515750771098e-05
1.380000000000110250e+00 1.186285731045426875e-05 7.838097941724450779e-07 1.154011582298361263e-05
1.385000000000110809e+00 1.085348156460100881e-05 7.326598795890183820e-07 1.080655418673404431e-05
1.390000000000111147e+00 9.914252748589527523e-06 6.837171860110230686e-07 1.010284837691222336e-05
1.395000000000111484e+00 9.089394428307546089e-06 6.359415622294970296e-07 9.413784489139564280e-06
1.400000000000111822e+00 8.275281342156873539e-06 5.914366934123859069e-07 8.770658906746141534e-06
1.405000000000112381e+00 7.519014310694051973e-06 5.489685389780322724e-07 8.155405442370981722e-06
1.410000000000112719e+00 6.856785928496163872e-06 5.078630530757271343e-07 7.558160568391916229e-06
1.415000000000113056e+00 6.203783886088486141e-06 4.694344777736116846e-07 6.998631735945934873e-06
1.420000000000113616e+00 5.633062091030760987e-06 4.324356781885659636e-07 6.458410254172417793e-06
1.425000000000113953e+00 5.102549660207392627e-06 3.974180398833241811e-07 5.945863676448365939e-06
1.430000000000114291e+00 4.581940133080914429e-06 3.646623330030641716e-07 5.465361125487296912e-06
1.435000000000114628e+00 4.128313339401544580e-06 3.333763768526342911e-07 5.005191650277281262e-06
1.440000000000115188e+00 3.708395851070745275e-06 3.038777252551414625e-07 4.570250988930713638e-06
1.445000000000115525e+00 3.297665937527182500e-06 2.762482590482983874e-07 4.161916969727025271e-06
1.450000000000115863e+00 2.941283681485419014e-06 2.500737520793435549e-07 3.774088239415119630e-06
1.455000000000116422e+00 2.612769654671356651e-06 2.254847831461558700e-07 3.408856143145429976e-06
1.460000000000116760e+00 2.310555192333119888e-06 2.024273819103945809e-07 3.065530381333075914e-06
1.465000000000117097e+00 2.033427836712805809e-06 1.808746260456592613e-07 2.743824926046006055e-06
1.470000000000117435e+00 1.780775751844926569e-06 1.608509823814954369e-07 2.444231425611875635e-06
1.475000000000117995e+00 1.552337358702328949e-06 1.424126620066690453e-07 2.167726830969996017e-06
1.480000000000118332e+00 1.348236209857667043e-06 1.256532017742166034e-07 1.915862582414546977e-06
1.485000000000118670e+00 1.168870318360604424e-06 1.106957094776728525e-07 1.690650952288445556e-06
1.490000000000119229e+00 1.014166498415876220e-06 9.762266605077333147e-08 1.493494875130727588e-06
1.495000000000119567e+00 8.911443354822982572e-07 8.649480340353736987e-08 1.325471978171843343e-06
1.500000000000119904e+00 7.818838748612566767e-07 7.716969794532191742e-08 1.184547194274214782e-06
1.505000000000120242e+00 6.924630428868318673e-07 6.951191976621645312e-08 1.068777915880377748e-06
1.510000000000120801e+00 6.196628586786070325e-07 6.327993220473557898e-08 9.745730943435124892e-07
1.515000000000121139e+00 5.650641984985074109e-07 5.822271519429019707e-08 8.981703405715060643e-07
1.520000000000121476e+00 5.151489174615127233e-07 5.401245964403105738e-08 8.345948246684744713e-07
1.525000000000122036e+00 4.726201976195856811e-07 5.043822007098191889e-08 7.806468517303730096e-07
1.530000000000122373e+00 4.395077889127026895e-07 4.734342625460216843e-08 7.339480798949876091e-07
1.535000000000122711e+00 4.061249511887793972e-07 4.454626643600122914e-08 6.917122050202473658e-07
1.540000000000123048e+00 3.757256898189018406e-07 4.198101465855745083e-08 6.529399324584676342e-07
1.545000000000123608e+00 3.512956692574818048e-07 3.963468530550740606e-08 6.174468718174853595e-07
1.550000000000123945e+00 3.252686684063644130e-07 3.740400232911761885e-08 5.836384064029094245e-07
1.555000000000124283e+00 3.042361861874642318e-07 3.533985181070836907e-08 5.523188421378826105e-07
1.560000000000124620e+00 2.815643526183735963e-07 3.335726446146656421e-08 5.221709004728618129e-07
1.565000000000125180e+00 2.632854529737257198e-07 3.151999674130296527e-08 4.942006057338866460e-07
1.570000000000125517e+00 2.434193505773199914e-07 2.974434714226906627e-08 4.671046662230870168e-07
1.575000000000125855e+00 2.274932770903419764e-07 2.810245633036137386e-08 4.420226248401424131e-07
1.580000000000126414e+00 2.100451937210130640e-07 2.650676238228039905e-08 4.175852661898047861e-07
1.585000000000126752e+00 1.961602983865395944e-07 2.503652926384914828e-08 3.950469340627832757e-07
1.590000000000127089e+00 1.808049184902648176e-07 2.359827256965645235e-08 3.729397829902040739e-07
1.595000000000127427e+00 1.686983076059459778e-07 2.227986022556840429e-08 3.526571911725445394e-07
1.600000000000127987e+00 1.573002226507968774e-07 2.102755748413298277e-08 3.333563703153886179e-07
1.605000000000128324e+00 1.446046610514439948e-07 1.979616386730389132e-08 3.143246908001200715e-07
1.610000000000128662e+00 1.346699638348885849e-07 1.867147445905999222e-08 2.969282313595860675e-07
1.615000000000129221e+00 1.253228427865565940e-07 1.760299017103336816e-08 2.803707144533803254e-07
1.620000000000129559e+00 1.148071143044526457e-07 1.654495691454445046e-08 2.639265533662619677e-07
1.625000000000129896e+00 1.066742726255182410e-07 1.558531799495792294e-08 2.490016867285803603e-07
1.630000000000130234e+00 9.903023403679723791e-08 1.467378420325569879e-08 2.347987976431176418e-07
1.635000000000130793e+00 9.031579261352712571e-08 1.376263113978655739e-08 2.205567163002068827e-07
1.640000000000131131e+00 8.368795607163352396e-08 1.294516663741813997e-08 2.077731900721466580e-07
1.645000000000131468e+00 7.746667979315528750e-08 1.216889443847725818e-08 1.956113333606143320e-07
1.650000000000132028e+00 7.163443036918604944e-08 1.143256033594976010e-08 1.840540645843953294e-07
1.655000000000132365e+00 6.616871530914194589e-08 1.073398973104459832e-08 1.730693302541520559e-07
1.660000000000132703e+00 5.984684441463720894e-08 1.002849384903572078e-08 1.619383444408578927e-07
1.665000000000133040e+00 5.513647036013386751e-08 9.403287224714631836e-09 1.520711251857598732e-07
1.670000000000133600e+00 5.073014226503302642e-08 8.810540824997822769e-09 1.426989383247608357e-07
1.675000000000133937e+00 4.660528934104299536e-08 8.247811904102221988e-09 1.337845900719379241e-07
1.680000000000134275e+00 4.275005622410662753e-08 7.714193741807050832e-09 1.253155952475841788e-07
1.685000000000134612e+00 3.914872092452608456e-08 7.208168742896255568e-09 1.172694358859502656e-07
1.690000000000135172e+00 3.486749704965787571e-08 6.685821484491887636e-09 1.089326496190623913e-07
1.695000000000135509e+00 3.178342547628221962e-08 6.232307136188545749e-09 1.016936036862774359e-07
1.700000000000135847e+00 2.890739316582720184e-08 5.802093051172956491e-09 9.481326204972982134e-08
1.705000000000136406e+00 2.622867146049334339e-08 5.394241344836759495e-09 8.827800370610808126e-08
1.710000000000136744e+00 2.373624350786022566e-08 5.007691740792360030e-09 8.207210658351540829e-08
1.715000000000137081e+00 2.141920079886179872e-08 4.641348311218064008e-09 7.617915693875591521e-08
1.720000000000137419e+00 1.926700294738687675e-08 4.294092507274684541e-09 7.058225968374843683e-08
1.725000000000137979e+00 1.726951256037838807e-08 3.964813914538231643e-09 6.526454236372263317e-08
1.730000000000138316e+00 1.541732677017854738e-08 3.652438088039450659e-09 6.020961540054265131e-08
1.735000000000138654e+00 1.370100620332652509e-08 3.355819742444287875e-09 5.539981350853814327e-08
1.740000000000139213e+00 1.211188282056469956e-08 3.073848309665912305e-09 5.081793278717022745e-08
1.745000000000139551e+00 1.064176421435190081e-08 2.805431248731764084e-09 4.644695893569585510e-08
1.750000000000139888e+00 9.283141254161949992e-09 2.549487732207990389e-09 4.226996511403374224e-08
1.755000000000140226e+00 8.028954270143434221e-09 2.304908464489941556e-09 3.826944656630668059e-08
1.760000000000140785e+00 6.872606519591627257e-09 2.070528505995585634e-09 3.442686578726490735e-08
1.765000000000141123e+00 5.807980962301521045e-09 1.845115194389439929e-09 3.072244522741390210e-08
1.770000000000141460e+00 4.829298586196424179e-09 1.627302743610755622e-09 2.713406920647050010e-08
1.775000000000142020e+00 3.931568555610387922e-09 1.415682289860885677e-09 2.363877224342292331e-08
1.780000000000142357e+00 3.111273315614584992e-09 1.209005468842770217e-09 2.021613853608296826e-08
1.785000000000142695e+00 2.367174001354628441e-09 1.006390788659589261e-09 1.685177693656186050e-08
1.790000000000143032e+00 1.701261802681081305e-09 8.075487031190779226e-10 1.354113843469061790e-08
1.795000000000143592e+00 1.119254921510848112e-09 6.128700790009663274e-10 1.029107122779561662e-08
1.800000000000143929e+00 6.336331619999520397e-10 4.247791932131643389e-10 7.142650940605438709e-09
1.805000000000144267e+00 2.569659662245946873e-10 2.436953013633527754e-10 4.103417415816185774e-09
1.810000000000144826e+00 0.000000000000000000e+00 0.000000000000000000e+00 0.000000000000000000e+00
1.815000000000145164e+00 0.000000000000000000e+00 0.000000000000000000e+00 0.000000000000000000e+00
1.820000000000145501e+00 0.000000000000000000e+00 0.000000000000000000e+00 0.000000000000000000e+00
1.825000000000145839e+00 0.000000000000000000e+00 0.000000000000000000e+00 0.000000000000000000e+00
1.830000000000146398e+00 0.000000000000000000e+00 0.000000000000000000e+00 0.000000000000000000e+00
1.835000000000146736e+00 0.000000000000000000e+00 0.000000000000000000e+00 0.000000000000000000e+00
1.840000000000147073e+00 0.000000000000000000e+00 0.000000000000000000e+00 0.000000000000000000e+00
1.845000000000147633e+00 0.000000000000000000e+00 0.000000000000000000e+00 0.000000000000000000e+00
1.850000000000147971e+00 0.000000000000000000e+00 0.000000000000000000e+00 0.000000000000000000e+00
1.855000000000148308e+00 0.000000000000000000e+00 0.000000000000000000e+00 0.000000000000000000e+00
1.860000000000148646e+00 0.000000000000000000e+00 0.000000000000000000e+00 0.000000000000000000e+00
1.865000000000149205e+00 0.000000000000000000e+00 0.000000000000000000e+00 0.000000000000000000e+00
1.870000000000149543e+00 0.000000000000000000e+00 0.000000000000000000e+00 0.000000000000000000e+00
1.875000000000149880e+00 0.000000000000000000e+00 0.000000000000000000e+00 0.000000000000000000e+00
1.880000000000150218e+00 0.000000000000000000e+00 0.000000000000000000e+00 0.000000000000000000e+00
1.885000000000150777e+00 0.000000000000000000e+00 0.000000000000000000e+00 0.000000000000000000e+00
1.890000000000151115e+00 0.000000000000000000e+00 0.000000000000000000e+00 0.000000000000000000e+00
1.895000000000151452e+00 0.000000000000000000e+00 0.000000000000000000e+00 0.000000000000000000e+00
1.900000000000152012e+00 0.000000000000000000e+00 0.000000000000000000e+00 0.000000000000000000e+00
1.905000000000152349e+00 0.000000000000000000e+00 0.000000000000000000e+00 0.000000000000000000e+00
1.910000000000152687e+00 0.000000000000000000e+00 0.000000000000000000e+00 0.000000000000000000e+00
1.915000000000153024e+00 0.000000000000000000e+00 0.000000000000000000e+00 0.000000000000000000e+00
1.920000000000153584e+00 0.000000000000000000e+00 0.000000000000000000e+00 0.000000000000000000e+00
1.925000000000153921e+00 0.000000000000000000e+00 0.000000000000000000e+00 0.000000000000000000e+00
1.930000000000154259e+00 0.000000000000000000e+00 0.000000000000000000e+00 0.000000000000000000e+00
1.935000000000154818e+00 0.000000000000000000e+00 0.000000000000000000e+00 0.000000000000000000e+00
1.940000000000155156e+00 0.000000000000000000e+00 0.000000000000000000e+00 0.000000000000000000e+00
1.945000000000155493e+00 0.000000000000000000e+00 0.000000000000000000e+00 0.000000000000000000e+00
1.950000000000155831e+00 0.000000000000000000e+00 0.000000000000000000e+00 0.000000000000000000e+00
1.955000000000156390e+00 0.000000000000000000e+00 0.000000000000000000e+00 0.000000000000000000e+00
1.960000000000156728e+00 0.000000000000000000e+00 0.000000000000000000e+00 0.000000000000000000e+00
1.965000000000157065e+00 0.000000000000000000e+00 0.000000000000000000e+00 0.000000000000000000e+00
1.970000000000157625e+00 0.000000000000000000e+00 0.000000000000000000e+00 0.000000000000000000e+00
1.975000000000157963e+00 0.000000000000000000e+00 0.000000000000000000e+00 0.000000000000000000e+00
1.980000000000158300e+00 0.000000000000000000e+00 0.000000000000000000e+00 0.000000000000000000e+00
1.985000000000158638e+00 0.000000000000000000e+00 0.000000000000000000e+00 0.000000000000000000e+00
1.990000000000159197e+00 0.000000000000000000e+00 0.000000000000000000e+00 0.000000000000000000e+00
1.995000000000159535e+00 0.000000000000000000e+00 0.000000000000000000e+00 0.000000000000000000e+00
2.000000000000159872e+00 0.000000000000000000e+00 0.000000000000000000e+00 0.000000000000000000e+00
2.005000000000160210e+00 0.000000000000000000e+00 0.000000000000000000e+00 0.000000000000000000e+00
2.010000000000160547e+00 0.000000000000000000e+00 0.000000000000000000e+00 0.000000000000000000e+00
2.015000000000161329e+00 0.000000000000000000e+00 0.000000000000000000e+00 0.000000000000000000e+00
2.020000000000161666e+00 0.000000000000000000e+00 0.000000000000000000e+00 0.000000000000000000e+00
2.025000000000162004e+00 0.000000000000000000e+00 0.000000000000000000e+00 0.000000000000000000e+00
2.030000000000162341e+00 0.000000000000000000e+00 0.000000000000000000e+00 0.000000000000000000e+00
2.035000000000162679e+00 0.000000000000000000e+00 0.000000000000000000e+00 0.000000000000000000e+00
2.040000000000163016e+00 0.000000000000000000e+00 0.000000000000000000e+00 0.000000000000000000e+00
2.045000000000163354e+00 0.000000000000000000e+00 0.000000000000000000e+00 0.000000000000000000e+00
2.050000000000164135e+00 0.000000000000000000e+00 0.000000000000000000e+00 0.000000000000000000e+00
2.055000000000164473e+00 0.000000000000000000e+00 0.000000000000000000e+00 0.000000000000000000e+00
2.060000000000164810e+00 0.000000000000000000e+00 0.000000000000000000e+00 0.000000000000000000e+00
2.065000000000165148e+00 0.000000000000000000e+00 0.000000000000000000e+00 0.000000000000000000e+00
2.070000000000165485e+00 0.000000000000000000e+00 0.000000000000000000e+00 0.000000000000000000e+00
2.075000000000165823e+00 0.000000000000000000e+00 0.000000000000000000e+00 0.000000000000000000e+00
2.080000000000166160e+00 0.000000000000000000e+00 0.000000000000000000e+00 0.000000000000000000e+00
2.085000000000166498e+00 0.000000000000000000e+00 0.000000000000000000e+00 0.000000000000000000e+00
2.090000000000167280e+00 0.000000000000000000e+00 0.000000000000000000e+00 0.000000000000000000e+00
2.095000000000167617e+00 0.000000000000000000e+00 0.000000000000000000e+00 0.000000000000000000e+00
2.100000000000167955e+00 0.000000000000000000e+00 0.000000000000000000e+00 0.000000000000000000e+00
2.105000000000168292e+00 0.000000000000000000e+00 0.000000000000000000e+00 0.000000000000000000e+00
2.110000000000168630e+00 0.000000000000000000e+00 0.000000000000000000e+00 0.000000000000000000e+00
2.115000000000168967e+00 0.000000000000000000e+00 0.000000000000000000e+00 0.000000000000000000e+00
2.120000000000169305e+00 0.000000000000000000e+00 0.000000000000000000e+00 0.000000000000000000e+00
2.125000000000170086e+00 0.000000000000000000e+00 0.000000000000000000e+00 0.000000000000000000e+00
2.130000000000170424e+00 0.000000000000000000e+00 0.000000000000000000e+00 0.000000000000000000e+00
2.135000000000170761e+00 0.000000000000000000e+00 0.000000000000000000e+00 0.000000000000000000e+00
2.140000000000171099e+00 0.000000000000000000e+00 0.000000000000000000e+00 0.000000000000000000e+00
2.145000000000171436e+00 0.000000000000000000e+00 0.000000000000000000e+00 0.000000000000000000e+00
2.150000000000171774e+00 0.000000000000000000e+00 0.000000000000000000e+00 0.000000000000000000e+00
2.155000000000172111e+00 0.000000000000000000e+00 0.000000000000000000e+00 0.000000000000000000e+00
2.160000000000172893e+00 0.000000000000000000e+00 0.000000000000000000e+00 0.000000000000000000e+00
2.165000000000173230e+00 0.000000000000000000e+00 0.000000000000000000e+00 0.000000000000000000e+00
2.170000000000173568e+00 0.000000000000000000e+00 0.000000000000000000e+00 0.000000000000000000e+00
2.175000000000173905e+00 0.000000000000000000e+00 0.000000000000000000e+00 0.000000000000000000e+00
2.180000000000174243e+00 0.000000000000000000e+00 0.000000000000000000e+00 0.000000000000000000e+00
2.185000000000174580e+00 0.000000000000000000e+00 0.000000000000000000e+00 0.000000000000000000e+00
2.190000000000174918e+00 0.000000000000000000e+00 0.000000000000000000e+00 0.000000000000000000e+00
2.195000000000175699e+00 0.000000000000000000e+00 0.000000000000000000e+00 0.000000000000000000e+00
2.200000000000176037e+00 0.000000000000000000e+00 0.000000000000000000e+00 0.000000000000000000e+00
2.205000000000176374e+00 0.000000000000000000e+00 0.000000000000000000e+00 0.000000000000000000e+00
2.210000000000176712e+00 0.000000000000000000e+00 0.000000000000000000e+00 0.000000000000000000e+00
2.215000000000177049e+00 0.000000000000000000e+00 0.000000000000000000e+00 0.000000000000000000e+00
2.220000000000177387e+00 0.000000000000000000e+00 0.000000000000000000e+00 0.000000000000000000e+00
2.225000000000177725e+00 0.000000000000000000e+00 0.000000000000000000e+00 0.000000000000000000e+00
2.230000000000178506e+00 0.000000000000000000e+00 0.000000000000000000e+00 0.000000000000000000e+00
2.235000000000178844e+00 0.000000000000000000e+00 0.000000000000000000e+00 0.000000000000000000e+00
2.240000000000179181e+00 0.000000000000000000e+00 0.000000000000000000e+00 0.000000000000000000e+00
2.245000000000179519e+00 0.000000000000000000e+00 0.000000000000000000e+00 0.000000000000000000e+00
2.250000000000179856e+00 0.000000000000000000e+00 0.000000000000000000e+00 0.000000000000000000e+00
2.255000000000180194e+00 0.000000000000000000e+00 0.000000000000000000e+00 0.000000000000000000e+00
2.260000000000180531e+00 0.000000000000000000e+00 0.000000000000000000e+00 0.000000000000000000e+00
2.265000000000181313e+00 0.000000000000000000e+00 0.000000000000000000e+00 0.000000000000000000e+00
2.270000000000181650e+00 0.000000000000000000e+00 0.000000000000000000e+00 0.000000000000000000e+00
2.275000000000181988e+00 0.000000000000000000e+00 0.000000000000000000e+00 0.000000000000000000e+00
2.280000000000182325e+00 0.000000000000000000e+00 0.000000000000000000e+00 0.000000000000000000e+00
2.285000000000182663e+00 0.000000000000000000e+00 0.000000000000000000e+00 0.000000000000000000e+00
2.290000000000183000e+00 0.000000000000000000e+00 0.000000000000000000e+00 0.000000000000000000e+00
2.295000000000183338e+00 0.000000000000000000e+00 0.000000000000000000e+00 0.000000000000000000e+00
2.300000000000184119e+00 0.000000000000000000e+00 0.000000000000000000e+00 0.000000000000000000e+00
2.305000000000184457e+00 0.000000000000000000e+00 0.000000000000000000e+00 0.000000000000000000e+00
2.310000000000184794e+00 0.000000000000000000e+00 0.000000000000000000e+00 0.000000000000000000e+00
2.315000000000185132e+00 0.000000000000000000e+00 0.000000000000000000e+00 0.000000000000000000e+00
2.320000000000185469e+00 0.000000000000000000e+00 0.000000000000000000e+00 0.000000000000000000e+00
2.325000000000185807e+00 0.000000000000000000e+00 0.000000000000000000e+00 0.000000000000000000e+00
2.330000000000186144e+00 0.000000000000000000e+00 0.000000000000000000e+00 0.000000000000000000e+00
2.335000000000186926e+00 0.000000000000000000e+00 0.000000000000000000e+00 0.000000000000000000e+00
2.340000000000187264e+00 0.000000000000000000e+00 0.000000000000000000e+00 0.000000000000000000e+00
2.345000000000187601e+00 0.000000000000000000e+00 0.000000000000000000e+00 0.000000000000000000e+00
2.350000000000187939e+00 0.000000000000000000e+00 0.000000000000000000e+00 0.000000000000000000e+00
2.355000000000188276e+00 0.000000000000000000e+00 0.000000000000000000e+00 0.000000000000000000e+00
2.360000000000188614e+00 0.000000000000000000e+00 0.000000000000000000e+00 0.000000000000000000e+00
2.365000000000188951e+00 0.000000000000000000e+00 0.000000000000000000e+00 0.000000000000000000e+00
2.370000000000189733e+00 0.000000000000000000e+00 0.000000000000000000e+00 0.000000000000000000e+00
2.375000000000190070e+00 0.000000000000000000e+00 0.000000000000000000e+00 0.000000000000000000e+00
2.380000000000190408e+00 0.000000000000000000e+00 0.000000000000000000e+00 0.000000000000000000e+00
2.385000000000190745e+00 0.000000000000000000e+00 0.000000000000000000e+00 0.000000000000000000e+00
2.390000000000191083e+00 0.000000000000000000e+00 0.000000000000000000e+00 0.000000000000000000e+00
2.395000000000191420e+00 0.000000000000000000e+00 0.000000000000000000e+00 0.000000000000000000e+00
2.400000000000191758e+00 0.000000000000000000e+00 0.000000000000000000e+00 0.000000000000000000e+00
2.405000000000192539e+00 0.000000000000000000e+00 0.000000000000000000e+00 0.000000000000000000e+00
2.410000000000192877e+00 0.000000000000000000e+00 0.000000000000000000e+00 0.000000000000000000e+00
2.415000000000193214e+00 0.000000000000000000e+00 0.000000000000000000e+00 0.000000000000000000e+00
2.420000000000193552e+00 0.000000000000000000e+00 0.000000000000000000e+00 0.000000000000000000e+00
2.425000000000193889e+00 0.000000000000000000e+00 0.000000000000000000e+00 0.000000000000000000e+00
2.430000000000194227e+00 0.000000000000000000e+00 0.000000000000000000e+00 0.000000000000000000e+00
2.435000000000194564e+00 0.000000000000000000e+00 0.000000000000000000e+00 0.000000000000000000e+00
2.440000000000194902e+00 0.000000000000000000e+00 0.000000000000000000e+00 0.000000000000000000e+00
2.445000000000195683e+00 0.000000000000000000e+00 0.000000000000000000e+00 0.000000000000000000e+00
2.450000000000196021e+00 0.000000000000000000e+00 0.000000000000000000e+00 0.000000000000000000e+00
2.455000000000196358e+00 0.000000000000000000e+00 0.000000000000000000e+00 0.000000000000000000e+00
2.460000000000196696e+00 0.000000000000000000e+00 0.000000000000000000e+00 0.000000000000000000e+00
2.465000000000197034e+00 0.000000000000000000e+00 0.000000000000000000e+00 0.000000000000000000e+00
2.470000000000197371e+00 0.000000000000000000e+00 0.000000000000000000e+00 0.000000000000000000e+00
2.475000000000197709e+00 0.000000000000000000e+00 0.000000000000000000e+00 0.000000000000000000e+00
2.480000000000198490e+00 0.000000000000000000e+00 0.000000000000000000e+00 0.000000000000000000e+00
2.485000000000198828e+00 0.000000000000000000e+00 0.000000000000000000e+00 0.000000000000000000e+00
2.490000000000199165e+00 0.000000000000000000e+00 0.000000000000000000e+00 0.000000000000000000e+00
2.495000000000199503e+00 0.000000000000000000e+00 0.000000000000000000e+00 0.000000000000000000e+00
2.500000000000199840e+00 0.000000000000000000e+00 0.000000000000000000e+00 0.000000000000000000e+00
2.505000000000200178e+00 0.000000000000000000e+00 0.000000000000000000e+00 0.000000000000000000e+00
2.510000000000200515e+00 0.000000000000000000e+00 0.000000000000000000e+00 0.000000000000000000e+00
2.515000000000201297e+00 0.000000000000000000e+00 0.000000000000000000e+00 0.000000000000000000e+00
2.520000000000201634e+00 0.000000000000000000e+00 0.000000000000000000e+00 0.000000000000000000e+00
2.525000000000201972e+00 0.000000000000000000e+00 0.000000000000000000e+00 0.000000000000000000e+00
2.530000000000202309e+00 0.000000000000000000e+00 0.000000000000000000e+00 0.000000000000000000e+00
2.535000000000202647e+00 0.000000000000000000e+00 0.000000000000000000e+00 0.000000000000000000e+00
2.540000000000202984e+00 0.000000000000000000e+00 0.000000000000000000e+00 0.000000000000000000e+00
2.545000000000203322e+00 0.000000000000000000e+00 0.000000000000000000e+00 0.000000000000000000e+00
2.550000000000204103e+00 0.000000000000000000e+00 0.000000000000000000e+00 0.000000000000000000e+00
2.555000000000204441e+00 0.000000000000000000e+00 0.000000000000000000e+00 0.000000000000000000e+00
2.560000000000204778e+00 0.000000000000000000e+00 0.000000000000000000e+00 0.000000000000000000e+00
